episode,step,sim_time,agent_id,policy_head,chosen_action,active_mask,n_valid,max_logit,min_logit,logit_gap_top2,entropy,max_prob,logit_a0,logit_a1,logit_a2,logit_a3,logit_a4,logit_a5,logit_a6,logit_a7
0,0,0.000000,agent_0,actor_logits,0,1,2,1.750134,-2.708004,4.458138,0.062569,0.988549,1.750134,-2.708004,,,,,,
0,0,0.000000,agent_1,actor_logits,3,1,4,4.275782,-4.192782,0.598823,0.658950,0.644635,3.676959,-2.163707,-4.192782,4.275782,,,,
0,0,0.000000,agent_2,actor_logits,3,1,4,4.275782,-4.192782,0.598823,0.658950,0.644635,3.676959,-2.163707,-4.192782,4.275782,,,,
0,0,0.000000,agent_3,actor_logits,3,1,4,4.275782,-4.192782,0.598823,0.658950,0.644635,3.676959,-2.163707,-4.192782,4.275782,,,,
0,0,0.000000,agent_4,actor_logits,3,1,4,4.275782,-4.192782,0.598823,0.658950,0.644635,3.676959,-2.163707,-4.192782,4.275782,,,,
0,0,0.000000,agent_5,actor_logits,3,1,4,4.275782,-4.192782,0.598823,0.658950,0.644635,3.676959,-2.163707,-4.192782,4.275782,,,,
0,2,2.000000,agent_0,actor_logits,0,1,3,8.712852,-10.546273,11.830924,0.000093,0.999993,8.712852,-3.118073,-10.546273,,,,,
0,2,2.000000,agent_1,actor_logits,0,1,4,9.283766,-10.214175,1.782147,0.412253,0.855960,9.283766,-3.726804,-10.214175,7.501619,,,,
0,2,2.000000,agent_2,actor_logits,0,1,4,9.283766,-10.214175,1.782147,0.412253,0.855960,9.283766,-3.726804,-10.214175,7.501619,,,,
0,2,2.000000,agent_3,actor_logits,0,1,4,9.283766,-10.214175,1.782147,0.412253,0.855960,9.283766,-3.726804,-10.214175,7.501619,,,,
0,2,2.000000,agent_4,actor_logits,0,1,4,9.283766,-10.214175,1.782147,0.412253,0.855960,9.283766,-3.726804,-10.214175,7.501619,,,,
0,2,2.000000,agent_5,actor_logits,0,1,3,9.015912,-10.135222,13.051483,0.000030,0.999998,9.015912,-4.035571,-10.135222,,,,,
0,4,4.000000,agent_0,actor_logits,0,1,2,2.494239,-0.016915,2.511154,0.266585,0.924920,2.494239,-0.016915,,,,,,
0,4,4.000000,agent_1,actor_logits,3,1,4,7.876810,-10.040870,4.281576,0.084309,0.984723,3.595234,1.495948,-10.040870,7.876810,,,,
0,4,4.000000,agent_2,actor_logits,3,1,4,8.646394,-11.595740,0.576625,0.653459,0.640279,8.069769,-1.802688,-11.595740,8.646394,,,,
0,4,4.000000,agent_3,actor_logits,3,1,4,8.646394,-11.595740,0.576625,0.653459,0.640279,8.069769,-1.802688,-11.595740,8.646394,,,,
0,4,4.000000,agent_4,actor_logits,3,1,4,8.646394,-11.595740,0.576625,0.653459,0.640279,8.069769,-1.802688,-11.595740,8.646394,,,,
0,4,4.000000,agent_5,actor_logits,3,1,4,8.457970,-11.825717,0.017014,0.693308,0.504245,8.440956,-1.811011,-11.825717,8.457970,,,,
0,6,6.000000,agent_0,actor_logits,0,1,3,10.263895,-11.435867,13.089073,0.000029,0.999998,10.263895,-2.825178,-11.435867,,,,,
0,6,6.000000,agent_1,actor_logits,0,1,4,8.756479,-10.080455,2.843277,0.213207,0.944959,8.756479,-2.565063,-10.080455,5.913203,,,,
0,6,6.000000,agent_2,actor_logits,0,1,4,9.162502,-11.534616,3.006512,0.190295,0.952841,9.162502,-1.291708,-11.534616,6.155991,,,,
0,6,6.000000,agent_3,actor_logits,0,1,4,9.162502,-11.534616,3.006512,0.190295,0.952841,9.162502,-1.291708,-11.534616,6.155991,,,,
0,6,6.000000,agent_4,actor_logits,0,1,4,9.162502,-11.534616,3.006512,0.190295,0.952841,9.162502,-1.291708,-11.534616,6.155991,,,,
0,6,6.000000,agent_5,actor_logits,0,1,3,7.807025,-9.489247,10.019696,0.000491,0.999956,7.807025,-2.212671,-9.489247,,,,,
0,8,8.000000,agent_0,actor_logits,0,1,2,3.660542,0.089232,3.571311,0.125406,0.972650,3.660542,0.089232,,,,,,
0,8,8.000000,agent_1,actor_logits,3,1,4,4.097706,-7.639593,1.631742,0.786326,0.720466,2.449498,2.465964,-7.639593,4.097706,,,,
0,8,8.000000,agent_2,actor_logits,0,1,4,9.866840,-11.012746,2.477314,0.272556,0.922534,9.866840,-3.307977,-11.012746,7.389526,,,,
0,8,8.000000,agent_3,actor_logits,0,1,4,9.866840,-11.012746,2.477314,0.272556,0.922534,9.866840,-3.307977,-11.012746,7.389526,,,,
0,8,8.000000,agent_4,actor_logits,0,1,4,9.866840,-11.012746,2.477314,0.272556,0.922534,9.866840,-3.307977,-11.012746,7.389526,,,,
0,8,8.000000,agent_5,actor_logits,0,1,4,10.412739,-10.990374,3.169433,0.169009,0.959667,10.412739,-3.796030,-10.990374,7.243306,,,,
0,10,10.000000,agent_0,actor_logits,0,1,3,10.113424,-11.402928,12.746233,0.000040,0.999997,10.113424,-2.632808,-11.402928,,,,,
0,10,10.000000,agent_1,actor_logits,0,1,4,7.503531,-9.375761,1.926673,0.381353,0.872841,7.503531,-2.369144,-9.375761,5.576858,,,,
0,10,10.000000,agent_2,actor_logits,0,1,4,8.924381,-9.503350,3.597423,0.123060,0.973327,8.924381,-9.503350,-2.660438,5.326958,,,,
0,10,10.000000,agent_3,actor_logits,0,1,4,8.924381,-9.503350,3.597423,0.123060,0.973327,8.924381,-9.503350,-2.660438,5.326958,,,,
0,10,10.000000,agent_4,actor_logits,0,1,4,8.924381,-9.503350,3.597423,0.123060,0.973327,8.924381,-9.503350,-2.660438,5.326958,,,,
0,10,10.000000,agent_5,actor_logits,0,1,4,9.451141,-9.422253,4.218692,0.075848,0.985492,9.451141,-9.422253,-3.078888,5.232450,,,,
0,12,12.000000,agent_0,actor_logits,0,1,2,0.700005,-2.263186,2.963192,0.195906,0.950883,0.700005,-2.263186,,,,,,
0,12,12.000000,agent_1,actor_logits,1,1,4,5.370199,-4.249525,6.241550,0.026371,0.996438,-1.091555,5.370199,-4.249525,-0.871351,,,,
0,12,12.000000,agent_2,actor_logits,0,1,3,1.538725,-9.600599,0.323845,0.680309,0.580256,1.538725,1.214879,-9.600599,,,,,
0,12,12.000000,agent_3,actor_logits,3,1,4,8.471861,-6.708388,0.584143,0.652254,0.642020,7.887718,-6.708388,-6.174830,8.471861,,,,
0,12,12.000000,agent_4,actor_logits,3,1,4,8.471861,-6.708388,0.584143,0.652254,0.642020,7.887718,-6.708388,-6.174830,8.471861,,,,
0,12,12.000000,agent_5,actor_logits,3,1,4,8.247816,-6.785709,0.103884,0.691807,0.525947,8.143932,-6.785709,-6.209245,8.247816,,,,
0,14,14.000000,agent_0,actor_logits,0,1,3,8.284451,-16.439379,5.904520,0.018782,0.997280,8.284451,2.379931,-16.439379,,,,,
0,14,14.000000,agent_1,actor_logits,0,1,3,7.280117,-7.290826,14.256008,0.000017,0.999999,7.280117,-6.975892,-7.290826,,,,,
0,14,14.000000,agent_2,actor_logits,0,1,3,4.200356,-15.157709,0.478615,0.665313,0.617421,4.200356,3.721741,-15.157709,,,,,
0,14,14.000000,agent_3,actor_logits,3,1,4,10.737622,-11.266816,4.168776,0.078910,0.984761,6.568846,-1.878631,-11.266816,10.737622,,,,
0,14,14.000000,agent_4,actor_logits,3,1,4,10.737622,-11.266816,4.168776,0.078910,0.984761,6.568846,-1.878631,-11.266816,10.737622,,,,
0,14,14.000000,agent_5,actor_logits,3,1,4,10.775647,-7.260365,5.558271,0.025200,0.996159,5.217376,-4.297355,-7.260365,10.775647,,,,
0,16,16.000000,agent_0,actor_logits,1,1,2,3.811403,-3.130301,6.941703,0.007670,0.999034,-3.130301,3.811403,,,,,,
0,16,16.000000,agent_1,actor_logits,1,1,2,6.140621,-2.134479,8.275100,0.002363,0.999745,-2.134479,6.140621,,,,,,
0,16,16.000000,agent_2,actor_logits,1,1,2,4.396390,-7.882054,12.278444,0.000062,0.999995,-7.882054,4.396390,,,,,,
0,16,16.000000,agent_3,actor_logits,3,1,4,12.338194,-14.517941,6.673563,0.009942,0.998716,1.601610,5.664631,-14.517941,12.338194,,,,
0,16,16.000000,agent_4,actor_logits,3,1,4,12.338194,-14.517941,6.673563,0.009942,0.998716,1.601610,5.664631,-14.517941,12.338194,,,,
0,16,16.000000,agent_5,actor_logits,3,1,4,12.419692,-9.705635,10.008255,0.000549,0.999951,-0.015924,2.411437,-9.705635,12.419692,,,,
0,18,18.000000,agent_0,actor_logits,0,1,3,6.257314,-11.346297,6.221115,0.014322,0.998017,6.257314,0.036198,-11.346297,,,,,
0,18,18.000000,agent_1,actor_logits,0,1,3,7.473300,-12.271223,7.084083,0.006772,0.999162,7.473300,0.389217,-12.271223,,,,,
0,18,18.000000,agent_2,actor_logits,0,1,3,5.611001,-12.228298,4.254015,0.073698,0.985992,5.611001,1.356986,-12.228298,,,,,
0,18,18.000000,agent_3,actor_logits,3,1,4,9.286947,-18.700312,2.533090,0.448156,0.880107,6.418932,6.753857,-18.700312,9.286947,,,,
0,18,18.000000,agent_4,actor_logits,3,1,4,9.286947,-18.700312,2.533090,0.448156,0.880107,6.418932,6.753857,-18.700312,9.286947,,,,
0,18,18.000000,agent_5,actor_logits,1,1,3,4.456395,-14.380240,0.028300,0.693047,0.507075,4.428095,4.456395,-14.380240,,,,,
0,20,20.000000,agent_0,actor_logits,0,1,2,3.127893,1.914684,1.213210,0.538227,0.770866,3.127893,1.914684,,,,,,
0,20,20.000000,agent_1,actor_logits,0,1,2,3.452239,1.335670,2.116569,0.341250,0.892503,3.452239,1.335670,,,,,,
0,20,20.000000,agent_2,actor_logits,0,1,2,3.522620,2.625144,0.897476,0.601766,0.710430,3.522620,2.625144,,,,,,
0,20,20.000000,agent_3,actor_logits,1,1,4,11.845337,-17.501608,3.236916,0.160983,0.962193,0.087250,11.845337,-17.501608,8.608421,,,,
0,20,20.000000,agent_4,actor_logits,1,1,3,11.078306,-17.374594,10.565446,0.000298,0.999974,0.512861,11.078306,-17.374594,,,,,
0,20,20.000000,agent_5,actor_logits,1,1,3,11.808539,-19.326267,9.466817,0.000810,0.999923,2.341722,11.808539,-19.326267,,,,,
0,22,22.000000,agent_0,actor_logits,1,1,3,10.063456,-16.890326,7.749028,0.003771,0.999569,2.314428,10.063456,-16.890326,,,,,
0,22,22.000000,agent_1,actor_logits,1,1,3,9.674559,-16.577114,7.210917,0.006059,0.999262,2.463642,9.674559,-16.577114,,,,,
0,22,22.000000,agent_2,actor_logits,1,1,3,10.110783,-17.299479,7.566309,0.004432,0.999483,2.544473,10.110783,-17.299479,,,,,
0,22,22.000000,agent_3,actor_logits,3,1,4,9.693488,-15.903289,0.930212,0.596259,0.717076,0.299092,8.763276,-15.903289,9.693488,,,,
0,22,22.000000,agent_4,actor_logits,1,1,3,8.807441,-16.861937,7.570495,0.004415,0.999485,1.236946,8.807441,-16.861937,,,,,
0,22,22.000000,agent_5,actor_logits,1,1,3,9.493932,-19.312033,5.468549,0.027174,0.995800,4.025383,9.493932,-19.312033,,,,,
0,24,24.000000,agent_0,actor_logits,1,1,3,9.649392,-15.445539,8.373344,0.002164,0.999769,1.276048,9.649392,-15.445539,,,,,
0,24,24.000000,agent_1,actor_logits,1,1,3,9.650658,-15.357617,8.463837,0.001996,0.999789,1.186821,9.650658,-15.357617,,,,,
0,24,24.000000,agent_2,actor_logits,1,1,3,9.334400,-15.398324,7.608771,0.004269,0.999504,1.725629,9.334400,-15.398324,,,,,
0,24,24.000000,agent_3,actor_logits,1,1,3,10.104364,-18.983957,6.498915,0.011271,0.998497,3.605449,10.104364,-18.983957,,,,,
0,24,24.000000,agent_4,actor_logits,1,1,3,9.848946,-19.451754,5.363758,0.029675,0.995339,4.485188,9.848946,-19.451754,,,,,
0,24,24.000000,agent_5,actor_logits,1,1,3,9.690284,-20.934916,2.906796,0.203836,0.948181,6.783488,9.690284,-20.934916,,,,,
0,26,26.000000,agent_0,actor_logits,1,1,3,7.293378,-16.998375,1.825684,0.402694,0.861247,5.467694,7.293378,-16.998375,,,,,
0,26,26.000000,agent_1,actor_logits,1,1,3,7.469381,-17.049660,2.234221,0.317814,0.903281,5.235160,7.469381,-17.049660,,,,,
0,26,26.000000,agent_2,actor_logits,1,1,3,7.147874,-17.048607,1.339421,0.510767,0.792395,5.808453,7.147874,-17.048607,,,,,
0,26,26.000000,agent_3,actor_logits,1,1,3,9.736261,-21.697016,2.716182,0.232504,0.937975,7.020079,9.736261,-21.697016,,,,,
0,26,26.000000,agent_4,actor_logits,1,1,3,9.543922,-21.711695,2.230993,0.318445,0.902998,7.312930,9.543922,-21.711695,,,,,
0,26,26.000000,agent_5,actor_logits,1,1,3,9.183186,-22.132940,0.751040,0.627317,0.679405,8.432146,9.183186,-22.132940,,,,,
0,28,28.000000,agent_0,actor_logits,1,1,3,6.104023,-15.843036,0.324419,0.680162,0.580401,5.779604,6.104023,-15.843036,,,,,
0,28,28.000000,agent_1,actor_logits,1,1,3,6.325039,-15.920753,0.805973,0.618096,0.691251,5.519066,6.325039,-15.920753,,,,,
0,28,28.000000,agent_2,actor_logits,1,1,3,6.054286,-15.937875,0.054408,0.692777,0.513599,5.999877,6.054286,-15.937875,,,,,
0,28,28.000000,agent_3,actor_logits,0,1,2,6.818256,-0.081963,6.900220,0.007952,0.998993,6.818256,-0.081963,,,,,,
0,28,28.000000,agent_4,actor_logits,0,1,2,7.022426,-0.200590,7.223016,0.005995,0.999271,7.022426,-0.200590,,,,,,
0,28,28.000000,agent_5,actor_logits,0,1,2,8.178225,-0.485585,8.663809,0.001669,0.999827,8.178225,-0.485585,,,,,,
0,30,30.000000,agent_0,actor_logits,0,1,3,5.874002,-15.306114,0.110271,0.691630,0.527540,5.874002,5.763731,-15.306114,,,,,
0,30,30.000000,agent_1,actor_logits,1,1,3,5.963938,-15.381227,0.283375,0.683209,0.570374,5.680563,5.963938,-15.381227,,,,,
0,30,30.000000,agent_2,actor_logits,0,1,3,5.980992,-15.394872,0.236053,0.686230,0.558741,5.980992,5.744939,-15.394872,,,,,
0,30,30.000000,agent_3,actor_logits,0,1,3,10.229115,-22.244846,1.543809,0.465246,0.824018,10.229115,8.685306,-22.244846,,,,,
0,30,30.000000,agent_4,actor_logits,0,1,3,10.194997,-22.193789,1.512765,0.472195,0.819471,10.194997,8.682232,-22.193789,,,,,
0,30,30.000000,agent_5,actor_logits,0,1,3,10.350352,-22.356352,1.495568,0.476043,0.816913,10.350352,8.854784,-22.356352,,,,,
0,32,32.000000,agent_0,actor_logits,0,1,3,8.949489,-10.988486,11.745974,0.000101,0.999992,8.949489,-2.796485,-10.988486,,,,,
0,32,32.000000,agent_1,actor_logits,1,1,3,5.843332,-14.344860,1.124626,0.556949,0.754846,4.718706,5.843332,-14.344860,,,,,
0,32,32.000000,agent_2,actor_logits,0,1,3,8.928259,-11.052178,11.649857,0.000110,0.999991,8.928259,-2.721597,-11.052178,,,,,
0,32,32.000000,agent_3,actor_logits,1,1,3,9.782623,-21.891935,2.022779,0.360565,0.883168,7.759845,9.782623,-21.891935,,,,,
0,32,32.000000,agent_4,actor_logits,1,1,3,9.795187,-21.818094,2.118737,0.340810,0.892711,7.676450,9.795187,-21.818094,,,,,
0,32,32.000000,agent_5,actor_logits,1,1,3,9.878879,-21.927004,2.062066,0.352410,0.887161,7.816813,9.878879,-21.927004,,,,,
0,34,34.000000,agent_0,actor_logits,0,1,3,14.706240,-10.184505,22.892509,0.000000,1.000000,14.706240,-8.186270,-10.184505,,,,,
0,34,34.000000,agent_1,actor_logits,0,1,4,7.965585,-15.373621,3.070825,0.288648,0.933191,7.965585,4.285041,-15.373621,4.894760,,,,
0,34,34.000000,agent_2,actor_logits,0,1,3,14.584129,-10.145144,22.705776,0.000000,1.000000,14.584129,-8.121647,-10.145144,,,,,
0,34,34.000000,agent_3,actor_logits,0,1,4,9.501150,-11.158446,0.313017,0.681055,0.577621,9.501150,-4.515275,-11.158446,9.188133,,,,
0,34,34.000000,agent_4,actor_logits,0,1,4,9.491995,-11.133815,0.299858,0.682040,0.574408,9.491995,-4.529508,-11.133815,9.192137,,,,
0,34,34.000000,agent_5,actor_logits,0,1,4,9.767841,-11.200355,0.757848,0.626205,0.680886,9.767841,-4.629209,-11.200355,9.009994,,,,
0,36,36.000000,agent_0,actor_logits,0,1,3,2.483498,-5.581255,4.712595,0.053702,0.990790,2.483498,-2.229096,-5.581255,,,,,
0,36,36.000000,agent_1,actor_logits,0,1,3,4.877048,-11.145675,3.360756,0.146858,0.966455,4.877048,1.516292,-11.145675,,,,,
0,36,36.000000,agent_2,actor_logits,0,1,3,2.513719,-5.619053,4.729679,0.052831,0.990959,2.513719,-2.215960,-5.619053,,,,,
0,36,36.000000,agent_3,actor_logits,1,1,4,13.449037,-15.869383,8.416096,0.002094,0.999778,-0.694622,13.449037,-15.869383,5.032940,,,,
0,36,36.000000,agent_4,actor_logits,1,1,4,13.389227,-15.847473,8.375961,0.002171,0.999769,-0.639294,13.389227,-15.847473,5.013266,,,,
0,36,36.000000,agent_5,actor_logits,1,1,4,13.426198,-15.955287,8.643848,0.001713,0.999823,-0.418749,13.426198,-15.955287,4.782350,,,,
0,38,38.000000,agent_0,actor_logits,0,1,3,-0.206521,-6.339868,0.790538,0.630997,0.686922,-0.206521,-0.997059,-6.339868,,,,,
0,38,38.000000,agent_1,actor_logits,1,1,3,0.015562,-5.018020,1.436379,0.519425,0.803663,-1.420817,0.015562,-5.018020,,,,,
0,38,38.000000,agent_2,actor_logits,0,1,3,-0.160557,-6.384713,0.844067,0.621082,0.698354,-0.160557,-1.004624,-6.384713,,,,,
0,38,38.000000,agent_3,actor_logits,0,1,3,9.839436,-17.501087,7.799395,0.003606,0.999590,9.839436,2.040040,-17.501087,,,,,
0,38,38.000000,agent_4,actor_logits,0,1,3,9.877197,-17.470289,7.894330,0.003315,0.999627,9.877197,1.982868,-17.470289,,,,,
0,38,38.000000,agent_5,actor_logits,0,1,3,10.149487,-17.530092,8.296090,0.002319,0.999751,10.149487,1.853397,-17.530092,,,,,
0,40,40.000000,agent_0,actor_logits,1,1,2,1.069709,-11.431063,12.500772,0.000050,0.999996,-11.431063,1.069709,,,,,,
0,40,40.000000,agent_1,actor_logits,1,1,3,2.146192,-4.827999,5.872688,0.026717,0.996263,-3.726496,2.146192,-4.827999,,,,,
0,40,40.000000,agent_2,actor_logits,1,1,2,1.055959,-11.412896,12.468856,0.000052,0.999996,-11.412896,1.055959,,,,,,
0,40,40.000000,agent_3,actor_logits,0,1,3,4.470748,-15.169965,1.278945,0.524020,0.782270,4.470748,3.191803,-15.169965,,,,,
0,40,40.000000,agent_4,actor_logits,0,1,3,4.480578,-15.148215,1.315969,0.515924,0.788510,4.480578,3.164609,-15.148215,,,,,
0,40,40.000000,agent_5,actor_logits,0,1,3,4.761479,-15.283868,1.532533,0.467771,0.822377,4.761479,3.228946,-15.283868,,,,,
0,42,42.000000,agent_0,actor_logits,1,1,3,7.446662,-7.786650,11.454071,0.000136,0.999989,-7.786650,7.446662,-4.007410,,,,,
0,42,42.000000,agent_1,actor_logits,0,1,4,3.328403,-4.130277,2.043887,0.373788,0.883150,3.328403,1.284516,-2.786562,-4.130277,,,,
0,42,42.000000,agent_2,actor_logits,1,1,3,7.475139,-7.793208,11.495934,0.000131,0.999990,-7.793208,7.475139,-4.020794,,,,,
0,42,42.000000,agent_3,actor_logits,1,1,3,7.057148,-9.842691,11.668127,0.000109,0.999991,-9.842691,7.057148,-4.610978,,,,,
0,42,42.000000,agent_4,actor_logits,1,1,3,7.020801,-9.789632,11.625356,0.000114,0.999991,-9.789632,7.020801,-4.604555,,,,,
0,42,42.000000,agent_5,actor_logits,1,1,3,7.110357,-9.591664,11.816140,0.000096,0.999993,-9.591664,7.110357,-4.705783,,,,,
0,44,44.000000,agent_0,actor_logits,2,1,4,5.768302,-12.362722,1.923045,0.539771,0.835865,3.845257,-12.362722,5.768302,2.776649,,,,
0,44,44.000000,agent_1,actor_logits,0,1,3,7.509468,-7.120668,9.756043,0.000630,0.999942,7.509468,-7.120668,-2.246576,,,,,
0,44,44.000000,agent_2,actor_logits,2,1,4,5.773332,-12.385387,1.884249,0.541913,0.833504,3.889083,-12.385387,5.773332,2.732825,,,,
0,44,44.000000,agent_3,actor_logits,2,1,4,7.123047,-12.217762,2.775233,0.236664,0.939538,0.917121,-12.217762,7.123047,4.347815,,,,
0,44,44.000000,agent_4,actor_logits,2,1,4,7.115546,-12.185808,2.736770,0.242192,0.937446,0.874912,-12.185808,7.115546,4.378776,,,,
0,44,44.000000,agent_5,actor_logits,2,1,4,6.972857,-12.083754,2.640958,0.259948,0.931365,0.940636,-12.083754,6.972857,4.331900,,,,
0,46,46.000000,agent_0,actor_logits,0,1,4,11.920515,-13.119429,8.786081,0.001529,0.999845,11.920515,-13.119429,-1.017313,3.134434,,,,
0,46,46.000000,agent_1,actor_logits,0,1,3,7.046846,-9.461533,6.509559,0.011168,0.998513,7.046846,-9.461533,0.537287,,,,,
0,46,46.000000,agent_2,actor_logits,0,1,4,11.950339,-13.105431,8.856283,0.001436,0.999855,11.950339,-13.105431,-1.031682,3.094056,,,,
0,46,46.000000,agent_3,actor_logits,0,1,4,10.192389,-12.291182,6.621473,0.010396,0.998648,10.192389,-12.291182,-0.515923,3.570917,,,,
0,46,46.000000,agent_4,actor_logits,0,1,4,10.173132,-12.274935,6.599056,0.010600,0.998618,10.173132,-12.274935,-0.516699,3.574076,,,,
0,46,46.000000,agent_5,actor_logits,0,1,4,10.223896,-12.156517,6.692636,0.009754,0.998743,10.223896,-12.156517,-0.643180,3.531260,,,,
0,48,48.000000,agent_0,actor_logits,1,1,3,4.543826,-6.707533,9.146254,0.001241,0.999880,-6.707533,4.543826,-4.602428,,,,,
0,48,48.000000,agent_1,actor_logits,2,1,3,10.483489,-13.139366,11.716983,0.000104,0.999992,-1.233494,-13.139366,10.483489,,,,,
0,48,48.000000,agent_2,actor_logits,1,1,3,4.560646,-6.691467,9.188253,0.001201,0.999885,-6.691467,4.560646,-4.627607,,,,,
0,48,48.000000,agent_3,actor_logits,1,1,3,5.553526,-7.944292,10.324244,0.000392,0.999966,-7.944292,5.553526,-4.770717,,,,,
0,48,48.000000,agent_4,actor_logits,1,1,3,5.558631,-7.945087,10.334579,0.000388,0.999966,-7.945087,5.558631,-4.775949,,,,,
0,48,48.000000,agent_5,actor_logits,1,1,3,5.600193,-7.862798,10.535013,0.000327,0.999972,-7.862798,5.600193,-4.934821,,,,,
0,50,50.000000,agent_0,actor_logits,2,1,3,4.640253,-9.105375,5.368784,0.029566,0.995361,-9.105375,-0.728531,4.640253,,,,,
0,50,50.000000,agent_1,actor_logits,1,1,4,3.575387,-7.443210,1.342344,0.811531,0.700072,-7.443210,3.575387,2.233044,1.786680,,,,
0,50,50.000000,agent_2,actor_logits,2,1,3,4.625268,-9.091840,5.348069,0.030084,0.995264,-9.091840,-0.722801,4.625268,,,,,
0,50,50.000000,agent_3,actor_logits,2,1,3,4.039809,-9.571969,4.445533,0.063225,0.988404,-9.571969,-0.405724,4.039809,,,,,
0,50,50.000000,agent_4,actor_logits,2,1,3,4.030738,-9.569862,4.434643,0.063783,0.988279,-9.569862,-0.403905,4.030738,,,,,
0,50,50.000000,agent_5,actor_logits,2,1,3,3.952731,-9.509628,4.342074,0.068709,0.987156,-9.509628,-0.389343,3.952731,,,,,
0,52,52.000000,agent_0,actor_logits,0,1,4,2.633858,-5.655696,0.714211,0.886673,0.608170,2.633858,-5.655696,1.919647,0.765956,,,,
0,52,52.000000,agent_1,actor_logits,0,1,4,3.879824,-5.847748,2.261143,0.453535,0.873976,3.879824,-5.847748,0.658584,1.618682,,,,
0,52,52.000000,agent_2,actor_logits,0,1,4,2.650138,-5.661009,0.734024,0.880673,0.613401,2.650138,-5.661009,1.916114,0.753261,,,,
0,52,52.000000,agent_3,actor_logits,0,1,4,2.542289,-5.014287,1.057916,0.797351,0.686297,2.542289,-5.014287,1.484373,0.329482,,,,
0,52,52.000000,agent_4,actor_logits,0,1,4,2.542307,-5.006648,1.064019,0.795765,0.687551,2.542307,-5.006648,1.478288,0.324467,,,,
0,52,52.000000,agent_5,actor_logits,0,1,4,2.566290,-4.986821,1.118676,0.779702,0.699239,2.566290,-4.986821,1.447614,0.292190,,,,
0,54,54.000000,agent_0,actor_logits,1,1,3,2.290005,-4.761356,6.068729,0.023263,0.996830,-4.761356,2.290005,-3.778724,,,,,
0,54,54.000000,agent_1,actor_logits,1,1,3,2.706178,-4.202518,6.858717,0.016124,0.997955,-4.152539,2.706178,-4.202518,,,,,
0,54,54.000000,agent_2,actor_logits,1,1,3,2.299270,-4.757424,6.083328,0.023028,0.996868,-4.757424,2.299270,-3.784058,,,,,
0,54,54.000000,agent_3,actor_logits,1,1,3,3.261566,-5.263014,7.666809,0.005944,0.999334,-5.263014,3.261566,-4.405242,,,,,
0,54,54.000000,agent_4,actor_logits,1,1,3,3.268979,-5.265460,7.680692,0.005878,0.999342,-5.265460,3.268979,-4.411714,,,,,
0,54,54.000000,agent_5,actor_logits,1,1,3,3.301205,-5.265459,7.746671,0.005598,0.999378,-5.265459,3.301205,-4.445467,,,,,
0,56,56.000000,agent_0,actor_logits,2,1,3,7.536821,-16.670738,4.142896,0.080500,0.984371,-16.670738,3.393926,7.536821,,,,,
0,56,56.000000,agent_1,actor_logits,2,1,3,7.549680,-16.409300,4.204405,0.076666,0.985290,-16.409300,3.345275,7.549680,,,,,
0,56,56.000000,agent_2,actor_logits,2,1,3,7.531631,-16.667185,4.133990,0.081070,0.984234,-16.667185,3.397641,7.531631,,,,,
0,56,56.000000,agent_3,actor_logits,2,1,3,6.863364,-17.011145,2.626925,0.246928,0.932574,-17.011145,4.236439,6.863364,,,,,
0,56,56.000000,agent_4,actor_logits,2,1,3,6.856607,-17.012695,2.613396,0.249170,0.931719,-17.012695,4.243212,6.856607,,,,,
0,56,56.000000,agent_5,actor_logits,2,1,3,6.826458,-17.017992,2.552800,0.259391,0.927761,-17.017992,4.273658,6.826458,,,,,
0,58,58.000000,agent_0,actor_logits,2,1,4,5.984577,-4.863752,0.832835,0.613806,0.696931,-4.464086,-4.863752,5.984577,5.151742,,,,
0,58,58.000000,agent_1,actor_logits,2,1,4,6.185789,-4.905904,1.233194,0.534269,0.774355,-4.529650,-4.905904,6.185789,4.952595,,,,
0,58,58.000000,agent_2,actor_logits,2,1,4,5.984732,-4.866769,0.841553,0.612270,0.698768,-4.455516,-4.866769,5.984732,5.143179,,,,
0,58,58.000000,agent_3,actor_logits,2,1,4,5.691598,-4.748740,0.770495,0.624686,0.683591,-4.230353,-4.748740,5.691598,4.921103,,,,
0,58,58.000000,agent_4,actor_logits,2,1,4,5.688790,-4.748407,0.768991,0.624939,0.683266,-4.227829,-4.748407,5.688790,4.919799,,,,
0,58,58.000000,agent_5,actor_logits,2,1,4,5.674750,-4.745940,0.754962,0.627267,0.680222,-4.218402,-4.745940,5.674750,4.919787,,,,
0,60,60.000000,agent_0,actor_logits,0,1,4,11.404380,-10.889648,8.838303,0.001453,0.999853,11.404380,-10.889648,-1.791343,2.566077,,,,
0,60,60.000000,agent_1,actor_logits,0,1,4,11.622263,-10.991070,9.161646,0.001087,0.999894,11.622263,-10.991070,-1.838941,2.460617,,,,
0,60,60.000000,agent_2,actor_logits,0,1,4,11.415258,-10.892332,8.855610,0.001431,0.999856,11.415258,-10.892332,-1.794344,2.559648,,,,
0,60,60.000000,agent_3,actor_logits,0,1,4,11.796065,-10.887878,9.396577,0.000876,0.999916,11.796065,-10.887878,-2.151581,2.399488,,,,
0,60,60.000000,agent_4,actor_logits,0,1,4,11.799629,-10.888464,9.401023,0.000872,0.999917,11.799629,-10.888464,-2.154498,2.398607,,,,
0,60,60.000000,agent_5,actor_logits,0,1,4,11.811980,-10.891199,9.413214,0.000863,0.999918,11.811980,-10.891199,-2.165612,2.398767,,,,
0,62,62.000000,agent_0,actor_logits,1,1,3,4.595777,-8.817533,6.292296,0.013493,0.998151,-8.817533,4.595777,-1.696519,,,,,
0,62,62.000000,agent_1,actor_logits,1,1,3,4.617140,-8.730930,6.381587,0.012496,0.998309,-8.730930,4.617140,-1.764446,,,,,
0,62,62.000000,agent_2,actor_logits,1,1,3,4.595450,-8.813695,6.292869,0.013486,0.998152,-8.813695,4.595450,-1.697419,,,,,
0,62,62.000000,agent_3,actor_logits,1,1,3,4.870564,-8.718769,6.877617,0.008129,0.998969,-8.718769,4.870564,-2.007053,,,,,
0,62,62.000000,agent_4,actor_logits,1,1,3,4.872484,-8.717319,6.882355,0.008096,0.998974,-8.717319,4.872484,-2.009871,,,,,
0,62,62.000000,agent_5,actor_logits,1,1,3,4.877345,-8.709583,6.896226,0.007999,0.998988,-8.709583,4.877345,-2.018881,,,,,
0,64,64.000000,agent_0,actor_logits,1,1,3,5.096617,-13.934743,0.271871,0.683993,0.567552,-13.934743,5.096617,4.824747,,,,,
0,64,64.000000,agent_1,actor_logits,1,1,3,5.137526,-13.917031,0.381704,0.675261,0.594284,-13.917031,5.137526,4.755822,,,,,
0,64,64.000000,agent_2,actor_logits,1,1,3,5.094761,-13.931334,0.270074,0.684112,0.567111,-13.931334,5.094761,4.824687,,,,,
0,64,64.000000,agent_3,actor_logits,1,1,3,5.343900,-13.899585,0.772299,0.623804,0.684018,-13.899585,5.343900,4.571601,,,,,
0,64,64.000000,agent_4,actor_logits,1,1,3,5.345240,-13.898882,0.775511,0.623267,0.684712,-13.898882,5.345240,4.569729,,,,,
0,64,64.000000,agent_5,actor_logits,1,1,3,5.349801,-13.896795,0.785455,0.621594,0.686855,-13.896795,5.349801,4.564346,,,,,
0,66,66.000000,agent_0,actor_logits,3,1,4,3.521675,-6.726937,0.792059,0.825845,0.641841,2.729616,-6.726937,1.268560,3.521675,,,,
0,66,66.000000,agent_1,actor_logits,3,1,4,3.582927,-6.694349,0.879207,0.798165,0.663536,2.703720,-6.694349,1.196204,3.582927,,,,
0,66,66.000000,agent_2,actor_logits,3,1,4,3.518222,-6.728065,0.785598,0.827144,0.640451,2.732624,-6.728065,1.269332,3.518222,,,,
0,66,66.000000,agent_3,actor_logits,3,1,4,3.362366,-6.719152,0.374003,0.851017,0.560103,2.988363,-6.719152,1.033118,3.362366,,,,
0,66,66.000000,agent_4,actor_logits,3,1,4,3.360838,-6.719396,0.370512,0.851178,0.559343,2.990326,-6.719396,1.031799,3.360838,,,,
0,66,66.000000,agent_5,actor_logits,3,1,4,3.357146,-6.718854,0.362527,0.851429,0.557631,2.994619,-6.718854,1.027644,3.357146,,,,
0,70,70.000000,agent_0,actor_logits,0,1,7,9.050423,-8.421329,8.338446,0.004845,0.999516,9.050423,-8.421329,-0.943539,-0.346869,0.711977,-0.868757,-0.558965,
0,70,70.000000,agent_1,actor_logits,0,1,7,9.055998,-8.358485,8.339267,0.004774,0.999524,9.055998,-8.358485,-1.005040,-0.378333,0.716731,-0.875282,-0.562006,
0,70,70.000000,agent_2,actor_logits,0,1,7,9.052622,-8.422981,8.340023,0.004837,0.999517,9.052622,-8.422981,-0.942802,-0.347641,0.712599,-0.868829,-0.558841,
0,70,70.000000,agent_3,actor_logits,0,1,7,9.092697,-8.181312,8.367504,0.004433,0.999559,9.092697,-8.181312,-1.120784,-0.584500,0.725193,-0.900581,-0.574898,
0,70,70.000000,agent_4,actor_logits,0,1,7,9.093014,-8.179794,8.368052,0.004430,0.999560,9.093014,-8.179794,-1.121951,-0.585971,0.724962,-0.900757,-0.575001,
0,70,70.000000,agent_5,actor_logits,0,1,7,9.093588,-8.174606,8.368726,0.004423,0.999561,9.093588,-8.174606,-1.125985,-0.589897,0.724862,-0.901302,-0.575272,
0,76,76.000000,agent_0,actor_logits,2,1,3,0.244529,-7.388625,2.810748,0.221787,0.942823,-7.388625,-2.566219,0.244529,,,,,
0,76,76.000000,agent_1,actor_logits,2,1,3,0.224491,-7.372221,2.792804,0.224621,0.941840,-7.372221,-2.568313,0.224491,,,,,
0,76,76.000000,agent_2,actor_logits,2,1,3,0.243921,-7.386904,2.810264,0.221867,0.942796,-7.386904,-2.566343,0.243921,,,,,
0,76,76.000000,agent_3,actor_logits,2,1,3,0.169683,-7.344088,2.714436,0.237048,0.937393,-7.344088,-2.544752,0.169683,,,,,
0,76,76.000000,agent_4,actor_logits,2,1,3,0.169594,-7.344570,2.714026,0.237111,0.937370,-7.344570,-2.544432,0.169594,,,,,
0,76,76.000000,agent_5,actor_logits,2,1,3,0.169037,-7.345701,2.712442,0.237359,0.937278,-7.345701,-2.543404,0.169037,,,,,
0,82,82.000000,agent_0,actor_logits,3,1,7,10.516883,-10.567886,4.666492,0.056727,0.990297,-10.567886,1.785948,1.567525,10.516883,5.850391,1.114879,-0.390505,
0,82,82.000000,agent_1,actor_logits,3,1,7,10.512310,-10.566315,4.659762,0.057035,0.990233,-10.566315,1.796703,1.556700,10.512310,5.852548,1.114238,-0.391128,
0,82,82.000000,agent_2,actor_logits,3,1,7,10.516789,-10.567726,4.666276,0.056736,0.990296,-10.567726,1.786173,1.567144,10.516789,5.850514,1.114856,-0.390498,
0,82,82.000000,agent_3,actor_logits,3,1,7,10.516517,-10.571655,4.658591,0.057079,0.990223,-10.571655,1.813491,1.542409,10.516517,5.857926,1.114889,-0.392664,
0,82,82.000000,agent_4,actor_logits,3,1,7,10.516583,-10.571649,4.658681,0.057075,0.990224,-10.571649,1.813362,1.542529,10.516583,5.857903,1.114905,-0.392664,
0,82,82.000000,agent_5,actor_logits,3,1,7,10.516684,-10.571814,4.658755,0.057071,0.990225,-10.571814,1.813393,1.542630,10.516684,5.857929,1.114928,-0.392686,
0,84,84.000000,agent_0,actor_logits,1,1,4,6.159162,-9.687798,1.969070,0.371977,0.877502,-5.228628,6.159162,4.190092,-9.687798,,,,
0,84,84.000000,agent_1,actor_logits,1,1,4,6.161171,-9.692372,1.979556,0.369761,0.878625,-5.223557,6.161171,4.181615,-9.692372,,,,
0,84,84.000000,agent_2,actor_logits,1,1,4,6.158998,-9.687718,1.968909,0.372011,0.877485,-5.228541,6.158998,4.190089,-9.687718,,,,
0,84,84.000000,agent_3,actor_logits,1,1,4,6.166273,-9.698759,1.986700,0.368254,0.879385,-5.226355,6.166273,4.179573,-9.698759,,,,
0,84,84.000000,agent_4,actor_logits,1,1,4,6.166309,-9.698785,1.986664,0.368261,0.879381,-5.226413,6.166309,4.179645,-9.698785,,,,
0,84,84.000000,agent_5,actor_logits,1,1,4,6.166480,-9.698917,1.986873,0.368217,0.879403,-5.226488,6.166480,4.179606,-9.698917,,,,
0,86,86.000000,agent_0,actor_logits,0,1,4,5.282176,-9.464385,2.410924,0.420601,0.887223,5.282176,1.995536,-9.464385,2.871252,,,,
0,86,86.000000,agent_1,actor_logits,0,1,4,5.291152,-9.472705,2.422275,0.417762,0.888299,5.291152,1.995042,-9.472705,2.868877,,,,
0,86,86.000000,agent_2,actor_logits,0,1,4,5.282215,-9.464351,2.410987,0.420578,0.887232,5.282215,1.995447,-9.464351,2.871228,,,,
0,86,86.000000,agent_3,actor_logits,0,1,4,5.292315,-9.473144,2.420662,0.417607,0.888312,5.292315,1.991882,-9.473144,2.871653,,,,
0,86,86.000000,agent_4,actor_logits,0,1,4,5.292260,-9.473073,2.420581,0.417624,0.888305,5.292260,1.991866,-9.473073,2.871679,,,,
0,86,86.000000,agent_5,actor_logits,0,1,4,5.292302,-9.473138,2.420615,0.417617,0.888308,5.292302,1.991890,-9.473138,2.871687,,,,
0,88,88.000000,agent_0,actor_logits,1,1,4,6.610335,-6.118718,4.861532,0.045133,0.992314,-5.850412,6.610335,1.748803,-6.118718,,,,
0,88,88.000000,agent_1,actor_logits,1,1,4,6.606336,-6.125185,4.859720,0.045201,0.992300,-5.839867,6.606336,1.746615,-6.125185,,,,
0,88,88.000000,agent_2,actor_logits,1,1,4,6.610300,-6.118854,4.861457,0.045136,0.992313,-5.850370,6.610300,1.748843,-6.118854,,,,
0,88,88.000000,agent_3,actor_logits,1,1,4,6.604118,-6.118111,4.858387,0.045251,0.992290,-5.839903,6.604118,1.745731,-6.118111,,,,
0,88,88.000000,agent_4,actor_logits,1,1,4,6.604128,-6.117995,4.858416,0.045250,0.992290,-5.839953,6.604128,1.745712,-6.117995,,,,
0,88,88.000000,agent_5,actor_logits,1,1,4,6.604113,-6.117890,4.858450,0.045249,0.992290,-5.839919,6.604113,1.745663,-6.117890,,,,
0,90,90.000000,agent_0,actor_logits,1,1,4,8.378442,-7.865151,5.700188,0.022519,0.996651,-2.779330,8.378442,-7.865151,2.678254,,,,
0,90,90.000000,agent_1,actor_logits,1,1,4,8.378355,-7.873536,5.700556,0.022514,0.996653,-2.769549,8.378355,-7.873536,2.677799,,,,
0,90,90.000000,agent_2,actor_logits,1,1,4,8.378429,-7.865257,5.700195,0.022519,0.996651,-2.779211,8.378429,-7.865257,2.678234,,,,
0,90,90.000000,agent_3,actor_logits,1,1,4,8.379679,-7.869674,5.702101,0.022484,0.996658,-2.774235,8.379679,-7.869674,2.677578,,,,
0,90,90.000000,agent_4,actor_logits,1,1,4,8.379675,-7.869568,5.702125,0.022483,0.996658,-2.774323,8.379675,-7.869568,2.677551,,,,
0,90,90.000000,agent_5,actor_logits,1,1,4,8.379693,-7.869506,5.702151,0.022483,0.996658,-2.774383,8.379693,-7.869506,2.677542,,,,
0,92,92.000000,agent_0,actor_logits,1,1,4,10.965111,-10.197178,7.349766,0.005369,0.999357,-3.971935,10.965111,-10.197178,3.615345,,,,
0,92,92.000000,agent_1,actor_logits,1,1,4,10.961763,-10.199739,7.347319,0.005380,0.999356,-3.965083,10.961763,-10.199739,3.614444,,,,
0,92,92.000000,agent_2,actor_logits,1,1,4,10.965057,-10.197268,7.349751,0.005369,0.999357,-3.971776,10.965057,-10.197268,3.615307,,,,
0,92,92.000000,agent_3,actor_logits,1,1,4,10.963203,-10.197643,7.347333,0.005380,0.999356,-3.969201,10.963203,-10.197643,3.615870,,,,
0,92,92.000000,agent_4,actor_logits,1,1,4,10.963215,-10.197585,7.347372,0.005380,0.999356,-3.969249,10.963215,-10.197585,3.615843,,,,
0,92,92.000000,agent_5,actor_logits,1,1,4,10.963244,-10.197527,7.347388,0.005380,0.999356,-3.969336,10.963244,-10.197527,3.615857,,,,
0,94,94.000000,agent_0,actor_logits,1,1,4,7.920936,-12.965980,2.274570,0.316718,0.905961,0.971166,7.920936,-12.965980,5.646367,,,,
0,94,94.000000,agent_1,actor_logits,1,1,4,7.918431,-12.968390,2.273888,0.316903,0.905896,0.977863,7.918431,-12.968390,5.644543,,,,
0,94,94.000000,agent_2,actor_logits,1,1,4,7.920887,-12.966086,2.274593,0.316715,0.905963,0.971378,7.920887,-12.966086,5.646294,,,,
0,94,94.000000,agent_3,actor_logits,1,1,4,7.919973,-12.965723,2.273293,0.316972,0.905852,0.971904,7.919973,-12.965723,5.646680,,,,
0,94,94.000000,agent_4,actor_logits,1,1,4,7.919958,-12.965670,2.273282,0.316974,0.905851,0.971866,7.919958,-12.965670,5.646676,,,,
0,94,94.000000,agent_5,actor_logits,1,1,4,7.919979,-12.965594,2.273259,0.316978,0.905849,0.971737,7.919979,-12.965594,5.646719,,,,
0,96,96.000000,agent_0,actor_logits,1,1,4,9.199643,-11.512757,4.819226,0.046976,0.991962,-1.205378,9.199643,-11.512757,4.380417,,,,
0,96,96.000000,agent_1,actor_logits,1,1,4,9.198477,-11.516708,4.819331,0.046975,0.991962,-1.198789,9.198477,-11.516708,4.379146,,,,
0,96,96.000000,agent_2,actor_logits,1,1,4,9.199594,-11.512890,4.819230,0.046976,0.991962,-1.205141,9.199594,-11.512890,4.380364,,,,
0,96,96.000000,agent_3,actor_logits,1,1,4,9.199934,-11.513535,4.819053,0.046983,0.991960,-1.205173,9.199934,-11.513535,4.380881,,,,
0,96,96.000000,agent_4,actor_logits,1,1,4,9.199903,-11.513453,4.819047,0.046983,0.991960,-1.205209,9.199903,-11.513453,4.380856,,,,
0,96,96.000000,agent_5,actor_logits,1,1,4,9.199926,-11.513363,4.819043,0.046983,0.991960,-1.205356,9.199926,-11.513363,4.380884,,,,
0,98,98.000000,agent_0,actor_logits,0,1,3,5.255589,-11.316105,5.459306,0.027388,0.995761,5.255589,-11.316105,-0.203718,,,,,
0,98,98.000000,agent_1,actor_logits,0,1,3,5.257995,-11.319416,5.460264,0.027366,0.995765,5.257995,-11.319416,-0.202268,,,,,
0,98,98.000000,agent_2,actor_logits,0,1,3,5.255690,-11.316243,5.459349,0.027387,0.995762,5.255690,-11.316243,-0.203659,,,,,
0,98,98.000000,agent_3,actor_logits,0,1,3,5.255058,-11.316027,5.458537,0.027406,0.995758,5.255058,-11.316027,-0.203479,,,,,
0,98,98.000000,agent_4,actor_logits,0,1,3,5.255080,-11.315989,5.458595,0.027404,0.995758,5.255080,-11.315989,-0.203515,,,,,
0,98,98.000000,agent_5,actor_logits,0,1,3,5.255021,-11.315900,5.458576,0.027405,0.995758,5.255021,-11.315900,-0.203555,,,,,
0,100,100.000000,agent_0,actor_logits,0,1,3,5.370280,-12.630415,2.337685,0.298002,0.911950,5.370280,3.032595,-12.630415,,,,,
0,100,100.000000,agent_1,actor_logits,0,1,3,5.375010,-12.631234,2.343662,0.296882,0.912429,5.375010,3.031348,-12.631234,,,,,
0,100,100.000000,agent_2,actor_logits,0,1,3,5.370476,-12.630422,2.337966,0.297950,0.911973,5.370476,3.032511,-12.630422,,,,,
0,100,100.000000,agent_3,actor_logits,0,1,3,5.370166,-12.630630,2.337185,0.298096,0.911910,5.370166,3.032981,-12.630630,,,,,
0,100,100.000000,agent_4,actor_logits,0,1,3,5.370095,-12.630631,2.337080,0.298116,0.911902,5.370095,3.033015,-12.630631,,,,,
0,100,100.000000,agent_5,actor_logits,0,1,3,5.369961,-12.630630,2.336887,0.298152,0.911886,5.369961,3.033074,-12.630630,,,,,
0,102,102.000000,agent_0,actor_logits,0,1,2,6.128727,-21.400005,27.528732,0.000000,1.000000,6.128727,-21.400005,,,,,,
0,102,102.000000,agent_1,actor_logits,0,1,2,6.132149,-21.399069,27.531218,0.000000,1.000000,6.132149,-21.399069,,,,,,
0,102,102.000000,agent_2,actor_logits,0,1,2,6.128874,-21.399961,27.528835,0.000000,1.000000,6.128874,-21.399961,,,,,,
0,102,102.000000,agent_3,actor_logits,0,1,2,6.128455,-21.400135,27.528589,0.000000,1.000000,6.128455,-21.400135,,,,,,
0,102,102.000000,agent_4,actor_logits,0,1,2,6.128449,-21.400139,27.528587,0.000000,1.000000,6.128449,-21.400139,,,,,,
0,102,102.000000,agent_5,actor_logits,0,1,2,6.128356,-21.400167,27.528524,0.000000,1.000000,6.128356,-21.400167,,,,,,
0,104,104.000000,agent_0,actor_logits,1,1,3,4.602271,-14.399640,1.987510,0.367961,0.879479,-14.399640,4.602271,2.614761,,,,,
0,104,104.000000,agent_1,actor_logits,1,1,3,4.604829,-14.398645,1.992220,0.366969,0.879978,-14.398645,4.604829,2.612609,,,,,
0,104,104.000000,agent_2,actor_logits,1,1,3,4.602369,-14.399587,1.987689,0.367923,0.879498,-14.399587,4.602369,2.614680,,,,,
0,104,104.000000,agent_3,actor_logits,1,1,3,4.602471,-14.399974,1.987808,0.367898,0.879511,-14.399974,4.602471,2.614664,,,,,
0,104,104.000000,agent_4,actor_logits,1,1,3,4.602438,-14.399963,1.987753,0.367910,0.879505,-14.399963,4.602438,2.614685,,,,,
0,104,104.000000,agent_5,actor_logits,1,1,3,4.602376,-14.399999,1.987637,0.367934,0.879493,-14.399999,4.602376,2.614738,,,,,
0,106,106.000000,agent_0,actor_logits,2,1,3,10.497521,-8.960428,18.917656,0.000000,1.000000,-8.420134,-8.960428,10.497521,,,,,
0,106,106.000000,agent_1,actor_logits,2,1,3,10.496440,-8.959288,18.915905,0.000000,1.000000,-8.419466,-8.959288,10.496440,,,,,
0,106,106.000000,agent_2,actor_logits,2,1,3,10.497484,-8.960384,18.917587,0.000000,1.000000,-8.420103,-8.960384,10.497484,,,,,
0,106,106.000000,agent_3,actor_logits,2,1,3,10.497306,-8.960303,18.917437,0.000000,1.000000,-8.420131,-8.960303,10.497306,,,,,
0,106,106.000000,agent_4,actor_logits,2,1,3,10.497325,-8.960317,18.917461,0.000000,1.000000,-8.420135,-8.960317,10.497325,,,,,
0,106,106.000000,agent_5,actor_logits,2,1,3,10.497352,-8.960344,18.917507,0.000000,1.000000,-8.420155,-8.960344,10.497352,,,,,
0,108,108.000000,agent_0,actor_logits,2,1,4,4.152375,-9.332023,0.085551,0.740117,0.516321,-9.332023,4.066823,4.152375,0.176987,,,,
0,108,108.000000,agent_1,actor_logits,2,1,4,4.151050,-9.333305,0.082180,0.740216,0.515484,-9.333305,4.068870,4.151050,0.178051,,,,
0,108,108.000000,agent_2,actor_logits,2,1,4,4.152326,-9.332072,0.085424,0.740121,0.516289,-9.332072,4.066902,4.152326,0.177028,,,,
0,108,108.000000,agent_3,actor_logits,2,1,4,4.152227,-9.332047,0.085268,0.740125,0.516251,-9.332047,4.066959,4.152227,0.177009,,,,
0,108,108.000000,agent_4,actor_logits,2,1,4,4.152252,-9.332014,0.085330,0.740122,0.516266,-9.332014,4.066922,4.152252,0.176982,,,,
0,108,108.000000,agent_5,actor_logits,2,1,4,4.152286,-9.331977,0.085417,0.740120,0.516288,-9.331977,4.066869,4.152286,0.176952,,,,
0,110,110.000000,agent_0,actor_logits,3,1,4,2.245986,-3.880136,0.118109,0.855944,0.504101,2.127876,-3.880136,-0.129771,2.245986,,,,
0,110,110.000000,agent_1,actor_logits,3,1,4,2.246578,-3.879001,0.119450,0.855857,0.504432,2.127128,-3.879001,-0.130359,2.246578,,,,
0,110,110.000000,agent_2,actor_logits,3,1,4,2.246010,-3.880092,0.118162,0.855940,0.504114,2.127848,-3.880092,-0.129795,2.246010,,,,
0,110,110.000000,agent_3,actor_logits,3,1,4,2.245951,-3.880030,0.118155,0.855948,0.504111,2.127796,-3.880030,-0.129788,2.245951,,,,
0,110,110.000000,agent_4,actor_logits,3,1,4,2.245932,-3.880054,0.118102,0.855949,0.504099,2.127830,-3.880054,-0.129784,2.245932,,,,
0,110,110.000000,agent_5,actor_logits,3,1,4,2.245913,-3.880084,0.118060,0.855951,0.504088,2.127853,-3.880084,-0.129770,2.245913,,,,
0,112,112.000000,agent_0,actor_logits,0,1,4,10.259526,-5.900224,9.235899,0.001003,0.999902,10.259526,-4.950625,-5.900224,1.023627,,,,
0,112,112.000000,agent_1,actor_logits,0,1,4,10.259245,-5.900370,9.235389,0.001004,0.999902,10.259245,-4.950379,-5.900370,1.023856,,,,
0,112,112.000000,agent_2,actor_logits,0,1,4,10.259518,-5.900229,9.235880,0.001003,0.999902,10.259518,-4.950617,-5.900229,1.023638,,,,
0,112,112.000000,agent_3,actor_logits,0,1,4,10.259476,-5.900261,9.235923,0.001003,0.999902,10.259476,-4.950519,-5.900261,1.023553,,,,
0,112,112.000000,agent_4,actor_logits,0,1,4,10.259503,-5.900267,9.235962,0.001003,0.999902,10.259503,-4.950526,-5.900267,1.023541,,,,
0,112,112.000000,agent_5,actor_logits,0,1,4,10.259516,-5.900267,9.235985,0.001003,0.999902,10.259516,-4.950531,-5.900267,1.023531,,,,
0,114,114.000000,agent_0,actor_logits,2,1,4,5.513364,-7.220828,5.822713,0.025872,0.996359,-0.309349,-1.762618,5.513364,-7.220828,,,,
0,114,114.000000,agent_1,actor_logits,2,1,4,5.513422,-7.220541,5.823042,0.025866,0.996360,-0.309620,-1.762600,5.513422,-7.220541,,,,
0,114,114.000000,agent_2,actor_logits,2,1,4,5.513367,-7.220813,5.822727,0.025871,0.996359,-0.309360,-1.762619,5.513367,-7.220813,,,,
0,114,114.000000,agent_3,actor_logits,2,1,4,5.513320,-7.220911,5.822686,0.025873,0.996359,-0.309365,-1.762516,5.513320,-7.220911,,,,
0,114,114.000000,agent_4,actor_logits,2,1,4,5.513313,-7.220918,5.822660,0.025873,0.996359,-0.309348,-1.762519,5.513313,-7.220918,,,,
0,114,114.000000,agent_5,actor_logits,2,1,4,5.513310,-7.220930,5.822648,0.025873,0.996358,-0.309337,-1.762518,5.513310,-7.220930,,,,
0,116,116.000000,agent_0,actor_logits,0,1,4,16.335466,-17.000891,15.161385,0.000005,1.000000,16.335466,-17.000891,-0.174778,1.174082,,,,
0,116,116.000000,agent_1,actor_logits,0,1,4,16.335121,-17.001013,15.160883,0.000005,1.000000,16.335121,-17.001013,-0.174489,1.174238,,,,
0,116,116.000000,agent_2,actor_logits,0,1,4,16.335451,-17.000898,15.161362,0.000005,1.000000,16.335451,-17.000898,-0.174764,1.174090,,,,
0,116,116.000000,agent_3,actor_logits,0,1,4,16.335455,-17.000826,15.161434,0.000005,1.000000,16.335455,-17.000826,-0.174818,1.174021,,,,
0,116,116.000000,agent_4,actor_logits,0,1,4,16.335459,-17.000826,15.161442,0.000005,1.000000,16.335459,-17.000826,-0.174820,1.174017,,,,
0,116,116.000000,agent_5,actor_logits,0,1,4,16.335470,-17.000822,15.161460,0.000005,1.000000,16.335470,-17.000822,-0.174828,1.174011,,,,
0,118,118.000000,agent_0,actor_logits,1,1,3,5.624936,-8.231061,7.885709,0.003355,0.999623,-2.260772,5.624936,-8.231061,,,,,
0,118,118.000000,agent_1,actor_logits,1,1,3,5.624968,-8.230735,7.886177,0.003353,0.999623,-2.261209,5.624968,-8.230735,,,,,
0,118,118.000000,agent_2,actor_logits,1,1,3,5.624934,-8.231046,7.885722,0.003355,0.999623,-2.260788,5.624934,-8.231046,,,,,
0,118,118.000000,agent_3,actor_logits,1,1,3,5.625100,-8.231148,7.885934,0.003354,0.999623,-2.260834,5.625100,-8.231148,,,,,
0,118,118.000000,agent_4,actor_logits,1,1,3,5.625096,-8.231158,7.885912,0.003354,0.999623,-2.260816,5.625096,-8.231158,,,,,
0,118,118.000000,agent_5,actor_logits,1,1,3,5.625098,-8.231170,7.885901,0.003354,0.999623,-2.260804,5.625098,-8.231170,,,,,
0,120,120.000000,agent_0,actor_logits,2,1,3,5.702315,-9.497911,7.952602,0.003152,0.999648,-2.250287,-9.497911,5.702315,,,,,
0,120,120.000000,agent_1,actor_logits,2,1,3,5.702625,-9.498045,7.953332,0.003150,0.999648,-2.250708,-9.498045,5.702625,,,,,
0,120,120.000000,agent_2,actor_logits,2,1,3,5.702330,-9.497920,7.952633,0.003152,0.999648,-2.250303,-9.497920,5.702330,,,,,
0,120,120.000000,agent_3,actor_logits,2,1,3,5.702258,-9.497822,7.952583,0.003152,0.999648,-2.250325,-9.497822,5.702258,,,,,
0,120,120.000000,agent_4,actor_logits,2,1,3,5.702253,-9.497828,7.952565,0.003152,0.999648,-2.250312,-9.497828,5.702253,,,,,
0,120,120.000000,agent_5,actor_logits,2,1,3,5.702243,-9.497822,7.952543,0.003152,0.999648,-2.250301,-9.497822,5.702243,,,,,
0,122,122.000000,agent_0,actor_logits,0,1,4,4.842806,-3.787393,2.329234,0.303498,0.910879,4.842806,-3.787393,-3.297015,2.513572,,,,
0,122,122.000000,agent_1,actor_logits,0,1,4,4.842707,-3.787847,2.328894,0.303562,0.910851,4.842707,-3.787847,-3.296608,2.513813,,,,
0,122,122.000000,agent_2,actor_logits,0,1,4,4.842803,-3.787411,2.329219,0.303501,0.910878,4.842803,-3.787411,-3.296999,2.513583,,,,
0,122,122.000000,agent_3,actor_logits,0,1,4,4.842781,-3.787337,2.329259,0.303493,0.910881,4.842781,-3.787337,-3.297018,2.513521,,,,
0,122,122.000000,agent_4,actor_logits,0,1,4,4.842776,-3.787328,2.329253,0.303494,0.910881,4.842776,-3.787328,-3.297021,2.513522,,,,
0,122,122.000000,agent_5,actor_logits,0,1,4,4.842777,-3.787313,2.329262,0.303493,0.910881,4.842777,-3.787313,-3.297033,2.513515,,,,
0,124,124.000000,agent_0,actor_logits,0,1,3,4.249339,-5.730965,6.738747,0.009661,0.998771,4.249339,-5.730965,-2.489408,,,,,
0,124,124.000000,agent_1,actor_logits,0,1,3,4.249143,-5.731155,6.738238,0.009665,0.998771,4.249143,-5.731155,-2.489095,,,,,
0,124,124.000000,agent_2,actor_logits,0,1,3,4.249331,-5.730974,6.738725,0.009661,0.998771,4.249331,-5.730974,-2.489394,,,,,
0,124,124.000000,agent_3,actor_logits,0,1,3,4.249342,-5.730919,6.738796,0.009661,0.998771,4.249342,-5.730919,-2.489454,,,,,
0,124,124.000000,agent_4,actor_logits,0,1,3,4.249344,-5.730917,6.738801,0.009661,0.998771,4.249344,-5.730917,-2.489457,,,,,
0,124,124.000000,agent_5,actor_logits,0,1,3,4.249350,-5.730911,6.738816,0.009660,0.998771,4.249350,-5.730911,-2.489466,,,,,
0,126,126.000000,agent_0,actor_logits,0,1,3,14.911104,-15.955873,15.281933,0.000004,1.000000,14.911104,-15.955873,-0.370829,,,,,
0,126,126.000000,agent_1,actor_logits,0,1,3,14.910893,-15.955996,15.281529,0.000004,1.000000,14.910893,-15.955996,-0.370636,,,,,
0,126,126.000000,agent_2,actor_logits,0,1,3,14.911094,-15.955875,15.281915,0.000004,1.000000,14.911094,-15.955875,-0.370821,,,,,
0,126,126.000000,agent_3,actor_logits,0,1,3,14.911160,-15.955927,15.281982,0.000004,1.000000,14.911160,-15.955927,-0.370823,,,,,
0,126,126.000000,agent_4,actor_logits,0,1,3,14.911160,-15.955923,15.281985,0.000004,1.000000,14.911160,-15.955923,-0.370825,,,,,
0,126,126.000000,agent_5,actor_logits,0,1,3,14.911165,-15.955919,15.281997,0.000004,1.000000,14.911165,-15.955919,-0.370831,,,,,
0,128,128.000000,agent_0,actor_logits,0,1,3,13.685724,-10.900559,20.397156,0.000000,1.000000,13.685724,-6.711432,-10.900559,,,,,
0,128,128.000000,agent_1,actor_logits,0,1,3,13.685709,-10.900413,20.397375,0.000000,1.000000,13.685709,-6.711667,-10.900413,,,,,
0,128,128.000000,agent_2,actor_logits,0,1,3,13.685722,-10.900554,20.397165,0.000000,1.000000,13.685722,-6.711442,-10.900554,,,,,
0,128,128.000000,agent_3,actor_logits,0,1,3,13.685715,-10.900578,20.397146,0.000000,1.000000,13.685715,-6.711432,-10.900578,,,,,
0,128,128.000000,agent_4,actor_logits,0,1,3,13.685715,-10.900577,20.397144,0.000000,1.000000,13.685715,-6.711429,-10.900577,,,,,
0,128,128.000000,agent_5,actor_logits,0,1,3,13.685715,-10.900581,20.397137,0.000000,1.000000,13.685715,-6.711422,-10.900581,,,,,
0,130,130.000000,agent_0,actor_logits,0,1,3,9.336647,-13.644326,8.635873,0.001711,0.999822,9.336647,-13.644326,0.700775,,,,,
0,130,130.000000,agent_1,actor_logits,0,1,3,9.336535,-13.644363,8.635704,0.001711,0.999822,9.336535,-13.644363,0.700831,,,,,
0,130,130.000000,agent_2,actor_logits,0,1,3,9.336643,-13.644328,8.635866,0.001711,0.999822,9.336643,-13.644328,0.700777,,,,,
0,130,130.000000,agent_3,actor_logits,0,1,3,9.336643,-13.644327,8.635875,0.001711,0.999822,9.336643,-13.644327,0.700768,,,,,
0,130,130.000000,agent_4,actor_logits,0,1,3,9.336643,-13.644326,8.635875,0.001711,0.999822,9.336643,-13.644326,0.700769,,,,,
0,130,130.000000,agent_5,actor_logits,0,1,3,9.336645,-13.644325,8.635879,0.001711,0.999822,9.336645,-13.644325,0.700767,,,,,
0,132,132.000000,agent_0,actor_logits,2,1,3,6.852693,-14.742190,1.200217,0.541006,0.768563,5.652476,-14.742190,6.852693,,,,,
0,132,132.000000,agent_1,actor_logits,2,1,3,6.852762,-14.742124,1.200355,0.540977,0.768588,5.652407,-14.742124,6.852762,,,,,
0,132,132.000000,agent_2,actor_logits,2,1,3,6.852696,-14.742188,1.200223,0.541005,0.768565,5.652473,-14.742188,6.852696,,,,,
0,132,132.000000,agent_3,actor_logits,2,1,3,6.852692,-14.742193,1.200222,0.541005,0.768564,5.652470,-14.742193,6.852692,,,,,
0,132,132.000000,agent_4,actor_logits,2,1,3,6.852692,-14.742193,1.200221,0.541006,0.768564,5.652471,-14.742193,6.852692,,,,,
0,132,132.000000,agent_5,actor_logits,2,1,3,6.852690,-14.742196,1.200218,0.541006,0.768564,5.652472,-14.742196,6.852690,,,,,
0,134,134.000000,agent_0,actor_logits,1,1,4,6.485471,-8.681793,3.011649,0.193064,0.952677,-8.681793,6.485471,-1.191216,3.473822,,,,
0,134,134.000000,agent_1,actor_logits,1,1,4,6.485373,-8.681713,3.011571,0.193075,0.952673,-8.681713,6.485373,-1.191162,3.473803,,,,
0,134,134.000000,agent_2,actor_logits,1,1,4,6.485467,-8.681789,3.011648,0.193065,0.952676,-8.681789,6.485467,-1.191214,3.473820,,,,
0,134,134.000000,agent_3,actor_logits,1,1,4,6.485465,-8.681805,3.011618,0.193069,0.952675,-8.681805,6.485465,-1.191211,3.473847,,,,
0,134,134.000000,agent_4,actor_logits,1,1,4,6.485466,-8.681806,3.011620,0.193068,0.952675,-8.681806,6.485466,-1.191211,3.473846,,,,
0,134,134.000000,agent_5,actor_logits,1,1,4,6.485468,-8.681808,3.011622,0.193068,0.952675,-8.681808,6.485468,-1.191213,3.473847,,,,
0,136,136.000000,agent_0,actor_logits,1,1,3,2.048435,-4.490795,6.453820,0.022571,0.996989,-4.405385,2.048435,-4.490795,,,,,
0,136,136.000000,agent_1,actor_logits,1,1,3,2.048380,-4.490758,6.453724,0.022573,0.996989,-4.405344,2.048380,-4.490758,,,,,
0,136,136.000000,agent_2,actor_logits,1,1,3,2.048432,-4.490793,6.453814,0.022571,0.996989,-4.405382,2.048432,-4.490793,,,,,
0,136,136.000000,agent_3,actor_logits,1,1,3,2.048437,-4.490797,6.453825,0.022571,0.996989,-4.405388,2.048437,-4.490797,,,,,
0,136,136.000000,agent_4,actor_logits,1,1,3,2.048438,-4.490798,6.453827,0.022571,0.996989,-4.405389,2.048438,-4.490798,,,,,
0,136,136.000000,agent_5,actor_logits,1,1,3,2.048439,-4.490798,6.453828,0.022571,0.996989,-4.405389,2.048439,-4.490798,,,,,
0,138,138.000000,agent_0,actor_logits,0,1,4,5.308382,-8.042942,3.114764,0.213784,0.951297,5.308382,-8.042942,0.318421,2.193617,,,,
0,138,138.000000,agent_1,actor_logits,0,1,4,5.308444,-8.042993,3.114805,0.213776,0.951299,5.308444,-8.042993,0.318410,2.193638,,,,
0,138,138.000000,agent_2,actor_logits,0,1,4,5.308384,-8.042943,3.114766,0.213784,0.951297,5.308384,-8.042943,0.318419,2.193619,,,,
0,138,138.000000,agent_3,actor_logits,0,1,4,5.308381,-8.042952,3.114756,0.213785,0.951297,5.308381,-8.042952,0.318426,2.193625,,,,
0,138,138.000000,agent_4,actor_logits,0,1,4,5.308382,-8.042951,3.114757,0.213785,0.951297,5.308382,-8.042951,0.318425,2.193624,,,,
0,138,138.000000,agent_5,actor_logits,0,1,4,5.308378,-8.042950,3.114753,0.213786,0.951296,5.308378,-8.042950,0.318426,2.193625,,,,
0,140,140.000000,agent_0,actor_logits,0,1,3,14.842919,-14.437695,20.599003,0.000000,1.000000,14.842919,-5.756083,-14.437695,,,,,
0,140,140.000000,agent_1,actor_logits,0,1,3,14.842907,-14.437671,20.599007,0.000000,1.000000,14.842907,-5.756100,-14.437671,,,,,
0,140,140.000000,agent_2,actor_logits,0,1,3,14.842919,-14.437693,20.599003,0.000000,1.000000,14.842919,-5.756084,-14.437693,,,,,
0,140,140.000000,agent_3,actor_logits,0,1,3,14.842919,-14.437690,20.599009,0.000000,1.000000,14.842919,-5.756089,-14.437690,,,,,
0,140,140.000000,agent_4,actor_logits,0,1,3,14.842920,-14.437690,20.599010,0.000000,1.000000,14.842920,-5.756090,-14.437690,,,,,
0,140,140.000000,agent_5,actor_logits,0,1,3,14.842920,-14.437690,20.599009,0.000000,1.000000,14.842920,-5.756089,-14.437690,,,,,
0,142,142.000000,agent_0,actor_logits,0,1,2,-6.892826,-7.530344,0.637518,0.644813,0.654192,-6.892826,-7.530344,,,,,,
0,142,142.000000,agent_1,actor_logits,0,1,2,-6.892830,-7.530361,0.637531,0.644811,0.654195,-6.892830,-7.530361,,,,,,
0,142,142.000000,agent_2,actor_logits,0,1,2,-6.892826,-7.530345,0.637520,0.644813,0.654193,-6.892826,-7.530345,,,,,,
0,142,142.000000,agent_3,actor_logits,0,1,2,-6.892825,-7.530350,0.637525,0.644812,0.654194,-6.892825,-7.530350,,,,,,
0,142,142.000000,agent_4,actor_logits,0,1,2,-6.892825,-7.530350,0.637526,0.644812,0.654194,-6.892825,-7.530350,,,,,,
0,142,142.000000,agent_5,actor_logits,0,1,2,-6.892826,-7.530349,0.637524,0.644812,0.654194,-6.892826,-7.530349,,,,,,
0,144,144.000000,agent_0,actor_logits,1,1,3,-0.208412,-4.699139,3.060140,0.239643,0.945096,-3.268553,-0.208412,-4.699139,,,,,
0,144,144.000000,agent_1,actor_logits,1,1,3,-0.208402,-4.699112,3.060176,0.239639,0.945097,-3.268578,-0.208402,-4.699112,,,,,
0,144,144.000000,agent_2,actor_logits,1,1,3,-0.208413,-4.699137,3.060140,0.239643,0.945096,-3.268553,-0.208413,-4.699137,,,,,
0,144,144.000000,agent_3,actor_logits,1,1,3,-0.208400,-4.699126,3.060174,0.239638,0.945097,-3.268574,-0.208400,-4.699126,,,,,
0,144,144.000000,agent_4,actor_logits,1,1,3,-0.208401,-4.699127,3.060169,0.239639,0.945097,-3.268571,-0.208401,-4.699127,,,,,
0,144,144.000000,agent_5,actor_logits,1,1,3,-0.208401,-4.699127,3.060171,0.239639,0.945097,-3.268572,-0.208401,-4.699127,,,,,
0,146,146.000000,agent_0,actor_logits,2,1,3,8.036204,-21.138418,3.860564,0.100450,0.979378,-21.138418,4.175640,8.036204,,,,,
0,146,146.000000,agent_1,actor_logits,2,1,3,8.036231,-21.138433,3.860594,0.100447,0.979379,-21.138433,4.175637,8.036231,,,,,
0,146,146.000000,agent_2,actor_logits,2,1,3,8.036206,-21.138418,3.860567,0.100449,0.979378,-21.138418,4.175640,8.036206,,,,,
0,146,146.000000,agent_3,actor_logits,2,1,3,8.036219,-21.138432,3.860580,0.100448,0.979378,-21.138432,4.175639,8.036219,,,,,
0,146,146.000000,agent_4,actor_logits,2,1,3,8.036216,-21.138430,3.860577,0.100449,0.979378,-21.138430,4.175639,8.036216,,,,,
0,146,146.000000,agent_5,actor_logits,2,1,3,8.036216,-21.138430,3.860577,0.100449,0.979378,-21.138430,4.175639,8.036216,,,,,
0,148,148.000000,agent_0,actor_logits,3,1,4,8.923635,-12.404362,4.585525,0.062147,0.989217,-12.404362,4.338109,1.662560,8.923635,,,,
0,148,148.000000,agent_1,actor_logits,3,1,4,8.923623,-12.404329,4.585560,0.062146,0.989217,-12.404329,4.338063,1.662584,8.923623,,,,
0,148,148.000000,agent_2,actor_logits,3,1,4,8.923635,-12.404361,4.585527,0.062147,0.989217,-12.404361,4.338108,1.662561,8.923635,,,,
0,148,148.000000,agent_3,actor_logits,3,1,4,8.923631,-12.404351,4.585542,0.062147,0.989217,-12.404351,4.338089,1.662573,8.923631,,,,
0,148,148.000000,agent_4,actor_logits,3,1,4,8.923630,-12.404352,4.585537,0.062147,0.989217,-12.404352,4.338092,1.662571,8.923630,,,,
0,148,148.000000,agent_5,actor_logits,3,1,4,8.923631,-12.404352,4.585539,0.062147,0.989217,-12.404352,4.338092,1.662571,8.923631,,,,
0,150,150.000000,agent_0,actor_logits,3,1,4,6.130095,-8.501975,1.736598,0.445380,0.847066,0.710039,4.393497,-8.501975,6.130095,,,,
0,150,150.000000,agent_1,actor_logits,3,1,4,6.130089,-8.501947,1.736651,0.445369,0.847072,0.710079,4.393437,-8.501947,6.130089,,,,
0,150,150.000000,agent_2,actor_logits,3,1,4,6.130095,-8.501975,1.736599,0.445379,0.847066,0.710040,4.393496,-8.501975,6.130095,,,,
0,150,150.000000,agent_3,actor_logits,3,1,4,6.130090,-8.501966,1.736618,0.445376,0.847068,0.710057,4.393472,-8.501966,6.130090,,,,
0,150,150.000000,agent_4,actor_logits,3,1,4,6.130090,-8.501968,1.736613,0.445377,0.847068,0.710055,4.393477,-8.501968,6.130090,,,,
0,150,150.000000,agent_5,actor_logits,3,1,4,6.130091,-8.501967,1.736614,0.445376,0.847068,0.710055,4.393476,-8.501967,6.130091,,,,
0,152,152.000000,agent_0,actor_logits,1,1,4,5.246722,-4.488686,2.477709,0.275119,0.922303,-3.056292,5.246722,-4.488686,2.769014,,,,
0,152,152.000000,agent_1,actor_logits,1,1,4,5.246691,-4.488658,2.477682,0.275124,0.922301,-3.056278,5.246691,-4.488658,2.769009,,,,
0,152,152.000000,agent_2,actor_logits,1,1,4,5.246722,-4.488685,2.477708,0.275119,0.922303,-3.056292,5.246722,-4.488685,2.769013,,,,
0,152,152.000000,agent_3,actor_logits,1,1,4,5.246708,-4.488673,2.477697,0.275121,0.922302,-3.056285,5.246708,-4.488673,2.769011,,,,
0,152,152.000000,agent_4,actor_logits,1,1,4,5.246710,-4.488676,2.477698,0.275121,0.922302,-3.056287,5.246710,-4.488676,2.769012,,,,
0,152,152.000000,agent_5,actor_logits,1,1,4,5.246710,-4.488675,2.477699,0.275120,0.922303,-3.056286,5.246710,-4.488675,2.769011,,,,
0,154,154.000000,agent_0,actor_logits,1,1,4,7.337011,-11.344431,3.595706,0.128872,0.972601,3.741305,7.337011,-11.344431,0.113563,,,,
0,154,154.000000,agent_1,actor_logits,1,1,4,7.336977,-11.344411,3.595661,0.128877,0.972600,3.741316,7.336977,-11.344411,0.113574,,,,
0,154,154.000000,agent_2,actor_logits,1,1,4,7.337009,-11.344431,3.595704,0.128872,0.972601,3.741305,7.337009,-11.344431,0.113563,,,,
0,154,154.000000,agent_3,actor_logits,1,1,4,7.336994,-11.344420,3.595683,0.128875,0.972601,3.741311,7.336994,-11.344420,0.113567,,,,
0,154,154.000000,agent_4,actor_logits,1,1,4,7.336998,-11.344424,3.595687,0.128874,0.972601,3.741311,7.336998,-11.344424,0.113565,,,,
0,154,154.000000,agent_5,actor_logits,1,1,4,7.336996,-11.344423,3.595685,0.128874,0.972601,3.741311,7.336996,-11.344423,0.113566,,,,
0,156,156.000000,agent_0,actor_logits,0,1,3,9.459590,-10.460035,11.936921,0.000085,0.999993,9.459590,-10.460035,-2.477331,,,,,
0,156,156.000000,agent_1,actor_logits,0,1,3,9.459575,-10.460022,11.936902,0.000085,0.999993,9.459575,-10.460022,-2.477328,,,,,
0,156,156.000000,agent_2,actor_logits,0,1,3,9.459589,-10.460033,11.936921,0.000085,0.999993,9.459589,-10.460033,-2.477332,,,,,
0,156,156.000000,agent_3,actor_logits,0,1,3,9.459581,-10.460028,11.936910,0.000085,0.999993,9.459581,-10.460028,-2.477328,,,,,
0,156,156.000000,agent_4,actor_logits,0,1,3,9.459583,-10.460030,11.936913,0.000085,0.999993,9.459583,-10.460030,-2.477329,,,,,
0,156,156.000000,agent_5,actor_logits,0,1,3,9.459584,-10.460030,11.936913,0.000085,0.999993,9.459584,-10.460030,-2.477328,,,,,
0,158,158.000000,agent_0,actor_logits,1,1,3,7.191523,-7.360314,12.406977,0.000062,0.999995,-7.360314,7.191523,-5.215455,,,,,
0,158,158.000000,agent_1,actor_logits,1,1,3,7.191525,-7.360301,12.406984,0.000062,0.999995,-7.360301,7.191525,-5.215459,,,,,
0,158,158.000000,agent_2,actor_logits,1,1,3,7.191523,-7.360315,12.406977,0.000062,0.999995,-7.360315,7.191523,-5.215454,,,,,
0,158,158.000000,agent_3,actor_logits,1,1,3,7.191524,-7.360309,12.406979,0.000062,0.999995,-7.360309,7.191524,-5.215455,,,,,
0,158,158.000000,agent_4,actor_logits,1,1,3,7.191524,-7.360309,12.406980,0.000062,0.999995,-7.360309,7.191524,-5.215456,,,,,
0,158,158.000000,agent_5,actor_logits,1,1,3,7.191524,-7.360309,12.406979,0.000062,0.999995,-7.360309,7.191524,-5.215455,,,,,
0,160,160.000000,agent_0,actor_logits,0,1,4,6.544278,-12.988231,2.408237,0.370046,0.900919,6.544278,2.632425,-12.988231,4.136042,,,,
0,160,160.000000,agent_1,actor_logits,0,1,4,6.544292,-12.988238,2.408254,0.370042,0.900921,6.544292,2.632421,-12.988238,4.136038,,,,
0,160,160.000000,agent_2,actor_logits,0,1,4,6.544277,-12.988231,2.408235,0.370047,0.900919,6.544277,2.632426,-12.988231,4.136042,,,,
0,160,160.000000,agent_3,actor_logits,0,1,4,6.544283,-12.988235,2.408244,0.370045,0.900920,6.544283,2.632425,-12.988235,4.136040,,,,
0,160,160.000000,agent_4,actor_logits,0,1,4,6.544283,-12.988235,2.408243,0.370045,0.900920,6.544283,2.632425,-12.988235,4.136040,,,,
0,160,160.000000,agent_5,actor_logits,0,1,4,6.544283,-12.988235,2.408243,0.370045,0.900920,6.544283,2.632425,-12.988235,4.136041,,,,
0,162,162.000000,agent_0,actor_logits,3,1,4,6.731666,-9.960656,2.134702,0.344370,0.893441,-9.960656,4.596964,-0.188267,6.731666,,,,
0,162,162.000000,agent_1,actor_logits,3,1,4,6.731663,-9.960650,2.134698,0.344371,0.893441,-9.960650,4.596965,-0.188271,6.731663,,,,
0,162,162.000000,agent_2,actor_logits,3,1,4,6.731667,-9.960656,2.134702,0.344370,0.893441,-9.960656,4.596964,-0.188267,6.731667,,,,
0,162,162.000000,agent_3,actor_logits,3,1,4,6.731665,-9.960653,2.134699,0.344371,0.893441,-9.960653,4.596966,-0.188271,6.731665,,,,
0,162,162.000000,agent_4,actor_logits,3,1,4,6.731665,-9.960653,2.134699,0.344371,0.893441,-9.960653,4.596966,-0.188271,6.731665,,,,
0,162,162.000000,agent_5,actor_logits,3,1,4,6.731666,-9.960654,2.134699,0.344371,0.893441,-9.960654,4.596966,-0.188270,6.731666,,,,
0,164,164.000000,agent_0,actor_logits,1,1,4,7.381871,-9.550187,3.844706,0.103874,0.978825,-0.949645,7.381871,-9.550187,3.537166,,,,
0,164,164.000000,agent_1,actor_logits,1,1,4,7.381869,-9.550189,3.844706,0.103874,0.978825,-0.949640,7.381869,-9.550189,3.537163,,,,
0,164,164.000000,agent_2,actor_logits,1,1,4,7.381871,-9.550187,3.844705,0.103874,0.978825,-0.949646,7.381871,-9.550187,3.537165,,,,
0,164,164.000000,agent_3,actor_logits,1,1,4,7.381872,-9.550189,3.844707,0.103874,0.978825,-0.949644,7.381872,-9.550189,3.537165,,,,
0,164,164.000000,agent_4,actor_logits,1,1,4,7.381873,-9.550189,3.844708,0.103874,0.978825,-0.949645,7.381873,-9.550189,3.537165,,,,
0,164,164.000000,agent_5,actor_logits,1,1,4,7.381872,-9.550189,3.844707,0.103874,0.978825,-0.949645,7.381872,-9.550189,3.537166,,,,
0,166,166.000000,agent_0,actor_logits,0,1,3,10.722959,-12.381875,12.167830,0.000068,0.999995,10.722959,-12.381875,-1.444872,,,,,
0,166,166.000000,agent_1,actor_logits,0,1,3,10.722960,-12.381872,12.167833,0.000068,0.999995,10.722960,-12.381872,-1.444872,,,,,
0,166,166.000000,agent_2,actor_logits,0,1,3,10.722959,-12.381874,12.167830,0.000068,0.999995,10.722959,-12.381874,-1.444872,,,,,
0,166,166.000000,agent_3,actor_logits,0,1,3,10.722958,-12.381873,12.167830,0.000068,0.999995,10.722958,-12.381873,-1.444872,,,,,
0,166,166.000000,agent_4,actor_logits,0,1,3,10.722960,-12.381874,12.167832,0.000068,0.999995,10.722960,-12.381874,-1.444872,,,,,
0,166,166.000000,agent_5,actor_logits,0,1,3,10.722958,-12.381874,12.167830,0.000068,0.999995,10.722958,-12.381874,-1.444872,,,,,
0,168,168.000000,agent_0,actor_logits,0,1,3,17.654444,-14.515000,21.767277,0.000000,1.000000,17.654444,-4.112833,-14.515000,,,,,
0,168,168.000000,agent_1,actor_logits,0,1,3,17.654444,-14.514998,21.767275,0.000000,1.000000,17.654444,-4.112831,-14.514998,,,,,
0,168,168.000000,agent_2,actor_logits,0,1,3,17.654444,-14.515000,21.767277,0.000000,1.000000,17.654444,-4.112832,-14.515000,,,,,
0,168,168.000000,agent_3,actor_logits,0,1,3,17.654444,-14.515000,21.767275,0.000000,1.000000,17.654444,-4.112831,-14.515000,,,,,
0,168,168.000000,agent_4,actor_logits,0,1,3,17.654444,-14.515000,21.767275,0.000000,1.000000,17.654444,-4.112832,-14.515000,,,,,
0,168,168.000000,agent_5,actor_logits,0,1,3,17.654444,-14.514998,21.767275,0.000000,1.000000,17.654444,-4.112831,-14.514998,,,,,
0,170,170.000000,agent_0,actor_logits,0,1,2,-3.061288,-6.642169,3.580881,0.124500,0.972904,-3.061288,-6.642169,,,,,,
0,170,170.000000,agent_1,actor_logits,0,1,2,-3.061289,-6.642169,3.580880,0.124500,0.972903,-3.061289,-6.642169,,,,,,
0,170,170.000000,agent_2,actor_logits,0,1,2,-3.061289,-6.642169,3.580881,0.124500,0.972904,-3.061289,-6.642169,,,,,,
0,170,170.000000,agent_3,actor_logits,0,1,2,-3.061290,-6.642170,3.580880,0.124500,0.972903,-3.061290,-6.642170,,,,,,
0,170,170.000000,agent_4,actor_logits,0,1,2,-3.061290,-6.642170,3.580880,0.124500,0.972903,-3.061290,-6.642170,,,,,,
0,170,170.000000,agent_5,actor_logits,0,1,2,-3.061290,-6.642170,3.580881,0.124500,0.972904,-3.061290,-6.642170,,,,,,
0,172,172.000000,agent_0,actor_logits,0,1,3,5.385826,-10.098872,6.800233,0.008680,0.998887,5.385826,-1.414408,-10.098872,,,,,
0,172,172.000000,agent_1,actor_logits,0,1,3,5.385825,-10.098871,6.800233,0.008680,0.998887,5.385825,-1.414408,-10.098871,,,,,
0,172,172.000000,agent_2,actor_logits,0,1,3,5.385826,-10.098872,6.800232,0.008680,0.998887,5.385826,-1.414407,-10.098872,,,,,
0,172,172.000000,agent_3,actor_logits,0,1,3,5.385825,-10.098871,6.800233,0.008680,0.998887,5.385825,-1.414408,-10.098871,,,,,
0,172,172.000000,agent_4,actor_logits,0,1,3,5.385825,-10.098872,6.800233,0.008680,0.998887,5.385825,-1.414408,-10.098872,,,,,
0,172,172.000000,agent_5,actor_logits,0,1,3,5.385826,-10.098872,6.800233,0.008680,0.998887,5.385826,-1.414408,-10.098872,,,,,
0,174,174.000000,agent_0,actor_logits,1,1,2,-3.805362,-11.966633,8.161271,0.002615,0.999715,-11.966633,-3.805362,,,,,,
0,174,174.000000,agent_1,actor_logits,1,1,2,-3.805362,-11.966633,8.161271,0.002615,0.999715,-11.966633,-3.805362,,,,,,
0,174,174.000000,agent_2,actor_logits,1,1,2,-3.805361,-11.966633,8.161272,0.002615,0.999715,-11.966633,-3.805361,,,,,,
0,174,174.000000,agent_3,actor_logits,1,1,2,-3.805363,-11.966633,8.161270,0.002615,0.999715,-11.966633,-3.805363,,,,,,
0,174,174.000000,agent_4,actor_logits,1,1,2,-3.805362,-11.966633,8.161271,0.002615,0.999715,-11.966633,-3.805362,,,,,,
0,174,174.000000,agent_5,actor_logits,1,1,2,-3.805362,-11.966633,8.161271,0.002615,0.999715,-11.966633,-3.805362,,,,,,
0,176,176.000000,agent_0,actor_logits,2,1,3,3.809264,-12.844238,2.888192,0.206507,0.947260,-12.844238,0.921073,3.809264,,,,,
0,176,176.000000,agent_1,actor_logits,2,1,3,3.809266,-12.844236,2.888195,0.206507,0.947260,-12.844236,0.921071,3.809266,,,,,
0,176,176.000000,agent_2,actor_logits,2,1,3,3.809264,-12.844238,2.888191,0.206508,0.947259,-12.844238,0.921073,3.809264,,,,,
0,176,176.000000,agent_3,actor_logits,2,1,3,3.809265,-12.844236,2.888193,0.206507,0.947260,-12.844236,0.921072,3.809265,,,,,
0,176,176.000000,agent_4,actor_logits,2,1,3,3.809265,-12.844237,2.888193,0.206507,0.947260,-12.844237,0.921072,3.809265,,,,,
0,176,176.000000,agent_5,actor_logits,2,1,3,3.809264,-12.844237,2.888192,0.206507,0.947260,-12.844237,0.921072,3.809264,,,,,
0,178,178.000000,agent_0,actor_logits,2,1,3,7.516413,-11.384652,9.400908,0.000860,0.999917,-11.384652,-1.884495,7.516413,,,,,
0,178,178.000000,agent_1,actor_logits,2,1,3,7.516415,-11.384651,9.400911,0.000860,0.999917,-11.384651,-1.884496,7.516415,,,,,
0,178,178.000000,agent_2,actor_logits,2,1,3,7.516413,-11.384651,9.400908,0.000860,0.999917,-11.384651,-1.884495,7.516413,,,,,
0,178,178.000000,agent_3,actor_logits,2,1,3,7.516414,-11.384651,9.400909,0.000860,0.999917,-11.384651,-1.884495,7.516414,,,,,
0,178,178.000000,agent_4,actor_logits,2,1,3,7.516413,-11.384651,9.400908,0.000860,0.999917,-11.384651,-1.884496,7.516413,,,,,
0,178,178.000000,agent_5,actor_logits,2,1,3,7.516414,-11.384651,9.400909,0.000860,0.999917,-11.384651,-1.884495,7.516414,,,,,
0,180,180.000000,agent_0,actor_logits,2,1,3,6.239820,-10.307676,6.001839,0.017285,0.997532,-10.307676,0.237980,6.239820,,,,,
0,180,180.000000,agent_1,actor_logits,2,1,3,6.239820,-10.307676,6.001842,0.017285,0.997532,-10.307676,0.237979,6.239820,,,,,
0,180,180.000000,agent_2,actor_logits,2,1,3,6.239820,-10.307676,6.001840,0.017285,0.997532,-10.307676,0.237980,6.239820,,,,,
0,180,180.000000,agent_3,actor_logits,2,1,3,6.239820,-10.307676,6.001840,0.017285,0.997532,-10.307676,0.237980,6.239820,,,,,
0,180,180.000000,agent_4,actor_logits,2,1,3,6.239820,-10.307676,6.001840,0.017285,0.997532,-10.307676,0.237980,6.239820,,,,,
0,180,180.000000,agent_5,actor_logits,2,1,3,6.239820,-10.307676,6.001840,0.017285,0.997532,-10.307676,0.237980,6.239820,,,,,
0,182,182.000000,agent_0,actor_logits,1,1,3,0.017457,-0.898047,0.592138,1.024883,0.511913,-0.898047,0.017457,-0.574681,,,,,
0,182,182.000000,agent_1,actor_logits,1,1,3,0.017455,-0.898046,0.592135,1.024883,0.511912,-0.898046,0.017455,-0.574680,,,,,
0,182,182.000000,agent_2,actor_logits,1,1,3,0.017456,-0.898046,0.592138,1.024883,0.511912,-0.898046,0.017456,-0.574681,,,,,
0,182,182.000000,agent_3,actor_logits,1,1,3,0.017456,-0.898047,0.592137,1.024883,0.511912,-0.898047,0.017456,-0.574681,,,,,
0,182,182.000000,agent_4,actor_logits,1,1,3,0.017456,-0.898046,0.592138,1.024883,0.511912,-0.898046,0.017456,-0.574681,,,,,
0,182,182.000000,agent_5,actor_logits,1,1,3,0.017456,-0.898046,0.592137,1.024883,0.511912,-0.898046,0.017456,-0.574681,,,,,
0,184,184.000000,agent_0,actor_logits,0,1,4,7.386434,-8.665623,4.703493,0.054988,0.990595,7.386434,-8.665623,-0.363451,2.682940,,,,
0,184,184.000000,agent_1,actor_logits,0,1,4,7.386433,-8.665623,4.703492,0.054988,0.990595,7.386433,-8.665623,-0.363451,2.682941,,,,
0,184,184.000000,agent_2,actor_logits,0,1,4,7.386434,-8.665623,4.703493,0.054988,0.990595,7.386434,-8.665623,-0.363451,2.682941,,,,
0,184,184.000000,agent_3,actor_logits,0,1,4,7.386433,-8.665623,4.703493,0.054988,0.990595,7.386433,-8.665623,-0.363451,2.682940,,,,
0,184,184.000000,agent_4,actor_logits,0,1,4,7.386434,-8.665623,4.703493,0.054988,0.990595,7.386434,-8.665623,-0.363451,2.682940,,,,
0,184,184.000000,agent_5,actor_logits,0,1,4,7.386434,-8.665623,4.703493,0.054988,0.990595,7.386434,-8.665623,-0.363451,2.682941,,,,
0,186,186.000000,agent_0,actor_logits,0,1,4,3.710386,-5.164621,1.151509,0.595587,0.753438,3.710386,-5.164621,-0.803986,2.558877,,,,
0,186,186.000000,agent_1,actor_logits,0,1,4,3.710385,-5.164621,1.151509,0.595587,0.753438,3.710385,-5.164621,-0.803986,2.558877,,,,
0,186,186.000000,agent_2,actor_logits,0,1,4,3.710385,-5.164621,1.151508,0.595587,0.753438,3.710385,-5.164621,-0.803987,2.558877,,,,
0,186,186.000000,agent_3,actor_logits,0,1,4,3.710385,-5.164621,1.151508,0.595587,0.753438,3.710385,-5.164621,-0.803986,2.558877,,,,
0,186,186.000000,agent_4,actor_logits,0,1,4,3.710386,-5.164621,1.151509,0.595587,0.753438,3.710386,-5.164621,-0.803987,2.558877,,,,
0,186,186.000000,agent_5,actor_logits,0,1,4,3.710386,-5.164621,1.151509,0.595587,0.753438,3.710386,-5.164621,-0.803987,2.558877,,,,
0,188,188.000000,agent_0,actor_logits,0,1,4,9.156806,-11.995478,5.814622,0.021763,0.996874,9.156806,-11.995478,0.369398,3.342184,,,,
0,188,188.000000,agent_1,actor_logits,0,1,4,9.156806,-11.995478,5.814623,0.021763,0.996874,9.156806,-11.995478,0.369397,3.342183,,,,
0,188,188.000000,agent_2,actor_logits,0,1,4,9.156807,-11.995478,5.814624,0.021763,0.996874,9.156807,-11.995478,0.369397,3.342183,,,,
0,188,188.000000,agent_3,actor_logits,0,1,4,9.156806,-11.995478,5.814624,0.021763,0.996874,9.156806,-11.995478,0.369397,3.342182,,,,
0,188,188.000000,agent_4,actor_logits,0,1,4,9.156807,-11.995478,5.814625,0.021763,0.996874,9.156807,-11.995478,0.369397,3.342182,,,,
0,188,188.000000,agent_5,actor_logits,0,1,4,9.156807,-11.995478,5.814624,0.021763,0.996874,9.156807,-11.995478,0.369397,3.342183,,,,
0,190,190.000000,agent_0,actor_logits,2,1,4,5.550106,-2.819816,7.747949,0.008314,0.999081,-2.197843,-2.719654,5.550106,-2.819816,,,,
0,190,190.000000,agent_1,actor_logits,2,1,4,5.550106,-2.819816,7.747949,0.008314,0.999081,-2.197843,-2.719654,5.550106,-2.819816,,,,
0,190,190.000000,agent_2,actor_logits,2,1,4,5.550106,-2.819816,7.747949,0.008314,0.999081,-2.197843,-2.719654,5.550106,-2.819816,,,,
0,190,190.000000,agent_3,actor_logits,2,1,4,5.550106,-2.819817,7.747949,0.008314,0.999081,-2.197844,-2.719654,5.550106,-2.819817,,,,
0,190,190.000000,agent_4,actor_logits,2,1,4,5.550106,-2.819816,7.747949,0.008314,0.999081,-2.197844,-2.719654,5.550106,-2.819816,,,,
0,190,190.000000,agent_5,actor_logits,2,1,4,5.550106,-2.819816,7.747949,0.008314,0.999081,-2.197844,-2.719654,5.550106,-2.819816,,,,
0,192,192.000000,agent_0,actor_logits,0,1,4,8.618048,-11.746588,4.213419,0.077255,0.985308,8.618048,-11.746588,-0.450936,4.404629,,,,
0,192,192.000000,agent_1,actor_logits,0,1,4,8.618047,-11.746588,4.213419,0.077255,0.985308,8.618047,-11.746588,-0.450936,4.404628,,,,
0,192,192.000000,agent_2,actor_logits,0,1,4,8.618048,-11.746588,4.213419,0.077255,0.985308,8.618048,-11.746588,-0.450936,4.404628,,,,
0,192,192.000000,agent_3,actor_logits,0,1,4,8.618048,-11.746588,4.213420,0.077255,0.985308,8.618048,-11.746588,-0.450936,4.404627,,,,
0,192,192.000000,agent_4,actor_logits,0,1,4,8.618047,-11.746588,4.213419,0.077255,0.985308,8.618047,-11.746588,-0.450937,4.404628,,,,
0,192,192.000000,agent_5,actor_logits,0,1,4,8.618047,-11.746588,4.213418,0.077255,0.985308,8.618047,-11.746588,-0.450937,4.404629,,,,
0,194,194.000000,agent_0,actor_logits,1,1,3,11.399067,-14.874110,15.287151,0.000004,1.000000,-14.874110,11.399067,-3.888084,,,,,
0,194,194.000000,agent_1,actor_logits,1,1,3,11.399067,-14.874110,15.287152,0.000004,1.000000,-14.874110,11.399067,-3.888085,,,,,
0,194,194.000000,agent_2,actor_logits,1,1,3,11.399067,-14.874111,15.287151,0.000004,1.000000,-14.874111,11.399067,-3.888085,,,,,
0,194,194.000000,agent_3,actor_logits,1,1,3,11.399067,-14.874109,15.287152,0.000004,1.000000,-14.874109,11.399067,-3.888086,,,,,
0,194,194.000000,agent_4,actor_logits,1,1,3,11.399067,-14.874109,15.287152,0.000004,1.000000,-14.874109,11.399067,-3.888085,,,,,
0,194,194.000000,agent_5,actor_logits,1,1,3,11.399068,-14.874109,15.287153,0.000004,1.000000,-14.874109,11.399068,-3.888086,,,,,
0,196,196.000000,agent_0,actor_logits,1,1,3,10.636003,-17.087105,15.080219,0.000004,1.000000,-17.087105,10.636003,-4.444216,,,,,
0,196,196.000000,agent_1,actor_logits,1,1,3,10.636002,-17.087103,15.080217,0.000004,1.000000,-17.087103,10.636002,-4.444216,,,,,
0,196,196.000000,agent_2,actor_logits,1,1,3,10.636003,-17.087105,15.080219,0.000004,1.000000,-17.087105,10.636003,-4.444216,,,,,
0,196,196.000000,agent_3,actor_logits,1,1,3,10.636003,-17.087105,15.080219,0.000004,1.000000,-17.087105,10.636003,-4.444217,,,,,
0,196,196.000000,agent_4,actor_logits,1,1,3,10.636003,-17.087107,15.080221,0.000004,1.000000,-17.087107,10.636003,-4.444217,,,,,
0,196,196.000000,agent_5,actor_logits,1,1,3,10.636002,-17.087105,15.080218,0.000004,1.000000,-17.087105,10.636002,-4.444217,,,,,
0,198,198.000000,agent_0,actor_logits,2,1,3,1.076981,-7.643626,2.676268,0.240333,0.935469,-7.643626,-1.599286,1.076981,,,,,
0,198,198.000000,agent_1,actor_logits,2,1,3,1.076981,-7.643625,2.676268,0.240333,0.935469,-7.643625,-1.599287,1.076981,,,,,
0,198,198.000000,agent_2,actor_logits,2,1,3,1.076981,-7.643626,2.676267,0.240333,0.935469,-7.643626,-1.599286,1.076981,,,,,
0,198,198.000000,agent_3,actor_logits,2,1,3,1.076981,-7.643625,2.676267,0.240333,0.935469,-7.643625,-1.599286,1.076981,,,,,
0,198,198.000000,agent_4,actor_logits,2,1,3,1.076981,-7.643625,2.676267,0.240333,0.935469,-7.643625,-1.599286,1.076981,,,,,
0,198,198.000000,agent_5,actor_logits,2,1,3,1.076981,-7.643626,2.676268,0.240333,0.935469,-7.643626,-1.599287,1.076981,,,,,
0,200,200.000000,agent_0,actor_logits,1,1,4,4.777654,-8.632838,0.783608,0.662340,0.681160,-8.632838,4.777654,0.297087,3.994045,,,,
0,200,200.000000,agent_1,actor_logits,1,1,4,4.777653,-8.632837,0.783608,0.662340,0.681160,-8.632837,4.777653,0.297087,3.994045,,,,
0,200,200.000000,agent_2,actor_logits,1,1,4,4.777654,-8.632839,0.783608,0.662340,0.681160,-8.632839,4.777654,0.297087,3.994046,,,,
0,200,200.000000,agent_3,actor_logits,1,1,4,4.777654,-8.632838,0.783608,0.662340,0.681160,-8.632838,4.777654,0.297087,3.994045,,,,
0,200,200.000000,agent_4,actor_logits,1,1,4,4.777654,-8.632839,0.783608,0.662340,0.681160,-8.632839,4.777654,0.297086,3.994046,,,,
0,200,200.000000,agent_5,actor_logits,1,1,4,4.777653,-8.632837,0.783607,0.662340,0.681160,-8.632837,4.777653,0.297087,3.994046,,,,
0,202,202.000000,agent_0,actor_logits,0,1,4,6.390905,-5.082635,3.357667,0.147656,0.966316,6.390905,-5.082635,-3.986705,3.033238,,,,
0,202,202.000000,agent_1,actor_logits,0,1,4,6.390905,-5.082636,3.357668,0.147656,0.966316,6.390905,-5.082636,-3.986706,3.033238,,,,
0,202,202.000000,agent_2,actor_logits,0,1,4,6.390904,-5.082635,3.357666,0.147656,0.966316,6.390904,-5.082635,-3.986706,3.033238,,,,
0,202,202.000000,agent_3,actor_logits,0,1,4,6.390905,-5.082635,3.357667,0.147656,0.966316,6.390905,-5.082635,-3.986706,3.033237,,,,
0,202,202.000000,agent_4,actor_logits,0,1,4,6.390906,-5.082635,3.357668,0.147656,0.966316,6.390906,-5.082635,-3.986706,3.033237,,,,
0,202,202.000000,agent_5,actor_logits,0,1,4,6.390905,-5.082636,3.357667,0.147656,0.966316,6.390905,-5.082636,-3.986706,3.033238,,,,
0,204,204.000000,agent_0,actor_logits,0,1,3,2.361553,-4.601343,5.208774,0.041244,0.993626,2.361553,-2.847221,-4.601343,,,,,
0,204,204.000000,agent_1,actor_logits,0,1,3,2.361554,-4.601343,5.208776,0.041244,0.993626,2.361554,-2.847222,-4.601343,,,,,
0,204,204.000000,agent_2,actor_logits,0,1,3,2.361552,-4.601343,5.208774,0.041244,0.993626,2.361552,-2.847222,-4.601343,,,,,
0,204,204.000000,agent_3,actor_logits,0,1,3,2.361554,-4.601344,5.208775,0.041244,0.993626,2.361554,-2.847221,-4.601344,,,,,
0,204,204.000000,agent_4,actor_logits,0,1,3,2.361554,-4.601345,5.208775,0.041244,0.993626,2.361554,-2.847221,-4.601345,,,,,
0,204,204.000000,agent_5,actor_logits,0,1,3,2.361554,-4.601343,5.208776,0.041244,0.993626,2.361554,-2.847223,-4.601343,,,,,
0,206,206.000000,agent_0,actor_logits,2,1,3,0.408923,-3.254514,1.114701,0.642322,0.738739,-0.705778,-3.254514,0.408923,,,,,
0,206,206.000000,agent_1,actor_logits,2,1,3,0.408922,-3.254514,1.114699,0.642323,0.738739,-0.705777,-3.254514,0.408922,,,,,
0,206,206.000000,agent_2,actor_logits,2,1,3,0.408922,-3.254513,1.114701,0.642322,0.738739,-0.705778,-3.254513,0.408922,,,,,
0,206,206.000000,agent_3,actor_logits,2,1,3,0.408922,-3.254513,1.114699,0.642323,0.738739,-0.705777,-3.254513,0.408922,,,,,
0,206,206.000000,agent_4,actor_logits,2,1,3,0.408922,-3.254513,1.114699,0.642323,0.738739,-0.705778,-3.254513,0.408922,,,,,
0,206,206.000000,agent_5,actor_logits,2,1,3,0.408923,-3.254515,1.114702,0.642322,0.738739,-0.705778,-3.254515,0.408923,,,,,
0,208,208.000000,agent_0,actor_logits,3,1,4,2.558378,-2.204097,2.565495,0.445628,0.888046,-0.644555,-2.204097,-0.007116,2.558378,,,,
0,208,208.000000,agent_1,actor_logits,3,1,4,2.558378,-2.204096,2.565494,0.445628,0.888045,-0.644556,-2.204096,-0.007116,2.558378,,,,
0,208,208.000000,agent_2,actor_logits,3,1,4,2.558378,-2.204096,2.565495,0.445628,0.888046,-0.644556,-2.204096,-0.007117,2.558378,,,,
0,208,208.000000,agent_3,actor_logits,3,1,4,2.558378,-2.204096,2.565495,0.445628,0.888046,-0.644556,-2.204096,-0.007116,2.558378,,,,
0,208,208.000000,agent_4,actor_logits,3,1,4,2.558377,-2.204095,2.565493,0.445628,0.888045,-0.644556,-2.204095,-0.007116,2.558377,,,,
0,208,208.000000,agent_5,actor_logits,3,1,4,2.558379,-2.204097,2.565495,0.445628,0.888046,-0.644555,-2.204097,-0.007117,2.558379,,,,
0,210,210.000000,agent_0,actor_logits,0,1,4,7.312784,-7.770645,5.490997,0.028361,0.995718,7.312784,-7.770645,-1.329038,1.821787,,,,
0,210,210.000000,agent_1,actor_logits,0,1,4,7.312785,-7.770644,5.490998,0.028361,0.995718,7.312785,-7.770644,-1.329038,1.821786,,,,
0,210,210.000000,agent_2,actor_logits,0,1,4,7.312784,-7.770646,5.490997,0.028361,0.995718,7.312784,-7.770646,-1.329037,1.821787,,,,
0,210,210.000000,agent_3,actor_logits,0,1,4,7.312785,-7.770646,5.490998,0.028361,0.995718,7.312785,-7.770646,-1.329038,1.821787,,,,
0,210,210.000000,agent_4,actor_logits,0,1,4,7.312786,-7.770646,5.490999,0.028361,0.995718,7.312786,-7.770646,-1.329038,1.821787,,,,
0,210,210.000000,agent_5,actor_logits,0,1,4,7.312784,-7.770645,5.490997,0.028361,0.995718,7.312784,-7.770645,-1.329037,1.821787,,,,
0,212,212.000000,agent_0,actor_logits,3,1,4,0.289513,-1.371838,0.044503,1.243494,0.374099,-1.371838,-0.351543,0.245011,0.289513,,,,
0,212,212.000000,agent_1,actor_logits,3,1,4,0.289514,-1.371838,0.044503,1.243494,0.374099,-1.371838,-0.351542,0.245011,0.289514,,,,
0,212,212.000000,agent_2,actor_logits,3,1,4,0.289514,-1.371838,0.044503,1.243494,0.374099,-1.371838,-0.351543,0.245011,0.289514,,,,
0,212,212.000000,agent_3,actor_logits,3,1,4,0.289514,-1.371838,0.044503,1.243494,0.374099,-1.371838,-0.351542,0.245010,0.289514,,,,
0,212,212.000000,agent_4,actor_logits,3,1,4,0.289514,-1.371838,0.044504,1.243494,0.374099,-1.371838,-0.351542,0.245010,0.289514,,,,
0,212,212.000000,agent_5,actor_logits,3,1,4,0.289513,-1.371838,0.044502,1.243494,0.374099,-1.371838,-0.351543,0.245011,0.289513,,,,
0,214,214.000000,agent_0,actor_logits,3,1,4,2.270403,-1.357755,2.367362,0.589197,0.843382,-0.096959,-0.456693,-1.357755,2.270403,,,,
0,214,214.000000,agent_1,actor_logits,3,1,4,2.270404,-1.357756,2.367362,0.589197,0.843382,-0.096959,-0.456693,-1.357756,2.270404,,,,
0,214,214.000000,agent_2,actor_logits,3,1,4,2.270403,-1.357755,2.367362,0.589197,0.843382,-0.096959,-0.456693,-1.357755,2.270403,,,,
0,214,214.000000,agent_3,actor_logits,3,1,4,2.270403,-1.357756,2.367362,0.589197,0.843382,-0.096958,-0.456693,-1.357756,2.270403,,,,
0,214,214.000000,agent_4,actor_logits,3,1,4,2.270403,-1.357756,2.367362,0.589197,0.843382,-0.096958,-0.456693,-1.357756,2.270403,,,,
0,214,214.000000,agent_5,actor_logits,3,1,4,2.270403,-1.357755,2.367362,0.589197,0.843382,-0.096958,-0.456693,-1.357755,2.270403,,,,
0,216,216.000000,agent_0,actor_logits,0,1,4,3.028985,-2.914879,1.527007,0.523161,0.813789,3.028985,-1.680158,-2.914879,1.501977,,,,
0,216,216.000000,agent_1,actor_logits,0,1,4,3.028985,-2.914879,1.527007,0.523161,0.813789,3.028985,-1.680158,-2.914879,1.501978,,,,
0,216,216.000000,agent_2,actor_logits,0,1,4,3.028985,-2.914879,1.527008,0.523161,0.813790,3.028985,-1.680158,-2.914879,1.501977,,,,
0,216,216.000000,agent_3,actor_logits,0,1,4,3.028985,-2.914879,1.527008,0.523161,0.813790,3.028985,-1.680158,-2.914879,1.501977,,,,
0,216,216.000000,agent_4,actor_logits,0,1,4,3.028985,-2.914878,1.527007,0.523161,0.813789,3.028985,-1.680158,-2.914878,1.501977,,,,
0,216,216.000000,agent_5,actor_logits,0,1,4,3.028985,-2.914879,1.527007,0.523161,0.813789,3.028985,-1.680159,-2.914879,1.501978,,,,
0,218,218.000000,agent_0,actor_logits,3,1,4,1.920629,-1.666826,2.088090,0.721527,0.786601,-0.167461,-1.666826,-0.202140,1.920629,,,,
0,218,218.000000,agent_1,actor_logits,3,1,4,1.920629,-1.666826,2.088090,0.721527,0.786601,-0.167461,-1.666826,-0.202140,1.920629,,,,
0,218,218.000000,agent_2,actor_logits,3,1,4,1.920629,-1.666826,2.088091,0.721527,0.786601,-0.167461,-1.666826,-0.202139,1.920629,,,,
0,218,218.000000,agent_3,actor_logits,3,1,4,1.920629,-1.666826,2.088090,0.721527,0.786601,-0.167461,-1.666826,-0.202139,1.920629,,,,
0,218,218.000000,agent_4,actor_logits,3,1,4,1.920629,-1.666826,2.088090,0.721527,0.786601,-0.167461,-1.666826,-0.202139,1.920629,,,,
0,218,218.000000,agent_5,actor_logits,3,1,4,1.920630,-1.666826,2.088090,0.721527,0.786601,-0.167461,-1.666826,-0.202140,1.920630,,,,
0,220,220.000000,agent_0,actor_logits,1,1,4,2.064883,-3.108881,0.398939,0.827437,0.574143,-3.108881,2.064883,-0.667992,1.665943,,,,
0,220,220.000000,agent_1,actor_logits,1,1,4,2.064883,-3.108882,0.398940,0.827437,0.574143,-3.108882,2.064883,-0.667992,1.665943,,,,
0,220,220.000000,agent_2,actor_logits,1,1,4,2.064882,-3.108881,0.398939,0.827437,0.574143,-3.108881,2.064882,-0.667991,1.665943,,,,
0,220,220.000000,agent_3,actor_logits,1,1,4,2.064883,-3.108881,0.398941,0.827437,0.574143,-3.108881,2.064883,-0.667992,1.665942,,,,
0,220,220.000000,agent_4,actor_logits,1,1,4,2.064883,-3.108881,0.398940,0.827437,0.574143,-3.108881,2.064883,-0.667992,1.665943,,,,
0,220,220.000000,agent_5,actor_logits,1,1,4,2.064883,-3.108881,0.398940,0.827437,0.574143,-3.108881,2.064883,-0.667992,1.665943,,,,
0,222,222.000000,agent_0,actor_logits,0,1,4,9.185722,-17.044065,2.177728,0.334811,0.897563,9.185722,7.007994,-17.044065,2.090596,,,,
0,222,222.000000,agent_1,actor_logits,0,1,4,9.185722,-17.044065,2.177728,0.334811,0.897563,9.185722,7.007994,-17.044065,2.090595,,,,
0,222,222.000000,agent_2,actor_logits,0,1,4,9.185724,-17.044065,2.177732,0.334810,0.897563,9.185724,7.007993,-17.044065,2.090595,,,,
0,222,222.000000,agent_3,actor_logits,0,1,4,9.185723,-17.044065,2.177729,0.334811,0.897563,9.185723,7.007995,-17.044065,2.090595,,,,
0,222,222.000000,agent_4,actor_logits,0,1,4,9.185723,-17.044065,2.177730,0.334811,0.897563,9.185723,7.007994,-17.044065,2.090596,,,,
0,222,222.000000,agent_5,actor_logits,0,1,4,9.185723,-17.044065,2.177729,0.334811,0.897563,9.185723,7.007994,-17.044065,2.090596,,,,
0,224,224.000000,agent_0,actor_logits,0,1,4,15.926647,-20.386026,13.172430,0.000053,0.999996,15.926647,2.710760,-20.386026,2.754218,,,,
0,224,224.000000,agent_1,actor_logits,0,1,4,15.926647,-20.386026,13.172428,0.000053,0.999996,15.926647,2.710760,-20.386026,2.754219,,,,
0,224,224.000000,agent_2,actor_logits,0,1,4,15.926647,-20.386026,13.172429,0.000053,0.999996,15.926647,2.710759,-20.386026,2.754218,,,,
0,224,224.000000,agent_3,actor_logits,0,1,4,15.926647,-20.386028,13.172428,0.000053,0.999996,15.926647,2.710761,-20.386028,2.754219,,,,
0,224,224.000000,agent_4,actor_logits,0,1,4,15.926647,-20.386028,13.172428,0.000053,0.999996,15.926647,2.710759,-20.386028,2.754219,,,,
0,224,224.000000,agent_5,actor_logits,0,1,4,15.926647,-20.386028,13.172429,0.000053,0.999996,15.926647,2.710760,-20.386028,2.754218,,,,
0,226,226.000000,agent_0,actor_logits,0,1,4,5.788372,-9.803340,2.598204,0.311157,0.920140,5.788372,1.397014,-9.803340,3.190168,,,,
0,226,226.000000,agent_1,actor_logits,0,1,4,5.788372,-9.803339,2.598203,0.311157,0.920140,5.788372,1.397013,-9.803339,3.190168,,,,
0,226,226.000000,agent_2,actor_logits,0,1,4,5.788373,-9.803340,2.598205,0.311157,0.920140,5.788373,1.397014,-9.803340,3.190168,,,,
0,226,226.000000,agent_3,actor_logits,0,1,4,5.788373,-9.803340,2.598205,0.311157,0.920140,5.788373,1.397014,-9.803340,3.190167,,,,
0,226,226.000000,agent_4,actor_logits,0,1,4,5.788372,-9.803340,2.598203,0.311157,0.920140,5.788372,1.397014,-9.803340,3.190169,,,,
0,226,226.000000,agent_5,actor_logits,0,1,4,5.788372,-9.803340,2.598203,0.311157,0.920140,5.788372,1.397014,-9.803340,3.190168,,,,
0,228,228.000000,agent_0,actor_logits,0,1,3,17.024466,-16.411959,22.065529,0.000000,1.000000,17.024466,-5.041064,-16.411959,,,,,
0,228,228.000000,agent_1,actor_logits,0,1,3,17.024466,-16.411957,22.065529,0.000000,1.000000,17.024466,-5.041063,-16.411957,,,,,
0,228,228.000000,agent_2,actor_logits,0,1,3,17.024464,-16.411957,22.065527,0.000000,1.000000,17.024464,-5.041063,-16.411957,,,,,
0,228,228.000000,agent_3,actor_logits,0,1,3,17.024464,-16.411957,22.065527,0.000000,1.000000,17.024464,-5.041063,-16.411957,,,,,
0,228,228.000000,agent_4,actor_logits,0,1,3,17.024464,-16.411957,22.065527,0.000000,1.000000,17.024464,-5.041063,-16.411957,,,,,
0,228,228.000000,agent_5,actor_logits,0,1,3,17.024464,-16.411957,22.065527,0.000000,1.000000,17.024464,-5.041063,-16.411957,,,,,
0,230,230.000000,agent_0,actor_logits,1,1,2,-7.123124,-7.581166,0.458043,0.667594,0.612550,-7.581166,-7.123124,,,,,,
0,230,230.000000,agent_1,actor_logits,1,1,2,-7.123124,-7.581166,0.458043,0.667594,0.612550,-7.581166,-7.123124,,,,,,
0,230,230.000000,agent_2,actor_logits,1,1,2,-7.123123,-7.581166,0.458044,0.667594,0.612550,-7.581166,-7.123123,,,,,,
0,230,230.000000,agent_3,actor_logits,1,1,2,-7.123123,-7.581166,0.458043,0.667594,0.612550,-7.581166,-7.123123,,,,,,
0,230,230.000000,agent_4,actor_logits,1,1,2,-7.123124,-7.581167,0.458043,0.667594,0.612550,-7.581167,-7.123124,,,,,,
0,230,230.000000,agent_5,actor_logits,1,1,2,-7.123123,-7.581167,0.458044,0.667594,0.612550,-7.581167,-7.123123,,,,,,
0,232,232.000000,agent_0,actor_logits,2,1,3,3.914280,-9.792555,6.417336,0.012110,0.998369,-9.792555,-2.503056,3.914280,,,,,
0,232,232.000000,agent_1,actor_logits,2,1,3,3.914280,-9.792556,6.417336,0.012110,0.998369,-9.792556,-2.503056,3.914280,,,,,
0,232,232.000000,agent_2,actor_logits,2,1,3,3.914280,-9.792555,6.417336,0.012110,0.998369,-9.792555,-2.503056,3.914280,,,,,
0,232,232.000000,agent_3,actor_logits,2,1,3,3.914280,-9.792555,6.417336,0.012110,0.998369,-9.792555,-2.503056,3.914280,,,,,
0,232,232.000000,agent_4,actor_logits,2,1,3,3.914280,-9.792555,6.417336,0.012110,0.998369,-9.792555,-2.503056,3.914280,,,,,
0,232,232.000000,agent_5,actor_logits,2,1,3,3.914280,-9.792555,6.417336,0.012110,0.998369,-9.792555,-2.503056,3.914280,,,,,
0,234,234.000000,agent_0,actor_logits,2,1,3,7.212506,-7.987214,12.063735,0.000079,0.999994,-7.987214,-4.851229,7.212506,,,,,
0,234,234.000000,agent_1,actor_logits,2,1,3,7.212505,-7.987215,12.063734,0.000079,0.999994,-7.987215,-4.851229,7.212505,,,,,
0,234,234.000000,agent_2,actor_logits,2,1,3,7.212506,-7.987215,12.063735,0.000079,0.999994,-7.987215,-4.851229,7.212506,,,,,
0,234,234.000000,agent_3,actor_logits,2,1,3,7.212505,-7.987214,12.063734,0.000079,0.999994,-7.987214,-4.851229,7.212505,,,,,
0,234,234.000000,agent_4,actor_logits,2,1,3,7.212505,-7.987214,12.063734,0.000079,0.999994,-7.987214,-4.851229,7.212505,,,,,
0,234,234.000000,agent_5,actor_logits,2,1,3,7.212505,-7.987214,12.063734,0.000079,0.999994,-7.987214,-4.851229,7.212505,,,,,
0,236,236.000000,agent_0,actor_logits,2,1,3,6.053069,-6.904531,8.627550,0.001757,0.999819,-6.904531,-2.574481,6.053069,,,,,
0,236,236.000000,agent_1,actor_logits,2,1,3,6.053069,-6.904531,8.627550,0.001757,0.999819,-6.904531,-2.574481,6.053069,,,,,
0,236,236.000000,agent_2,actor_logits,2,1,3,6.053069,-6.904531,8.627550,0.001757,0.999819,-6.904531,-2.574481,6.053069,,,,,
0,236,236.000000,agent_3,actor_logits,2,1,3,6.053069,-6.904531,8.627550,0.001757,0.999819,-6.904531,-2.574481,6.053069,,,,,
0,236,236.000000,agent_4,actor_logits,2,1,3,6.053069,-6.904531,8.627550,0.001757,0.999819,-6.904531,-2.574481,6.053069,,,,,
0,236,236.000000,agent_5,actor_logits,2,1,3,6.053069,-6.904531,8.627550,0.001757,0.999819,-6.904531,-2.574481,6.053069,,,,,
0,238,238.000000,agent_0,actor_logits,2,1,3,0.979323,-3.290178,0.918918,0.647403,0.707744,0.060405,-3.290178,0.979323,,,,,
0,238,238.000000,agent_1,actor_logits,2,1,3,0.979323,-3.290177,0.918917,0.647403,0.707744,0.060405,-3.290177,0.979323,,,,,
0,238,238.000000,agent_2,actor_logits,2,1,3,0.979322,-3.290178,0.918917,0.647403,0.707744,0.060405,-3.290178,0.979322,,,,,
0,238,238.000000,agent_3,actor_logits,2,1,3,0.979323,-3.290177,0.918917,0.647403,0.707744,0.060405,-3.290177,0.979323,,,,,
0,238,238.000000,agent_4,actor_logits,2,1,3,0.979323,-3.290178,0.918917,0.647403,0.707744,0.060406,-3.290178,0.979323,,,,,
0,238,238.000000,agent_5,actor_logits,2,1,3,0.979323,-3.290177,0.918917,0.647403,0.707744,0.060406,-3.290177,0.979323,,,,,
0,240,240.000000,agent_0,actor_logits,0,1,3,2.333632,-3.456715,0.353500,0.689680,0.586413,2.333632,1.980132,-3.456715,,,,,
0,240,240.000000,agent_1,actor_logits,0,1,3,2.333633,-3.456716,0.353500,0.689680,0.586413,2.333633,1.980133,-3.456716,,,,,
0,240,240.000000,agent_2,actor_logits,0,1,3,2.333632,-3.456716,0.353499,0.689680,0.586413,2.333632,1.980133,-3.456716,,,,,
0,240,240.000000,agent_3,actor_logits,0,1,3,2.333633,-3.456715,0.353501,0.689680,0.586413,2.333633,1.980132,-3.456715,,,,,
0,240,240.000000,agent_4,actor_logits,0,1,3,2.333632,-3.456715,0.353500,0.689680,0.586413,2.333632,1.980132,-3.456715,,,,,
0,240,240.000000,agent_5,actor_logits,0,1,3,2.333633,-3.456716,0.353500,0.689680,0.586413,2.333633,1.980132,-3.456716,,,,,
0,242,242.000000,agent_0,actor_logits,0,1,3,5.574682,-5.418853,7.566724,0.004632,0.999466,5.574682,-1.992042,-5.418853,,,,,
0,242,242.000000,agent_1,actor_logits,0,1,3,5.574681,-5.418853,7.566723,0.004632,0.999466,5.574681,-1.992042,-5.418853,,,,,
0,242,242.000000,agent_2,actor_logits,0,1,3,5.574680,-5.418853,7.566721,0.004632,0.999466,5.574680,-1.992041,-5.418853,,,,,
0,242,242.000000,agent_3,actor_logits,0,1,3,5.574681,-5.418852,7.566722,0.004632,0.999466,5.574681,-1.992042,-5.418852,,,,,
0,242,242.000000,agent_4,actor_logits,0,1,3,5.574681,-5.418852,7.566722,0.004632,0.999466,5.574681,-1.992042,-5.418852,,,,,
0,242,242.000000,agent_5,actor_logits,0,1,3,5.574681,-5.418853,7.566722,0.004632,0.999466,5.574681,-1.992042,-5.418853,,,,,
0,244,244.000000,agent_0,actor_logits,0,1,3,4.871382,-7.396330,3.672219,0.116196,0.975206,4.871382,1.199163,-7.396330,,,,,
0,244,244.000000,agent_1,actor_logits,0,1,3,4.871383,-7.396331,3.672219,0.116196,0.975206,4.871383,1.199164,-7.396331,,,,,
0,244,244.000000,agent_2,actor_logits,0,1,3,4.871382,-7.396331,3.672218,0.116197,0.975206,4.871382,1.199164,-7.396331,,,,,
0,244,244.000000,agent_3,actor_logits,0,1,3,4.871382,-7.396330,3.672219,0.116196,0.975206,4.871382,1.199164,-7.396330,,,,,
0,244,244.000000,agent_4,actor_logits,0,1,3,4.871383,-7.396330,3.672219,0.116196,0.975206,4.871383,1.199164,-7.396330,,,,,
0,244,244.000000,agent_5,actor_logits,0,1,3,4.871382,-7.396331,3.672219,0.116196,0.975206,4.871382,1.199163,-7.396331,,,,,
0,246,246.000000,agent_0,actor_logits,0,1,3,7.255711,-7.727642,7.920953,0.003243,0.999637,7.255711,-0.665242,-7.727642,,,,,
0,246,246.000000,agent_1,actor_logits,0,1,3,7.255711,-7.727641,7.920954,0.003243,0.999637,7.255711,-0.665242,-7.727641,,,,,
0,246,246.000000,agent_2,actor_logits,0,1,3,7.255710,-7.727641,7.920951,0.003243,0.999637,7.255710,-0.665242,-7.727641,,,,,
0,246,246.000000,agent_3,actor_logits,0,1,3,7.255710,-7.727641,7.920952,0.003243,0.999637,7.255710,-0.665242,-7.727641,,,,,
0,246,246.000000,agent_4,actor_logits,0,1,3,7.255711,-7.727640,7.920953,0.003243,0.999637,7.255711,-0.665242,-7.727640,,,,,
0,246,246.000000,agent_5,actor_logits,0,1,3,7.255710,-7.727641,7.920952,0.003243,0.999637,7.255710,-0.665242,-7.727641,,,,,
0,248,248.000000,agent_0,actor_logits,0,1,3,13.256100,-15.732914,12.060170,0.000076,0.999994,13.256100,1.195929,-15.732914,,,,,
0,248,248.000000,agent_1,actor_logits,0,1,3,13.256100,-15.732914,12.060170,0.000076,0.999994,13.256100,1.195929,-15.732914,,,,,
0,248,248.000000,agent_2,actor_logits,0,1,3,13.256099,-15.732915,12.060169,0.000076,0.999994,13.256099,1.195929,-15.732915,,,,,
0,248,248.000000,agent_3,actor_logits,0,1,3,13.256100,-15.732914,12.060171,0.000076,0.999994,13.256100,1.195929,-15.732914,,,,,
0,248,248.000000,agent_4,actor_logits,0,1,3,13.256100,-15.732915,12.060171,0.000076,0.999994,13.256100,1.195929,-15.732915,,,,,
0,248,248.000000,agent_5,actor_logits,0,1,3,13.256100,-15.732914,12.060171,0.000076,0.999994,13.256100,1.195928,-15.732914,,,,,
0,250,250.000000,agent_0,actor_logits,0,1,2,-4.415979,-11.572961,7.156981,0.006353,0.999221,-4.415979,-11.572961,,,,,,
0,250,250.000000,agent_1,actor_logits,0,1,2,-4.415979,-11.572962,7.156983,0.006353,0.999221,-4.415979,-11.572962,,,,,,
0,250,250.000000,agent_2,actor_logits,0,1,2,-4.415979,-11.572962,7.156982,0.006353,0.999221,-4.415979,-11.572962,,,,,,
0,250,250.000000,agent_3,actor_logits,0,1,2,-4.415980,-11.572962,7.156982,0.006353,0.999221,-4.415980,-11.572962,,,,,,
0,250,250.000000,agent_4,actor_logits,0,1,2,-4.415979,-11.572962,7.156982,0.006353,0.999221,-4.415979,-11.572962,,,,,,
0,250,250.000000,agent_5,actor_logits,0,1,2,-4.415980,-11.572961,7.156981,0.006353,0.999221,-4.415980,-11.572961,,,,,,
0,252,252.000000,agent_0,actor_logits,1,1,3,3.272101,-7.029557,6.834806,0.008798,0.998892,-7.029557,3.272101,-3.562706,,,,,
0,252,252.000000,agent_1,actor_logits,1,1,3,3.272101,-7.029557,6.834807,0.008798,0.998892,-7.029557,3.272101,-3.562706,,,,,
0,252,252.000000,agent_2,actor_logits,1,1,3,3.272101,-7.029557,6.834806,0.008798,0.998892,-7.029557,3.272101,-3.562705,,,,,
0,252,252.000000,agent_3,actor_logits,1,1,3,3.272101,-7.029557,6.834806,0.008798,0.998892,-7.029557,3.272101,-3.562705,,,,,
0,252,252.000000,agent_4,actor_logits,1,1,3,3.272101,-7.029557,6.834806,0.008798,0.998892,-7.029557,3.272101,-3.562705,,,,,
0,252,252.000000,agent_5,actor_logits,1,1,3,3.272101,-7.029558,6.834806,0.008798,0.998892,-7.029558,3.272101,-3.562705,,,,,
0,254,254.000000,agent_0,actor_logits,1,1,3,7.102353,-17.289534,9.070147,0.001158,0.999885,-17.289534,7.102353,-1.967794,,,,,
0,254,254.000000,agent_1,actor_logits,1,1,3,7.102353,-17.289534,9.070147,0.001158,0.999885,-17.289534,7.102353,-1.967794,,,,,
0,254,254.000000,agent_2,actor_logits,1,1,3,7.102353,-17.289532,9.070147,0.001158,0.999885,-17.289532,7.102353,-1.967794,,,,,
0,254,254.000000,agent_3,actor_logits,1,1,3,7.102354,-17.289532,9.070148,0.001158,0.999885,-17.289532,7.102354,-1.967794,,,,,
0,254,254.000000,agent_4,actor_logits,1,1,3,7.102354,-17.289534,9.070148,0.001158,0.999885,-17.289534,7.102354,-1.967794,,,,,
0,254,254.000000,agent_5,actor_logits,1,1,3,7.102353,-17.289534,9.070147,0.001158,0.999885,-17.289534,7.102353,-1.967794,,,,,
0,256,256.000000,agent_0,actor_logits,1,1,3,6.385086,-22.524824,2.939386,0.199223,0.949759,-22.524824,6.385086,3.445699,,,,,
0,256,256.000000,agent_1,actor_logits,1,1,3,6.385086,-22.524824,2.939387,0.199223,0.949759,-22.524824,6.385086,3.445699,,,,,
0,256,256.000000,agent_2,actor_logits,1,1,3,6.385086,-22.524824,2.939386,0.199223,0.949759,-22.524824,6.385086,3.445699,,,,,
0,256,256.000000,agent_3,actor_logits,1,1,3,6.385086,-22.524824,2.939387,0.199223,0.949759,-22.524824,6.385086,3.445699,,,,,
0,256,256.000000,agent_4,actor_logits,1,1,3,6.385086,-22.524824,2.939387,0.199223,0.949759,-22.524824,6.385086,3.445699,,,,,
0,256,256.000000,agent_5,actor_logits,1,1,3,6.385085,-22.524824,2.939385,0.199223,0.949759,-22.524824,6.385085,3.445700,,,,,
0,258,258.000000,agent_0,actor_logits,1,1,3,5.293547,-21.504469,0.401364,0.673409,0.599015,-21.504469,5.293547,4.892183,,,,,
0,258,258.000000,agent_1,actor_logits,1,1,3,5.293547,-21.504469,0.401364,0.673409,0.599015,-21.504469,5.293547,4.892183,,,,,
0,258,258.000000,agent_2,actor_logits,1,1,3,5.293546,-21.504471,0.401363,0.673409,0.599015,-21.504471,5.293546,4.892183,,,,,
0,258,258.000000,agent_3,actor_logits,1,1,3,5.293547,-21.504471,0.401364,0.673409,0.599015,-21.504471,5.293547,4.892183,,,,,
0,258,258.000000,agent_4,actor_logits,1,1,3,5.293548,-21.504469,0.401365,0.673409,0.599016,-21.504469,5.293548,4.892183,,,,,
0,258,258.000000,agent_5,actor_logits,1,1,3,5.293546,-21.504471,0.401362,0.673409,0.599015,-21.504471,5.293546,4.892184,,,,,
0,260,260.000000,agent_0,actor_logits,2,1,3,6.966480,-22.413683,0.922613,0.597085,0.715574,-22.413683,6.043867,6.966480,,,,,
0,260,260.000000,agent_1,actor_logits,2,1,3,6.966480,-22.413683,0.922612,0.597085,0.715574,-22.413683,6.043868,6.966480,,,,,
0,260,260.000000,agent_2,actor_logits,2,1,3,6.966480,-22.413681,0.922612,0.597085,0.715574,-22.413681,6.043868,6.966480,,,,,
0,260,260.000000,agent_3,actor_logits,2,1,3,6.966480,-22.413683,0.922613,0.597085,0.715574,-22.413683,6.043867,6.966480,,,,,
0,260,260.000000,agent_4,actor_logits,2,1,3,6.966480,-22.413683,0.922612,0.597085,0.715574,-22.413683,6.043868,6.966480,,,,,
0,260,260.000000,agent_5,actor_logits,2,1,3,6.966480,-22.413681,0.922613,0.597085,0.715574,-22.413681,6.043867,6.966480,,,,,
0,262,262.000000,agent_0,actor_logits,3,1,4,10.589973,-13.300498,3.547803,0.127791,0.972007,-13.300498,-0.810065,7.042170,10.589973,,,,
0,262,262.000000,agent_1,actor_logits,3,1,4,10.589973,-13.300496,3.547804,0.127791,0.972007,-13.300496,-0.810065,7.042169,10.589973,,,,
0,262,262.000000,agent_2,actor_logits,3,1,4,10.589973,-13.300497,3.547804,0.127791,0.972007,-13.300497,-0.810065,7.042169,10.589973,,,,
0,262,262.000000,agent_3,actor_logits,3,1,4,10.589972,-13.300497,3.547803,0.127791,0.972007,-13.300497,-0.810065,7.042169,10.589972,,,,
0,262,262.000000,agent_4,actor_logits,3,1,4,10.589973,-13.300497,3.547804,0.127791,0.972007,-13.300497,-0.810065,7.042170,10.589973,,,,
0,262,262.000000,agent_5,actor_logits,3,1,4,10.589972,-13.300497,3.547803,0.127791,0.972007,-13.300497,-0.810065,7.042169,10.589972,,,,
0,264,264.000000,agent_0,actor_logits,2,1,4,5.295024,-7.198732,4.117774,0.133888,0.974884,-7.198732,1.177250,5.295024,0.636296,,,,
0,264,264.000000,agent_1,actor_logits,2,1,4,5.295025,-7.198732,4.117775,0.133887,0.974884,-7.198732,1.177250,5.295025,0.636296,,,,
0,264,264.000000,agent_2,actor_logits,2,1,4,5.295024,-7.198732,4.117774,0.133888,0.974884,-7.198732,1.177251,5.295024,0.636296,,,,
0,264,264.000000,agent_3,actor_logits,2,1,4,5.295025,-7.198732,4.117775,0.133887,0.974884,-7.198732,1.177251,5.295025,0.636296,,,,
0,264,264.000000,agent_4,actor_logits,2,1,4,5.295025,-7.198732,4.117775,0.133887,0.974884,-7.198732,1.177250,5.295025,0.636296,,,,
0,264,264.000000,agent_5,actor_logits,2,1,4,5.295025,-7.198732,4.117775,0.133888,0.974884,-7.198732,1.177250,5.295025,0.636296,,,,
0,266,266.000000,agent_0,actor_logits,0,1,4,9.356964,-6.251433,10.207642,0.000456,0.999960,9.356964,-6.251433,-0.850678,-3.386692,,,,
0,266,266.000000,agent_1,actor_logits,0,1,4,9.356964,-6.251433,10.207642,0.000456,0.999960,9.356964,-6.251433,-0.850678,-3.386691,,,,
0,266,266.000000,agent_2,actor_logits,0,1,4,9.356964,-6.251433,10.207643,0.000456,0.999960,9.356964,-6.251433,-0.850679,-3.386692,,,,
0,266,266.000000,agent_3,actor_logits,0,1,4,9.356964,-6.251433,10.207642,0.000456,0.999960,9.356964,-6.251433,-0.850678,-3.386692,,,,
0,266,266.000000,agent_4,actor_logits,0,1,4,9.356964,-6.251433,10.207643,0.000456,0.999960,9.356964,-6.251433,-0.850678,-3.386692,,,,
0,266,266.000000,agent_5,actor_logits,0,1,4,9.356964,-6.251433,10.207642,0.000456,0.999960,9.356964,-6.251433,-0.850678,-3.386692,,,,
0,268,268.000000,agent_0,actor_logits,0,1,4,8.509019,-13.531344,4.387419,0.078368,0.986087,8.509019,-13.531344,2.118241,4.121600,,,,
0,268,268.000000,agent_1,actor_logits,0,1,4,8.509018,-13.531343,4.387419,0.078368,0.986087,8.509018,-13.531343,2.118241,4.121599,,,,
0,268,268.000000,agent_2,actor_logits,0,1,4,8.509018,-13.531343,4.387419,0.078368,0.986087,8.509018,-13.531343,2.118241,4.121599,,,,
0,268,268.000000,agent_3,actor_logits,0,1,4,8.509019,-13.531343,4.387420,0.078368,0.986087,8.509019,-13.531343,2.118241,4.121599,,,,
0,268,268.000000,agent_4,actor_logits,0,1,4,8.509019,-13.531343,4.387420,0.078368,0.986087,8.509019,-13.531343,2.118241,4.121599,,,,
0,268,268.000000,agent_5,actor_logits,0,1,4,8.509019,-13.531343,4.387420,0.078368,0.986087,8.509019,-13.531343,2.118241,4.121599,,,,
0,270,270.000000,agent_0,actor_logits,1,1,3,5.975664,-14.447420,4.431040,0.063950,0.988238,-14.447420,5.975664,1.544624,,,,,
0,270,270.000000,agent_1,actor_logits,1,1,3,5.975664,-14.447420,4.431039,0.063950,0.988238,-14.447420,5.975664,1.544625,,,,,
0,270,270.000000,agent_2,actor_logits,1,1,3,5.975664,-14.447420,4.431040,0.063950,0.988238,-14.447420,5.975664,1.544624,,,,,
0,270,270.000000,agent_3,actor_logits,1,1,3,5.975664,-14.447419,4.431040,0.063950,0.988238,-14.447419,5.975664,1.544624,,,,,
0,270,270.000000,agent_4,actor_logits,1,1,3,5.975665,-14.447420,4.431040,0.063950,0.988238,-14.447420,5.975665,1.544625,,,,,
0,270,270.000000,agent_5,actor_logits,1,1,3,5.975665,-14.447420,4.431041,0.063950,0.988238,-14.447420,5.975665,1.544624,,,,,
0,272,272.000000,agent_0,actor_logits,2,1,4,6.244188,-4.799906,4.808066,0.048147,0.991801,-4.799906,-3.101800,6.244188,1.436122,,,,
0,272,272.000000,agent_1,actor_logits,2,1,4,6.244188,-4.799907,4.808066,0.048147,0.991801,-4.799907,-3.101800,6.244188,1.436122,,,,
0,272,272.000000,agent_2,actor_logits,2,1,4,6.244188,-4.799907,4.808066,0.048147,0.991801,-4.799907,-3.101800,6.244188,1.436122,,,,
0,272,272.000000,agent_3,actor_logits,2,1,4,6.244188,-4.799907,4.808066,0.048147,0.991801,-4.799907,-3.101799,6.244188,1.436121,,,,
0,272,272.000000,agent_4,actor_logits,2,1,4,6.244189,-4.799907,4.808067,0.048147,0.991801,-4.799907,-3.101800,6.244189,1.436121,,,,
0,272,272.000000,agent_5,actor_logits,2,1,4,6.244188,-4.799907,4.808066,0.048147,0.991801,-4.799907,-3.101800,6.244188,1.436122,,,,
0,274,274.000000,agent_0,actor_logits,0,1,4,4.422392,-5.565396,4.302658,0.093334,0.983342,4.422392,-1.272865,0.119734,-5.565396,,,,
0,274,274.000000,agent_1,actor_logits,0,1,4,4.422393,-5.565396,4.302659,0.093334,0.983342,4.422393,-1.272865,0.119734,-5.565396,,,,
0,274,274.000000,agent_2,actor_logits,0,1,4,4.422392,-5.565396,4.302658,0.093334,0.983342,4.422392,-1.272865,0.119734,-5.565396,,,,
0,274,274.000000,agent_3,actor_logits,0,1,4,4.422393,-5.565396,4.302660,0.093333,0.983342,4.422393,-1.272864,0.119734,-5.565396,,,,
0,274,274.000000,agent_4,actor_logits,0,1,4,4.422393,-5.565397,4.302659,0.093334,0.983342,4.422393,-1.272864,0.119734,-5.565397,,,,
0,274,274.000000,agent_5,actor_logits,0,1,4,4.422393,-5.565396,4.302659,0.093334,0.983342,4.422393,-1.272865,0.119734,-5.565396,,,,
0,276,276.000000,agent_0,actor_logits,0,1,4,7.914322,-5.116703,5.346272,0.030192,0.995251,7.914322,-5.116703,-4.639106,2.568050,,,,
0,276,276.000000,agent_1,actor_logits,0,1,4,7.914322,-5.116702,5.346272,0.030192,0.995251,7.914322,-5.116702,-4.639106,2.568050,,,,
0,276,276.000000,agent_2,actor_logits,0,1,4,7.914322,-5.116703,5.346272,0.030192,0.995251,7.914322,-5.116703,-4.639106,2.568051,,,,
0,276,276.000000,agent_3,actor_logits,0,1,4,7.914322,-5.116702,5.346272,0.030192,0.995251,7.914322,-5.116702,-4.639106,2.568050,,,,
0,276,276.000000,agent_4,actor_logits,0,1,4,7.914322,-5.116702,5.346272,0.030192,0.995251,7.914322,-5.116702,-4.639106,2.568050,,,,
0,276,276.000000,agent_5,actor_logits,0,1,4,7.914323,-5.116703,5.346272,0.030192,0.995251,7.914323,-5.116703,-4.639106,2.568050,,,,
0,278,278.000000,agent_0,actor_logits,2,1,3,6.341499,-10.447237,5.738218,0.021637,0.996790,0.603281,-10.447237,6.341499,,,,,
0,278,278.000000,agent_1,actor_logits,2,1,3,6.341500,-10.447237,5.738219,0.021637,0.996790,0.603281,-10.447237,6.341500,,,,,
0,278,278.000000,agent_2,actor_logits,2,1,3,6.341499,-10.447237,5.738219,0.021637,0.996790,0.603281,-10.447237,6.341499,,,,,
0,278,278.000000,agent_3,actor_logits,2,1,3,6.341499,-10.447237,5.738218,0.021637,0.996790,0.603281,-10.447237,6.341499,,,,,
0,278,278.000000,agent_4,actor_logits,2,1,3,6.341499,-10.447236,5.738218,0.021637,0.996790,0.603281,-10.447236,6.341499,,,,,
0,278,278.000000,agent_5,actor_logits,2,1,3,6.341500,-10.447237,5.738219,0.021637,0.996790,0.603281,-10.447237,6.341500,,,,,
0,284,284.000000,agent_0,actor_logits,0,1,7,6.176219,-5.864835,0.338354,0.701492,0.581929,6.176219,-5.453227,-5.864835,5.837865,0.431143,-0.392496,-0.877444,
0,284,284.000000,agent_1,actor_logits,0,1,7,6.176220,-5.864836,0.338356,0.701492,0.581929,6.176220,-5.453227,-5.864836,5.837864,0.431144,-0.392496,-0.877444,
0,284,284.000000,agent_2,actor_logits,0,1,7,6.176219,-5.864835,0.338355,0.701492,0.581929,6.176219,-5.453228,-5.864835,5.837864,0.431144,-0.392496,-0.877444,
0,284,284.000000,agent_3,actor_logits,0,1,7,6.176219,-5.864836,0.338353,0.701492,0.581928,6.176219,-5.453227,-5.864836,5.837865,0.431144,-0.392496,-0.877445,
0,284,284.000000,agent_4,actor_logits,0,1,7,6.176220,-5.864837,0.338356,0.701492,0.581929,6.176220,-5.453227,-5.864837,5.837864,0.431144,-0.392496,-0.877444,
0,284,284.000000,agent_5,actor_logits,0,1,7,6.176219,-5.864835,0.338355,0.701492,0.581929,6.176219,-5.453228,-5.864835,5.837864,0.431144,-0.392496,-0.877444,
0,290,290.000000,agent_0,actor_logits,2,1,3,2.834552,-8.121284,9.324319,0.001130,0.999893,-6.489767,-8.121284,2.834552,,,,,
0,290,290.000000,agent_1,actor_logits,2,1,3,2.834551,-8.121284,9.324318,0.001130,0.999893,-6.489767,-8.121284,2.834551,,,,,
0,290,290.000000,agent_2,actor_logits,2,1,3,2.834552,-8.121284,9.324320,0.001130,0.999893,-6.489768,-8.121284,2.834552,,,,,
0,290,290.000000,agent_3,actor_logits,2,1,3,2.834551,-8.121283,9.324319,0.001130,0.999893,-6.489768,-8.121283,2.834551,,,,,
0,290,290.000000,agent_4,actor_logits,2,1,3,2.834551,-8.121284,9.324317,0.001130,0.999893,-6.489766,-8.121284,2.834551,,,,,
0,290,290.000000,agent_5,actor_logits,2,1,3,2.834551,-8.121283,9.324318,0.001130,0.999893,-6.489767,-8.121283,2.834551,,,,,
0,296,296.000000,agent_0,actor_logits,3,1,7,11.796405,-9.681776,5.224491,0.034403,0.994551,-9.681776,-0.593403,2.143455,11.796405,6.571914,1.126418,-0.536856,
0,296,296.000000,agent_1,actor_logits,3,1,7,11.796405,-9.681776,5.224490,0.034403,0.994551,-9.681776,-0.593403,2.143454,11.796405,6.571915,1.126418,-0.536856,
0,296,296.000000,agent_2,actor_logits,3,1,7,11.796405,-9.681776,5.224490,0.034403,0.994551,-9.681776,-0.593403,2.143454,11.796405,6.571915,1.126418,-0.536856,
0,296,296.000000,agent_3,actor_logits,3,1,7,11.796405,-9.681777,5.224490,0.034403,0.994551,-9.681777,-0.593403,2.143454,11.796405,6.571915,1.126418,-0.536856,
0,296,296.000000,agent_4,actor_logits,3,1,7,11.796405,-9.681777,5.224491,0.034403,0.994551,-9.681777,-0.593402,2.143454,11.796405,6.571914,1.126418,-0.536856,
0,296,296.000000,agent_5,actor_logits,3,1,7,11.796405,-9.681776,5.224490,0.034403,0.994551,-9.681776,-0.593403,2.143454,11.796405,6.571915,1.126418,-0.536856,
0,298,298.000000,agent_0,actor_logits,2,1,4,7.490946,-10.609260,3.140972,0.172535,0.958551,-6.290099,4.349974,7.490946,-10.609260,,,,
0,298,298.000000,agent_1,actor_logits,2,1,4,7.490946,-10.609260,3.140972,0.172535,0.958551,-6.290099,4.349974,7.490946,-10.609260,,,,
0,298,298.000000,agent_2,actor_logits,2,1,4,7.490946,-10.609260,3.140972,0.172535,0.958551,-6.290099,4.349974,7.490946,-10.609260,,,,
0,298,298.000000,agent_3,actor_logits,2,1,4,7.490946,-10.609260,3.140972,0.172535,0.958551,-6.290098,4.349974,7.490946,-10.609260,,,,
0,298,298.000000,agent_4,actor_logits,2,1,4,7.490947,-10.609260,3.140973,0.172535,0.958551,-6.290099,4.349974,7.490947,-10.609260,,,,
0,298,298.000000,agent_5,actor_logits,2,1,4,7.490946,-10.609260,3.140971,0.172535,0.958551,-6.290099,4.349975,7.490946,-10.609260,,,,
0,300,300.000000,agent_0,actor_logits,1,1,4,7.703519,-11.225326,3.905307,0.097034,0.980261,-5.844258,7.703519,3.798213,-11.225326,,,,
0,300,300.000000,agent_1,actor_logits,1,1,4,7.703520,-11.225327,3.905308,0.097034,0.980261,-5.844258,7.703520,3.798212,-11.225327,,,,
0,300,300.000000,agent_2,actor_logits,1,1,4,7.703520,-11.225327,3.905307,0.097034,0.980261,-5.844258,7.703520,3.798213,-11.225327,,,,
0,300,300.000000,agent_3,actor_logits,1,1,4,7.703519,-11.225327,3.905308,0.097034,0.980261,-5.844258,7.703519,3.798212,-11.225327,,,,
0,300,300.000000,agent_4,actor_logits,1,1,4,7.703519,-11.225327,3.905308,0.097034,0.980261,-5.844258,7.703519,3.798212,-11.225327,,,,
0,300,300.000000,agent_5,actor_logits,1,1,4,7.703520,-11.225327,3.905308,0.097034,0.980261,-5.844258,7.703520,3.798212,-11.225327,,,,
0,302,302.000000,agent_0,actor_logits,1,1,4,5.572497,-6.318323,4.639821,0.073065,0.987675,-0.301080,5.572497,-6.318323,0.932677,,,,
0,302,302.000000,agent_1,actor_logits,1,1,4,5.572497,-6.318322,4.639821,0.073065,0.987675,-0.301080,5.572497,-6.318322,0.932677,,,,
0,302,302.000000,agent_2,actor_logits,1,1,4,5.572497,-6.318322,4.639820,0.073065,0.987675,-0.301080,5.572497,-6.318322,0.932677,,,,
0,302,302.000000,agent_3,actor_logits,1,1,4,5.572497,-6.318323,4.639820,0.073065,0.987675,-0.301079,5.572497,-6.318323,0.932677,,,,
0,302,302.000000,agent_4,actor_logits,1,1,4,5.572497,-6.318323,4.639820,0.073065,0.987675,-0.301079,5.572497,-6.318323,0.932677,,,,
0,302,302.000000,agent_5,actor_logits,1,1,4,5.572497,-6.318323,4.639821,0.073065,0.987675,-0.301080,5.572497,-6.318323,0.932677,,,,
0,304,304.000000,agent_0,actor_logits,3,1,4,4.264954,-9.336792,1.240572,0.905493,0.637945,2.985948,3.024382,-9.336792,4.264954,,,,
0,304,304.000000,agent_1,actor_logits,3,1,4,4.264955,-9.336792,1.240573,0.905492,0.637945,2.985947,3.024382,-9.336792,4.264955,,,,
0,304,304.000000,agent_2,actor_logits,3,1,4,4.264955,-9.336793,1.240573,0.905492,0.637945,2.985947,3.024382,-9.336793,4.264955,,,,
0,304,304.000000,agent_3,actor_logits,3,1,4,4.264955,-9.336793,1.240573,0.905492,0.637945,2.985948,3.024381,-9.336793,4.264955,,,,
0,304,304.000000,agent_4,actor_logits,3,1,4,4.264955,-9.336793,1.240573,0.905492,0.637945,2.985947,3.024382,-9.336793,4.264955,,,,
0,304,304.000000,agent_5,actor_logits,3,1,4,4.264955,-9.336791,1.240572,0.905493,0.637945,2.985947,3.024382,-9.336791,4.264955,,,,
0,306,306.000000,agent_0,actor_logits,1,1,4,5.025055,-3.212208,4.412902,0.069842,0.987490,-3.212208,5.025055,-3.143416,0.612153,,,,
0,306,306.000000,agent_1,actor_logits,1,1,4,5.025056,-3.212208,4.412903,0.069842,0.987490,-3.212208,5.025056,-3.143417,0.612154,,,,
0,306,306.000000,agent_2,actor_logits,1,1,4,5.025056,-3.212208,4.412903,0.069842,0.987490,-3.212208,5.025056,-3.143416,0.612153,,,,
0,306,306.000000,agent_3,actor_logits,1,1,4,5.025056,-3.212208,4.412903,0.069842,0.987490,-3.212208,5.025056,-3.143417,0.612153,,,,
0,306,306.000000,agent_4,actor_logits,1,1,4,5.025056,-3.212208,4.412904,0.069842,0.987490,-3.212208,5.025056,-3.143416,0.612153,,,,
0,306,306.000000,agent_5,actor_logits,1,1,4,5.025056,-3.212208,4.412903,0.069842,0.987490,-3.212208,5.025056,-3.143417,0.612153,,,,
0,308,308.000000,agent_0,actor_logits,1,1,4,6.299567,-10.779920,3.521078,0.187949,0.960913,2.778490,6.299567,-10.779920,1.799568,,,,
0,308,308.000000,agent_1,actor_logits,1,1,4,6.299567,-10.779919,3.521079,0.187948,0.960913,2.778488,6.299567,-10.779919,1.799568,,,,
0,308,308.000000,agent_2,actor_logits,1,1,4,6.299568,-10.779919,3.521079,0.187948,0.960913,2.778489,6.299568,-10.779919,1.799568,,,,
0,308,308.000000,agent_3,actor_logits,1,1,4,6.299568,-10.779920,3.521078,0.187949,0.960913,2.778490,6.299568,-10.779920,1.799567,,,,
0,308,308.000000,agent_4,actor_logits,1,1,4,6.299567,-10.779919,3.521077,0.187949,0.960913,2.778490,6.299567,-10.779919,1.799568,,,,
0,308,308.000000,agent_5,actor_logits,1,1,4,6.299567,-10.779920,3.521077,0.187949,0.960913,2.778490,6.299567,-10.779920,1.799568,,,,
0,310,310.000000,agent_0,actor_logits,1,1,4,6.501554,-9.698592,3.708869,0.120085,0.975195,2.792685,6.501554,-9.698592,-0.478274,,,,
0,310,310.000000,agent_1,actor_logits,1,1,4,6.501554,-9.698592,3.708870,0.120085,0.975195,2.792684,6.501554,-9.698592,-0.478274,,,,
0,310,310.000000,agent_2,actor_logits,1,1,4,6.501554,-9.698591,3.708870,0.120085,0.975195,2.792684,6.501554,-9.698591,-0.478274,,,,
0,310,310.000000,agent_3,actor_logits,1,1,4,6.501554,-9.698593,3.708869,0.120085,0.975195,2.792686,6.501554,-9.698593,-0.478274,,,,
0,310,310.000000,agent_4,actor_logits,1,1,4,6.501553,-9.698592,3.708868,0.120085,0.975195,2.792686,6.501553,-9.698592,-0.478274,,,,
0,310,310.000000,agent_5,actor_logits,1,1,4,6.501554,-9.698592,3.708868,0.120085,0.975195,2.792686,6.501554,-9.698592,-0.478274,,,,
0,312,312.000000,agent_0,actor_logits,0,1,4,4.231596,-4.580299,0.662340,0.648887,0.659113,4.231596,-2.341527,-4.580299,3.569256,,,,
0,312,312.000000,agent_1,actor_logits,0,1,4,4.231596,-4.580300,0.662340,0.648887,0.659113,4.231596,-2.341527,-4.580300,3.569256,,,,
0,312,312.000000,agent_2,actor_logits,0,1,4,4.231595,-4.580299,0.662339,0.648887,0.659113,4.231595,-2.341526,-4.580299,3.569256,,,,
0,312,312.000000,agent_3,actor_logits,0,1,4,4.231597,-4.580299,0.662342,0.648887,0.659114,4.231597,-2.341527,-4.580299,3.569256,,,,
0,312,312.000000,agent_4,actor_logits,0,1,4,4.231597,-4.580299,0.662341,0.648887,0.659114,4.231597,-2.341527,-4.580299,3.569256,,,,
0,312,312.000000,agent_5,actor_logits,0,1,4,4.231596,-4.580299,0.662341,0.648887,0.659114,4.231596,-2.341527,-4.580299,3.569256,,,,
0,314,314.000000,agent_0,actor_logits,3,1,4,5.403740,-12.733597,0.301225,0.887825,0.534513,3.370794,-12.733597,5.102516,5.403740,,,,
0,314,314.000000,agent_1,actor_logits,3,1,4,5.403739,-12.733599,0.301224,0.887825,0.534513,3.370795,-12.733599,5.102516,5.403739,,,,
0,314,314.000000,agent_2,actor_logits,3,1,4,5.403739,-12.733597,0.301224,0.887825,0.534513,3.370794,-12.733597,5.102516,5.403739,,,,
0,314,314.000000,agent_3,actor_logits,3,1,4,5.403739,-12.733597,0.301224,0.887825,0.534513,3.370795,-12.733597,5.102515,5.403739,,,,
0,314,314.000000,agent_4,actor_logits,3,1,4,5.403739,-12.733597,0.301224,0.887825,0.534513,3.370794,-12.733597,5.102516,5.403739,,,,
0,314,314.000000,agent_5,actor_logits,3,1,4,5.403739,-12.733597,0.301224,0.887825,0.534513,3.370794,-12.733597,5.102515,5.403739,,,,
0,316,316.000000,agent_0,actor_logits,0,1,4,4.952983,-7.630099,2.668669,0.363107,0.908408,4.952983,1.494565,-7.630099,2.284314,,,,
0,316,316.000000,agent_1,actor_logits,0,1,4,4.952984,-7.630101,2.668672,0.363106,0.908408,4.952984,1.494564,-7.630101,2.284312,,,,
0,316,316.000000,agent_2,actor_logits,0,1,4,4.952984,-7.630101,2.668671,0.363106,0.908408,4.952984,1.494564,-7.630101,2.284313,,,,
0,316,316.000000,agent_3,actor_logits,0,1,4,4.952984,-7.630100,2.668671,0.363106,0.908408,4.952984,1.494564,-7.630100,2.284313,,,,
0,316,316.000000,agent_4,actor_logits,0,1,4,4.952984,-7.630101,2.668670,0.363106,0.908408,4.952984,1.494565,-7.630101,2.284313,,,,
0,316,316.000000,agent_5,actor_logits,0,1,4,4.952984,-7.630101,2.668671,0.363106,0.908408,4.952984,1.494564,-7.630101,2.284313,,,,
0,318,318.000000,agent_0,actor_logits,0,1,4,4.947454,-10.942211,0.080144,0.723855,0.517024,4.947454,-10.942211,4.867310,0.452253,,,,
0,318,318.000000,agent_1,actor_logits,0,1,4,4.947454,-10.942211,0.080144,0.723855,0.517024,4.947454,-10.942211,4.867311,0.452252,,,,
0,318,318.000000,agent_2,actor_logits,0,1,4,4.947455,-10.942212,0.080145,0.723855,0.517024,4.947455,-10.942212,4.867310,0.452252,,,,
0,318,318.000000,agent_3,actor_logits,0,1,4,4.947454,-10.942211,0.080144,0.723855,0.517024,4.947454,-10.942211,4.867310,0.452253,,,,
0,318,318.000000,agent_4,actor_logits,0,1,4,4.947454,-10.942211,0.080143,0.723855,0.517024,4.947454,-10.942211,4.867311,0.452253,,,,
0,318,318.000000,agent_5,actor_logits,0,1,4,4.947455,-10.942211,0.080145,0.723855,0.517024,4.947455,-10.942211,4.867310,0.452252,,,,
0,320,320.000000,agent_0,actor_logits,0,1,4,4.692639,-8.039310,0.131684,0.719107,0.530199,4.692639,0.032153,-8.039310,4.560955,,,,
0,320,320.000000,agent_1,actor_logits,0,1,4,4.692640,-8.039310,0.131684,0.719106,0.530199,4.692640,0.032152,-8.039310,4.560956,,,,
0,320,320.000000,agent_2,actor_logits,0,1,4,4.692640,-8.039310,0.131685,0.719107,0.530200,4.692640,0.032153,-8.039310,4.560955,,,,
0,320,320.000000,agent_3,actor_logits,0,1,4,4.692638,-8.039310,0.131683,0.719107,0.530199,4.692638,0.032153,-8.039310,4.560955,,,,
0,320,320.000000,agent_4,actor_logits,0,1,4,4.692639,-8.039310,0.131684,0.719107,0.530199,4.692639,0.032153,-8.039310,4.560956,,,,
0,320,320.000000,agent_5,actor_logits,0,1,4,4.692639,-8.039310,0.131685,0.719107,0.530200,4.692639,0.032153,-8.039310,4.560955,,,,
0,322,322.000000,agent_0,actor_logits,0,1,4,13.649858,-7.730071,12.001539,0.000080,0.999994,13.649858,-7.730071,-7.310847,1.648319,,,,
0,322,322.000000,agent_1,actor_logits,0,1,4,13.649858,-7.730071,12.001539,0.000080,0.999994,13.649858,-7.730071,-7.310846,1.648319,,,,
0,322,322.000000,agent_2,actor_logits,0,1,4,13.649858,-7.730070,12.001540,0.000080,0.999994,13.649858,-7.730070,-7.310846,1.648319,,,,
0,322,322.000000,agent_3,actor_logits,0,1,4,13.649858,-7.730071,12.001538,0.000080,0.999994,13.649858,-7.730071,-7.310846,1.648320,,,,
0,322,322.000000,agent_4,actor_logits,0,1,4,13.649858,-7.730072,12.001539,0.000080,0.999994,13.649858,-7.730072,-7.310846,1.648320,,,,
0,322,322.000000,agent_5,actor_logits,0,1,4,13.649858,-7.730071,12.001539,0.000080,0.999994,13.649858,-7.730071,-7.310846,1.648319,,,,
0,324,324.000000,agent_0,actor_logits,1,1,4,2.077602,-2.911642,2.964076,0.397061,0.905382,-0.886475,2.077602,-0.999627,-2.911642,,,,
0,324,324.000000,agent_1,actor_logits,1,1,4,2.077601,-2.911643,2.964076,0.397061,0.905382,-0.886475,2.077601,-0.999627,-2.911643,,,,
0,324,324.000000,agent_2,actor_logits,1,1,4,2.077602,-2.911642,2.964077,0.397061,0.905382,-0.886475,2.077602,-0.999627,-2.911642,,,,
0,324,324.000000,agent_3,actor_logits,1,1,4,2.077602,-2.911642,2.964078,0.397061,0.905382,-0.886476,2.077602,-0.999627,-2.911642,,,,
0,324,324.000000,agent_4,actor_logits,1,1,4,2.077601,-2.911642,2.964076,0.397061,0.905382,-0.886475,2.077601,-0.999627,-2.911642,,,,
0,324,324.000000,agent_5,actor_logits,1,1,4,2.077601,-2.911643,2.964076,0.397061,0.905382,-0.886475,2.077601,-0.999627,-2.911643,,,,
0,326,326.000000,agent_0,actor_logits,0,1,3,8.042435,-13.257819,6.719634,0.009307,0.998794,8.042435,1.322801,-13.257819,,,,,
0,326,326.000000,agent_1,actor_logits,0,1,3,8.042435,-13.257819,6.719634,0.009307,0.998794,8.042435,1.322801,-13.257819,,,,,
0,326,326.000000,agent_2,actor_logits,0,1,3,8.042434,-13.257819,6.719633,0.009307,0.998794,8.042434,1.322801,-13.257819,,,,,
0,326,326.000000,agent_3,actor_logits,0,1,3,8.042434,-13.257819,6.719633,0.009307,0.998794,8.042434,1.322800,-13.257819,,,,,
0,326,326.000000,agent_4,actor_logits,0,1,3,8.042435,-13.257819,6.719635,0.009307,0.998794,8.042435,1.322800,-13.257819,,,,,
0,326,326.000000,agent_5,actor_logits,0,1,3,8.042435,-13.257819,6.719635,0.009307,0.998794,8.042435,1.322800,-13.257819,,,,,
0,328,328.000000,agent_0,actor_logits,0,1,2,-4.052485,-9.708155,5.655670,0.023204,0.996515,-4.052485,-9.708155,,,,,,
0,328,328.000000,agent_1,actor_logits,0,1,2,-4.052485,-9.708153,5.655668,0.023204,0.996515,-4.052485,-9.708153,,,,,,
0,328,328.000000,agent_2,actor_logits,0,1,2,-4.052485,-9.708155,5.655670,0.023204,0.996515,-4.052485,-9.708155,,,,,,
0,328,328.000000,agent_3,actor_logits,0,1,2,-4.052485,-9.708155,5.655670,0.023204,0.996515,-4.052485,-9.708155,,,,,,
0,328,328.000000,agent_4,actor_logits,0,1,2,-4.052485,-9.708153,5.655668,0.023204,0.996515,-4.052485,-9.708153,,,,,,
0,328,328.000000,agent_5,actor_logits,0,1,2,-4.052484,-9.708155,5.655671,0.023204,0.996515,-4.052484,-9.708155,,,,,,
0,330,330.000000,agent_0,actor_logits,1,1,3,5.840337,-6.666129,11.746006,0.000151,0.999988,-5.905668,5.840337,-6.666129,,,,,
0,330,330.000000,agent_1,actor_logits,1,1,3,5.840337,-6.666128,11.746006,0.000151,0.999988,-5.905669,5.840337,-6.666128,,,,,
0,330,330.000000,agent_2,actor_logits,1,1,3,5.840337,-6.666127,11.746006,0.000151,0.999988,-5.905669,5.840337,-6.666127,,,,,
0,330,330.000000,agent_3,actor_logits,1,1,3,5.840337,-6.666128,11.746006,0.000151,0.999988,-5.905669,5.840337,-6.666128,,,,,
0,330,330.000000,agent_4,actor_logits,1,1,3,5.840337,-6.666127,11.746006,0.000151,0.999988,-5.905669,5.840337,-6.666127,,,,,
0,330,330.000000,agent_5,actor_logits,1,1,3,5.840337,-6.666128,11.746006,0.000151,0.999988,-5.905668,5.840337,-6.666128,,,,,
0,332,332.000000,agent_0,actor_logits,1,1,3,9.236054,-19.839357,11.197874,0.000167,0.999986,-19.839357,9.236054,-1.961820,,,,,
0,332,332.000000,agent_1,actor_logits,1,1,3,9.236054,-19.839357,11.197874,0.000167,0.999986,-19.839357,9.236054,-1.961820,,,,,
0,332,332.000000,agent_2,actor_logits,1,1,3,9.236053,-19.839357,11.197873,0.000167,0.999986,-19.839357,9.236053,-1.961819,,,,,
0,332,332.000000,agent_3,actor_logits,1,1,3,9.236054,-19.839357,11.197874,0.000167,0.999986,-19.839357,9.236054,-1.961820,,,,,
0,332,332.000000,agent_4,actor_logits,1,1,3,9.236053,-19.839357,11.197873,0.000167,0.999986,-19.839357,9.236053,-1.961820,,,,,
0,332,332.000000,agent_5,actor_logits,1,1,3,9.236054,-19.839357,11.197874,0.000167,0.999986,-19.839357,9.236054,-1.961820,,,,,
0,334,334.000000,agent_0,actor_logits,1,1,3,6.791646,-21.520403,3.516781,0.130681,0.971161,-21.520403,6.791646,3.274865,,,,,
0,334,334.000000,agent_1,actor_logits,1,1,3,6.791646,-21.520401,3.516780,0.130681,0.971161,-21.520401,6.791646,3.274866,,,,,
0,334,334.000000,agent_2,actor_logits,1,1,3,6.791645,-21.520401,3.516778,0.130682,0.971161,-21.520401,6.791645,3.274867,,,,,
0,334,334.000000,agent_3,actor_logits,1,1,3,6.791646,-21.520401,3.516781,0.130681,0.971161,-21.520401,6.791646,3.274865,,,,,
0,334,334.000000,agent_4,actor_logits,1,1,3,6.791646,-21.520401,3.516780,0.130681,0.971161,-21.520401,6.791646,3.274866,,,,,
0,334,334.000000,agent_5,actor_logits,1,1,3,6.791646,-21.520403,3.516780,0.130681,0.971161,-21.520403,6.791646,3.274866,,,,,
0,336,336.000000,agent_0,actor_logits,2,1,3,6.396626,-21.244081,1.780329,0.412626,0.855738,-21.244081,4.616298,6.396626,,,,,
0,336,336.000000,agent_1,actor_logits,2,1,3,6.396627,-21.244081,1.780330,0.412626,0.855738,-21.244081,4.616297,6.396627,,,,,
0,336,336.000000,agent_2,actor_logits,2,1,3,6.396628,-21.244081,1.780332,0.412626,0.855738,-21.244081,4.616296,6.396628,,,,,
0,336,336.000000,agent_3,actor_logits,2,1,3,6.396627,-21.244081,1.780330,0.412626,0.855738,-21.244081,4.616297,6.396627,,,,,
0,336,336.000000,agent_4,actor_logits,2,1,3,6.396627,-21.244081,1.780330,0.412626,0.855738,-21.244081,4.616297,6.396627,,,,,
0,336,336.000000,agent_5,actor_logits,2,1,3,6.396627,-21.244081,1.780331,0.412626,0.855738,-21.244081,4.616297,6.396627,,,,,
0,338,338.000000,agent_0,actor_logits,3,1,4,11.239626,-16.333052,5.839446,0.023189,0.996723,-16.333052,3.358164,5.400180,11.239626,,,,
0,338,338.000000,agent_1,actor_logits,3,1,4,11.239626,-16.333052,5.839446,0.023189,0.996723,-16.333052,3.358164,5.400180,11.239626,,,,
0,338,338.000000,agent_2,actor_logits,3,1,4,11.239627,-16.333052,5.839446,0.023189,0.996723,-16.333052,3.358163,5.400181,11.239627,,,,
0,338,338.000000,agent_3,actor_logits,3,1,4,11.239626,-16.333052,5.839446,0.023189,0.996723,-16.333052,3.358163,5.400180,11.239626,,,,
0,338,338.000000,agent_4,actor_logits,3,1,4,11.239626,-16.333052,5.839446,0.023189,0.996723,-16.333052,3.358164,5.400180,11.239626,,,,
0,338,338.000000,agent_5,actor_logits,3,1,4,11.239626,-16.333052,5.839446,0.023189,0.996723,-16.333052,3.358164,5.400180,11.239626,,,,
0,340,340.000000,agent_0,actor_logits,3,1,4,7.025106,-2.878116,7.672554,0.007474,0.999165,-2.878116,-0.647448,-1.020757,7.025106,,,,
0,340,340.000000,agent_1,actor_logits,3,1,4,7.025107,-2.878116,7.672555,0.007474,0.999165,-2.878116,-0.647449,-1.020757,7.025107,,,,
0,340,340.000000,agent_2,actor_logits,3,1,4,7.025107,-2.878116,7.672556,0.007474,0.999165,-2.878116,-0.647449,-1.020757,7.025107,,,,
0,340,340.000000,agent_3,actor_logits,3,1,4,7.025106,-2.878115,7.672554,0.007474,0.999165,-2.878115,-0.647448,-1.020757,7.025106,,,,
0,340,340.000000,agent_4,actor_logits,3,1,4,7.025106,-2.878116,7.672554,0.007474,0.999165,-2.878116,-0.647448,-1.020757,7.025106,,,,
0,340,340.000000,agent_5,actor_logits,3,1,4,7.025106,-2.878115,7.672555,0.007474,0.999165,-2.878115,-0.647449,-1.020758,7.025106,,,,
0,342,342.000000,agent_0,actor_logits,1,1,4,6.334859,-2.987897,8.214787,0.005113,0.999464,-1.879927,6.334859,-2.987897,-2.309136,,,,
0,342,342.000000,agent_1,actor_logits,1,1,4,6.334858,-2.987897,8.214786,0.005113,0.999464,-1.879927,6.334858,-2.987897,-2.309137,,,,
0,342,342.000000,agent_2,actor_logits,1,1,4,6.334858,-2.987897,8.214785,0.005113,0.999464,-1.879927,6.334858,-2.987897,-2.309136,,,,
0,342,342.000000,agent_3,actor_logits,1,1,4,6.334858,-2.987898,8.214786,0.005113,0.999464,-1.879928,6.334858,-2.987898,-2.309136,,,,
0,342,342.000000,agent_4,actor_logits,1,1,4,6.334858,-2.987897,8.214786,0.005113,0.999464,-1.879927,6.334858,-2.987897,-2.309137,,,,
0,342,342.000000,agent_5,actor_logits,1,1,4,6.334858,-2.987897,8.214786,0.005113,0.999464,-1.879927,6.334858,-2.987897,-2.309137,,,,
0,344,344.000000,agent_0,actor_logits,0,1,4,12.519753,-13.113924,8.528679,0.001889,0.999802,12.519753,-13.113924,-2.342014,3.991074,,,,
0,344,344.000000,agent_1,actor_logits,0,1,4,12.519753,-13.113924,8.528679,0.001889,0.999802,12.519753,-13.113924,-2.342014,3.991075,,,,
0,344,344.000000,agent_2,actor_logits,0,1,4,12.519753,-13.113924,8.528679,0.001889,0.999802,12.519753,-13.113924,-2.342014,3.991074,,,,
0,344,344.000000,agent_3,actor_logits,0,1,4,12.519753,-13.113924,8.528679,0.001889,0.999802,12.519753,-13.113924,-2.342014,3.991075,,,,
0,344,344.000000,agent_4,actor_logits,0,1,4,12.519753,-13.113924,8.528679,0.001889,0.999802,12.519753,-13.113924,-2.342014,3.991074,,,,
0,344,344.000000,agent_5,actor_logits,0,1,4,12.519754,-13.113925,8.528680,0.001889,0.999802,12.519754,-13.113925,-2.342014,3.991075,,,,
0,346,346.000000,agent_0,actor_logits,0,1,4,14.087612,-16.712410,8.516495,0.001910,0.999800,14.087612,-16.712410,-0.656640,5.571117,,,,
0,346,346.000000,agent_1,actor_logits,0,1,4,14.087611,-16.712410,8.516495,0.001910,0.999800,14.087611,-16.712410,-0.656639,5.571117,,,,
0,346,346.000000,agent_2,actor_logits,0,1,4,14.087611,-16.712410,8.516494,0.001910,0.999800,14.087611,-16.712410,-0.656640,5.571117,,,,
0,346,346.000000,agent_3,actor_logits,0,1,4,14.087612,-16.712410,8.516495,0.001910,0.999800,14.087612,-16.712410,-0.656640,5.571117,,,,
0,346,346.000000,agent_4,actor_logits,0,1,4,14.087612,-16.712410,8.516496,0.001910,0.999800,14.087612,-16.712410,-0.656640,5.571116,,,,
0,346,346.000000,agent_5,actor_logits,0,1,4,14.087612,-16.712410,8.516495,0.001910,0.999800,14.087612,-16.712410,-0.656639,5.571117,,,,
0,348,348.000000,agent_0,actor_logits,3,1,4,3.136129,-5.334543,0.778988,0.697955,0.674024,-5.334543,-0.571033,2.357141,3.136129,,,,
0,348,348.000000,agent_1,actor_logits,3,1,4,3.136129,-5.334544,0.778988,0.697955,0.674024,-5.334544,-0.571033,2.357141,3.136129,,,,
0,348,348.000000,agent_2,actor_logits,3,1,4,3.136130,-5.334543,0.778989,0.697955,0.674024,-5.334543,-0.571033,2.357141,3.136130,,,,
0,348,348.000000,agent_3,actor_logits,3,1,4,3.136129,-5.334543,0.778989,0.697955,0.674024,-5.334543,-0.571032,2.357141,3.136129,,,,
0,348,348.000000,agent_4,actor_logits,3,1,4,3.136129,-5.334543,0.778988,0.697955,0.674024,-5.334543,-0.571033,2.357141,3.136129,,,,
0,348,348.000000,agent_5,actor_logits,3,1,4,3.136129,-5.334543,0.778987,0.697955,0.674024,-5.334543,-0.571033,2.357141,3.136129,,,,
0,350,350.000000,agent_0,actor_logits,0,1,4,9.427437,-9.174901,5.934006,0.018387,0.997354,9.427437,-9.174901,-2.690722,3.493431,,,,
0,350,350.000000,agent_1,actor_logits,0,1,4,9.427437,-9.174902,5.934006,0.018387,0.997354,9.427437,-9.174902,-2.690721,3.493431,,,,
0,350,350.000000,agent_2,actor_logits,0,1,4,9.427437,-9.174902,5.934005,0.018387,0.997354,9.427437,-9.174902,-2.690722,3.493432,,,,
0,350,350.000000,agent_3,actor_logits,0,1,4,9.427437,-9.174901,5.934005,0.018387,0.997354,9.427437,-9.174901,-2.690722,3.493432,,,,
0,350,350.000000,agent_4,actor_logits,0,1,4,9.427437,-9.174900,5.934005,0.018387,0.997354,9.427437,-9.174900,-2.690722,3.493432,,,,
0,350,350.000000,agent_5,actor_logits,0,1,4,9.427437,-9.174902,5.934005,0.018387,0.997354,9.427437,-9.174902,-2.690722,3.493432,,,,
0,352,352.000000,agent_0,actor_logits,1,1,4,1.301066,-2.118516,0.447597,0.960785,0.553675,-2.118516,1.301066,-0.707171,0.853469,,,,
0,352,352.000000,agent_1,actor_logits,1,1,4,1.301066,-2.118515,0.447597,0.960785,0.553675,-2.118515,1.301066,-0.707171,0.853469,,,,
0,352,352.000000,agent_2,actor_logits,1,1,4,1.301066,-2.118516,0.447597,0.960785,0.553675,-2.118516,1.301066,-0.707170,0.853469,,,,
0,352,352.000000,agent_3,actor_logits,1,1,4,1.301065,-2.118515,0.447596,0.960785,0.553675,-2.118515,1.301065,-0.707171,0.853469,,,,
0,352,352.000000,agent_4,actor_logits,1,1,4,1.301065,-2.118516,0.447596,0.960785,0.553675,-2.118516,1.301065,-0.707171,0.853469,,,,
0,352,352.000000,agent_5,actor_logits,1,1,4,1.301065,-2.118515,0.447596,0.960785,0.553675,-2.118515,1.301065,-0.707171,0.853469,,,,
0,354,354.000000,agent_0,actor_logits,3,1,4,3.574065,-5.472227,1.561278,0.611702,0.793410,2.012787,0.586253,-5.472227,3.574065,,,,
0,354,354.000000,agent_1,actor_logits,3,1,4,3.574064,-5.472227,1.561276,0.611702,0.793409,2.012787,0.586253,-5.472227,3.574064,,,,
0,354,354.000000,agent_2,actor_logits,3,1,4,3.574064,-5.472228,1.561277,0.611702,0.793409,2.012787,0.586253,-5.472228,3.574064,,,,
0,354,354.000000,agent_3,actor_logits,3,1,4,3.574064,-5.472228,1.561277,0.611702,0.793409,2.012787,0.586253,-5.472228,3.574064,,,,
0,354,354.000000,agent_4,actor_logits,3,1,4,3.574065,-5.472227,1.561279,0.611702,0.793410,2.012786,0.586253,-5.472227,3.574065,,,,
0,354,354.000000,agent_5,actor_logits,3,1,4,3.574064,-5.472228,1.561277,0.611702,0.793409,2.012787,0.586253,-5.472228,3.574064,,,,
0,356,356.000000,agent_0,actor_logits,0,1,4,9.700251,-6.629757,7.237112,0.005929,0.999281,9.700251,-6.629757,-5.024869,2.463139,,,,
0,356,356.000000,agent_1,actor_logits,0,1,4,9.700250,-6.629757,7.237111,0.005929,0.999281,9.700250,-6.629757,-5.024868,2.463139,,,,
0,356,356.000000,agent_2,actor_logits,0,1,4,9.700249,-6.629756,7.237110,0.005929,0.999281,9.700249,-6.629756,-5.024868,2.463139,,,,
0,356,356.000000,agent_3,actor_logits,0,1,4,9.700250,-6.629756,7.237111,0.005929,0.999281,9.700250,-6.629756,-5.024869,2.463139,,,,
0,356,356.000000,agent_4,actor_logits,0,1,4,9.700249,-6.629757,7.237110,0.005929,0.999281,9.700249,-6.629757,-5.024868,2.463139,,,,
0,356,356.000000,agent_5,actor_logits,0,1,4,9.700249,-6.629756,7.237110,0.005929,0.999281,9.700249,-6.629756,-5.024869,2.463139,,,,
0,358,358.000000,agent_0,actor_logits,1,1,4,3.405477,-3.538006,2.392558,0.302922,0.914442,1.012919,3.405477,-3.538006,-3.317748,,,,
0,358,358.000000,agent_1,actor_logits,1,1,4,3.405477,-3.538006,2.392558,0.302922,0.914442,1.012919,3.405477,-3.538006,-3.317747,,,,
0,358,358.000000,agent_2,actor_logits,1,1,4,3.405477,-3.538006,2.392558,0.302922,0.914442,1.012919,3.405477,-3.538006,-3.317747,,,,
0,358,358.000000,agent_3,actor_logits,1,1,4,3.405477,-3.538006,2.392558,0.302922,0.914442,1.012919,3.405477,-3.538006,-3.317747,,,,
0,358,358.000000,agent_4,actor_logits,1,1,4,3.405477,-3.538006,2.392558,0.302922,0.914442,1.012919,3.405477,-3.538006,-3.317748,,,,
0,358,358.000000,agent_5,actor_logits,1,1,4,3.405477,-3.538006,2.392558,0.302922,0.914442,1.012919,3.405477,-3.538006,-3.317748,,,,
0,360,360.000000,agent_0,actor_logits,0,1,4,6.913328,-10.533364,3.812434,0.116209,0.976785,6.913328,0.519596,-10.533364,3.100894,,,,
0,360,360.000000,agent_1,actor_logits,0,1,4,6.913328,-10.533364,3.812434,0.116209,0.976785,6.913328,0.519595,-10.533364,3.100894,,,,
0,360,360.000000,agent_2,actor_logits,0,1,4,6.913329,-10.533364,3.812434,0.116209,0.976785,6.913329,0.519595,-10.533364,3.100895,,,,
0,360,360.000000,agent_3,actor_logits,0,1,4,6.913328,-10.533364,3.812433,0.116209,0.976785,6.913328,0.519595,-10.533364,3.100895,,,,
0,360,360.000000,agent_4,actor_logits,0,1,4,6.913329,-10.533364,3.812434,0.116209,0.976785,6.913329,0.519594,-10.533364,3.100894,,,,
0,360,360.000000,agent_5,actor_logits,0,1,4,6.913329,-10.533365,3.812434,0.116209,0.976785,6.913329,0.519595,-10.533365,3.100895,,,,
0,362,362.000000,agent_0,actor_logits,0,1,3,10.138752,-16.583479,8.755445,0.001537,0.999842,10.138752,1.383307,-16.583479,,,,,
0,362,362.000000,agent_1,actor_logits,0,1,3,10.138752,-16.583479,8.755445,0.001537,0.999842,10.138752,1.383307,-16.583479,,,,,
0,362,362.000000,agent_2,actor_logits,0,1,3,10.138751,-16.583479,8.755444,0.001537,0.999842,10.138751,1.383307,-16.583479,,,,,
0,362,362.000000,agent_3,actor_logits,0,1,3,10.138751,-16.583479,8.755444,0.001537,0.999842,10.138751,1.383308,-16.583479,,,,,
0,362,362.000000,agent_4,actor_logits,0,1,3,10.138751,-16.583479,8.755444,0.001537,0.999842,10.138751,1.383307,-16.583479,,,,,
0,362,362.000000,agent_5,actor_logits,0,1,3,10.138751,-16.583479,8.755444,0.001537,0.999842,10.138751,1.383307,-16.583479,,,,,
0,364,364.000000,agent_0,actor_logits,0,1,2,-6.346082,-9.590167,3.244085,0.160046,0.962460,-6.346082,-9.590167,,,,,,
0,364,364.000000,agent_1,actor_logits,0,1,2,-6.346083,-9.590167,3.244084,0.160046,0.962460,-6.346083,-9.590167,,,,,,
0,364,364.000000,agent_2,actor_logits,0,1,2,-6.346083,-9.590167,3.244084,0.160046,0.962460,-6.346083,-9.590167,,,,,,
0,364,364.000000,agent_3,actor_logits,0,1,2,-6.346083,-9.590168,3.244085,0.160046,0.962460,-6.346083,-9.590168,,,,,,
0,364,364.000000,agent_4,actor_logits,0,1,2,-6.346083,-9.590167,3.244084,0.160046,0.962460,-6.346083,-9.590167,,,,,,
0,364,364.000000,agent_5,actor_logits,0,1,2,-6.346082,-9.590167,3.244085,0.160046,0.962460,-6.346082,-9.590167,,,,,,
0,366,366.000000,agent_0,actor_logits,1,1,3,2.937214,-6.042305,7.197541,0.007386,0.999126,-4.260327,2.937214,-6.042305,,,,,
0,366,366.000000,agent_1,actor_logits,1,1,3,2.937214,-6.042305,7.197542,0.007386,0.999126,-4.260328,2.937214,-6.042305,,,,,
0,366,366.000000,agent_2,actor_logits,1,1,3,2.937214,-6.042305,7.197541,0.007386,0.999126,-4.260327,2.937214,-6.042305,,,,,
0,366,366.000000,agent_3,actor_logits,1,1,3,2.937214,-6.042306,7.197540,0.007386,0.999126,-4.260326,2.937214,-6.042306,,,,,
0,366,366.000000,agent_4,actor_logits,1,1,3,2.937214,-6.042305,7.197542,0.007386,0.999126,-4.260328,2.937214,-6.042305,,,,,
0,366,366.000000,agent_5,actor_logits,1,1,3,2.937215,-6.042306,7.197542,0.007386,0.999126,-4.260328,2.937215,-6.042306,,,,,
0,368,368.000000,agent_0,actor_logits,1,1,3,7.738688,-15.840570,11.706860,0.000105,0.999992,-15.840570,7.738688,-3.968172,,,,,
0,368,368.000000,agent_1,actor_logits,1,1,3,7.738687,-15.840571,11.706859,0.000105,0.999992,-15.840571,7.738687,-3.968172,,,,,
0,368,368.000000,agent_2,actor_logits,1,1,3,7.738687,-15.840570,11.706859,0.000105,0.999992,-15.840570,7.738687,-3.968171,,,,,
0,368,368.000000,agent_3,actor_logits,1,1,3,7.738688,-15.840570,11.706861,0.000105,0.999992,-15.840570,7.738688,-3.968173,,,,,
0,368,368.000000,agent_4,actor_logits,1,1,3,7.738688,-15.840571,11.706860,0.000105,0.999992,-15.840571,7.738688,-3.968172,,,,,
0,368,368.000000,agent_5,actor_logits,1,1,3,7.738688,-15.840571,11.706860,0.000105,0.999992,-15.840571,7.738688,-3.968171,,,,,
0,370,370.000000,agent_0,actor_logits,1,1,3,7.262914,-20.635607,7.344644,0.005388,0.999354,-20.635607,7.262914,-0.081730,,,,,
0,370,370.000000,agent_1,actor_logits,1,1,3,7.262914,-20.635607,7.344643,0.005388,0.999354,-20.635607,7.262914,-0.081730,,,,,
0,370,370.000000,agent_2,actor_logits,1,1,3,7.262914,-20.635607,7.344643,0.005388,0.999354,-20.635607,7.262914,-0.081729,,,,,
0,370,370.000000,agent_3,actor_logits,1,1,3,7.262914,-20.635605,7.344645,0.005388,0.999354,-20.635605,7.262914,-0.081730,,,,,
0,370,370.000000,agent_4,actor_logits,1,1,3,7.262914,-20.635607,7.344644,0.005388,0.999354,-20.635607,7.262914,-0.081730,,,,,
0,370,370.000000,agent_5,actor_logits,1,1,3,7.262913,-20.635607,7.344642,0.005388,0.999354,-20.635607,7.262913,-0.081729,,,,,
0,372,372.000000,agent_0,actor_logits,1,1,3,7.269520,-22.184240,4.101808,0.083158,0.983726,-22.184240,7.269520,3.167713,,,,,
0,372,372.000000,agent_1,actor_logits,1,1,3,7.269520,-22.184244,4.101807,0.083158,0.983726,-22.184244,7.269520,3.167713,,,,,
0,372,372.000000,agent_2,actor_logits,1,1,3,7.269519,-22.184242,4.101806,0.083158,0.983726,-22.184242,7.269519,3.167713,,,,,
0,372,372.000000,agent_3,actor_logits,1,1,3,7.269520,-22.184242,4.101808,0.083158,0.983726,-22.184242,7.269520,3.167713,,,,,
0,372,372.000000,agent_4,actor_logits,1,1,3,7.269520,-22.184240,4.101807,0.083158,0.983726,-22.184240,7.269520,3.167713,,,,,
0,372,372.000000,agent_5,actor_logits,1,1,3,7.269519,-22.184242,4.101806,0.083158,0.983726,-22.184242,7.269519,3.167714,,,,,
0,374,374.000000,agent_0,actor_logits,2,1,3,9.455441,-18.452814,10.036366,0.000483,0.999956,-18.452814,-0.580925,9.455441,,,,,
0,374,374.000000,agent_1,actor_logits,2,1,3,9.455441,-18.452814,10.036366,0.000483,0.999956,-18.452814,-0.580925,9.455441,,,,,
0,374,374.000000,agent_2,actor_logits,2,1,3,9.455441,-18.452814,10.036367,0.000483,0.999956,-18.452814,-0.580926,9.455441,,,,,
0,374,374.000000,agent_3,actor_logits,2,1,3,9.455441,-18.452814,10.036366,0.000483,0.999956,-18.452814,-0.580925,9.455441,,,,,
0,374,374.000000,agent_4,actor_logits,2,1,3,9.455441,-18.452814,10.036366,0.000483,0.999956,-18.452814,-0.580925,9.455441,,,,,
0,374,374.000000,agent_5,actor_logits,2,1,3,9.455441,-18.452812,10.036366,0.000483,0.999956,-18.452812,-0.580926,9.455441,,,,,
0,376,376.000000,agent_0,actor_logits,3,1,4,8.834150,-6.874563,6.328249,0.013318,0.998196,-6.874563,2.505901,-1.901335,8.834150,,,,
0,376,376.000000,agent_1,actor_logits,3,1,4,8.834150,-6.874563,6.328249,0.013318,0.998196,-6.874563,2.505901,-1.901335,8.834150,,,,
0,376,376.000000,agent_2,actor_logits,3,1,4,8.834150,-6.874563,6.328250,0.013318,0.998196,-6.874563,2.505901,-1.901334,8.834150,,,,
0,376,376.000000,agent_3,actor_logits,3,1,4,8.834150,-6.874563,6.328249,0.013318,0.998196,-6.874563,2.505901,-1.901335,8.834150,,,,
0,376,376.000000,agent_4,actor_logits,3,1,4,8.834151,-6.874563,6.328250,0.013318,0.998196,-6.874563,2.505901,-1.901335,8.834151,,,,
0,376,376.000000,agent_5,actor_logits,3,1,4,8.834150,-6.874563,6.328250,0.013318,0.998196,-6.874563,2.505900,-1.901334,8.834150,,,,
0,378,378.000000,agent_0,actor_logits,3,1,4,5.698453,-3.324697,5.296511,0.041086,0.993812,-1.116619,0.401942,-3.324697,5.698453,,,,
0,378,378.000000,agent_1,actor_logits,3,1,4,5.698453,-3.324697,5.296511,0.041086,0.993812,-1.116619,0.401942,-3.324697,5.698453,,,,
0,378,378.000000,agent_2,actor_logits,3,1,4,5.698453,-3.324697,5.296512,0.041086,0.993812,-1.116619,0.401942,-3.324697,5.698453,,,,
0,378,378.000000,agent_3,actor_logits,3,1,4,5.698453,-3.324697,5.296511,0.041086,0.993812,-1.116619,0.401943,-3.324697,5.698453,,,,
0,378,378.000000,agent_4,actor_logits,3,1,4,5.698453,-3.324696,5.296511,0.041086,0.993812,-1.116619,0.401942,-3.324696,5.698453,,,,
0,378,378.000000,agent_5,actor_logits,3,1,4,5.698454,-3.324697,5.296512,0.041086,0.993812,-1.116619,0.401942,-3.324697,5.698454,,,,
0,380,380.000000,agent_0,actor_logits,1,1,4,3.807899,-5.966308,2.624358,0.467648,0.873545,1.183541,3.807899,-5.966308,1.179826,,,,
0,380,380.000000,agent_1,actor_logits,1,1,4,3.807899,-5.966307,2.624358,0.467649,0.873545,1.183541,3.807899,-5.966307,1.179827,,,,
0,380,380.000000,agent_2,actor_logits,1,1,4,3.807898,-5.966307,2.624357,0.467649,0.873545,1.183541,3.807898,-5.966307,1.179827,,,,
0,380,380.000000,agent_3,actor_logits,1,1,4,3.807899,-5.966308,2.624357,0.467649,0.873545,1.183541,3.807899,-5.966308,1.179827,,,,
0,380,380.000000,agent_4,actor_logits,1,1,4,3.807899,-5.966307,2.624357,0.467649,0.873545,1.183541,3.807899,-5.966307,1.179826,,,,
0,380,380.000000,agent_5,actor_logits,1,1,4,3.807898,-5.966307,2.624357,0.467649,0.873545,1.183541,3.807898,-5.966307,1.179827,,,,
0,382,382.000000,agent_0,actor_logits,0,1,4,7.076458,-10.341908,4.717752,0.071069,0.988150,7.076458,2.358707,-10.341908,1.286263,,,,
0,382,382.000000,agent_1,actor_logits,0,1,4,7.076459,-10.341908,4.717752,0.071069,0.988150,7.076459,2.358706,-10.341908,1.286263,,,,
0,382,382.000000,agent_2,actor_logits,0,1,4,7.076458,-10.341908,4.717752,0.071069,0.988150,7.076458,2.358706,-10.341908,1.286263,,,,
0,382,382.000000,agent_3,actor_logits,0,1,4,7.076458,-10.341908,4.717752,0.071069,0.988150,7.076458,2.358706,-10.341908,1.286263,,,,
0,382,382.000000,agent_4,actor_logits,0,1,4,7.076459,-10.341908,4.717752,0.071069,0.988150,7.076459,2.358707,-10.341908,1.286263,,,,
0,382,382.000000,agent_5,actor_logits,0,1,4,7.076459,-10.341908,4.717753,0.071069,0.988150,7.076459,2.358706,-10.341908,1.286263,,,,
0,384,384.000000,agent_0,actor_logits,0,1,4,10.539557,-11.586422,6.752076,0.009088,0.998830,10.539557,-11.586422,-2.217046,3.787480,,,,
0,384,384.000000,agent_1,actor_logits,0,1,4,10.539557,-11.586422,6.752077,0.009088,0.998830,10.539557,-11.586422,-2.217047,3.787481,,,,
0,384,384.000000,agent_2,actor_logits,0,1,4,10.539557,-11.586422,6.752077,0.009088,0.998830,10.539557,-11.586422,-2.217046,3.787480,,,,
0,384,384.000000,agent_3,actor_logits,0,1,4,10.539557,-11.586422,6.752077,0.009088,0.998830,10.539557,-11.586422,-2.217047,3.787480,,,,
0,384,384.000000,agent_4,actor_logits,0,1,4,10.539557,-11.586422,6.752076,0.009088,0.998830,10.539557,-11.586422,-2.217046,3.787480,,,,
0,384,384.000000,agent_5,actor_logits,0,1,4,10.539557,-11.586422,6.752077,0.009088,0.998830,10.539557,-11.586422,-2.217046,3.787480,,,,
0,386,386.000000,agent_0,actor_logits,3,1,4,4.049204,-4.736596,0.521825,0.666804,0.627044,-4.736596,-2.679590,3.527379,4.049204,,,,
0,386,386.000000,agent_1,actor_logits,3,1,4,4.049204,-4.736597,0.521825,0.666804,0.627044,-4.736597,-2.679590,3.527379,4.049204,,,,
0,386,386.000000,agent_2,actor_logits,3,1,4,4.049205,-4.736596,0.521826,0.666804,0.627044,-4.736596,-2.679590,3.527379,4.049205,,,,
0,386,386.000000,agent_3,actor_logits,3,1,4,4.049204,-4.736597,0.521825,0.666804,0.627043,-4.736597,-2.679589,3.527379,4.049204,,,,
0,386,386.000000,agent_4,actor_logits,3,1,4,4.049204,-4.736596,0.521825,0.666804,0.627044,-4.736596,-2.679590,3.527379,4.049204,,,,
0,386,386.000000,agent_5,actor_logits,3,1,4,4.049204,-4.736596,0.521824,0.666804,0.627043,-4.736596,-2.679590,3.527380,4.049204,,,,
0,388,388.000000,agent_0,actor_logits,0,1,4,7.560338,-7.455149,5.132248,0.036521,0.994085,7.560338,-2.405314,-7.455149,2.428089,,,,
0,388,388.000000,agent_1,actor_logits,0,1,4,7.560338,-7.455149,5.132248,0.036521,0.994085,7.560338,-2.405314,-7.455149,2.428090,,,,
0,388,388.000000,agent_2,actor_logits,0,1,4,7.560338,-7.455149,5.132247,0.036521,0.994085,7.560338,-2.405314,-7.455149,2.428090,,,,
0,388,388.000000,agent_3,actor_logits,0,1,4,7.560337,-7.455149,5.132247,0.036521,0.994085,7.560337,-2.405314,-7.455149,2.428090,,,,
0,388,388.000000,agent_4,actor_logits,0,1,4,7.560338,-7.455149,5.132247,0.036521,0.994085,7.560338,-2.405315,-7.455149,2.428090,,,,
0,388,388.000000,agent_5,actor_logits,0,1,4,7.560338,-7.455149,5.132249,0.036521,0.994085,7.560338,-2.405315,-7.455149,2.428090,,,,
0,390,390.000000,agent_0,actor_logits,2,1,4,2.661294,-2.857750,1.789434,0.488326,0.844435,-1.669356,-2.857750,2.661294,0.871860,,,,
0,390,390.000000,agent_1,actor_logits,2,1,4,2.661294,-2.857750,1.789433,0.488326,0.844435,-1.669356,-2.857750,2.661294,0.871860,,,,
0,390,390.000000,agent_2,actor_logits,2,1,4,2.661294,-2.857751,1.789434,0.488326,0.844435,-1.669356,-2.857751,2.661294,0.871860,,,,
0,390,390.000000,agent_3,actor_logits,2,1,4,2.661293,-2.857750,1.789433,0.488326,0.844435,-1.669355,-2.857750,2.661293,0.871861,,,,
0,390,390.000000,agent_4,actor_logits,2,1,4,2.661294,-2.857751,1.789433,0.488326,0.844435,-1.669356,-2.857751,2.661294,0.871861,,,,
0,390,390.000000,agent_5,actor_logits,2,1,4,2.661295,-2.857751,1.789435,0.488326,0.844435,-1.669356,-2.857751,2.661295,0.871860,,,,
0,392,392.000000,agent_0,actor_logits,0,1,4,13.444401,-10.843525,13.133743,0.000029,0.999998,13.444401,-10.843525,-3.188542,0.310658,,,,
0,392,392.000000,agent_1,actor_logits,0,1,4,13.444401,-10.843525,13.133743,0.000029,0.999998,13.444401,-10.843525,-3.188543,0.310657,,,,
0,392,392.000000,agent_2,actor_logits,0,1,4,13.444401,-10.843523,13.133743,0.000029,0.999998,13.444401,-10.843523,-3.188542,0.310657,,,,
0,392,392.000000,agent_3,actor_logits,0,1,4,13.444401,-10.843525,13.133743,0.000029,0.999998,13.444401,-10.843525,-3.188543,0.310657,,,,
0,392,392.000000,agent_4,actor_logits,0,1,4,13.444399,-10.843524,13.133741,0.000029,0.999998,13.444399,-10.843524,-3.188542,0.310658,,,,
0,392,392.000000,agent_5,actor_logits,0,1,4,13.444401,-10.843525,13.133743,0.000029,0.999998,13.444401,-10.843525,-3.188542,0.310658,,,,
0,394,394.000000,agent_0,actor_logits,1,1,3,9.082466,-7.437289,15.714726,0.000004,1.000000,-7.437289,9.082466,-6.632260,,,,,
0,394,394.000000,agent_1,actor_logits,1,1,3,9.082466,-7.437289,15.714726,0.000004,1.000000,-7.437289,9.082466,-6.632260,,,,,
0,394,394.000000,agent_2,actor_logits,1,1,3,9.082466,-7.437289,15.714725,0.000004,1.000000,-7.437289,9.082466,-6.632260,,,,,
0,394,394.000000,agent_3,actor_logits,1,1,3,9.082465,-7.437289,15.714725,0.000004,1.000000,-7.437289,9.082465,-6.632260,,,,,
0,394,394.000000,agent_4,actor_logits,1,1,3,9.082467,-7.437290,15.714727,0.000004,1.000000,-7.437290,9.082467,-6.632260,,,,,
0,394,394.000000,agent_5,actor_logits,1,1,3,9.082466,-7.437289,15.714725,0.000004,1.000000,-7.437289,9.082466,-6.632259,,,,,
0,396,396.000000,agent_0,actor_logits,1,1,3,10.826258,-13.363622,17.410025,0.000000,1.000000,-13.363622,10.826258,-6.583766,,,,,
0,396,396.000000,agent_1,actor_logits,1,1,3,10.826259,-13.363622,17.410025,0.000000,1.000000,-13.363622,10.826259,-6.583766,,,,,
0,396,396.000000,agent_2,actor_logits,1,1,3,10.826259,-13.363622,17.410025,0.000000,1.000000,-13.363622,10.826259,-6.583766,,,,,
0,396,396.000000,agent_3,actor_logits,1,1,3,10.826258,-13.363622,17.410023,0.000000,1.000000,-13.363622,10.826258,-6.583766,,,,,
0,396,396.000000,agent_4,actor_logits,1,1,3,10.826259,-13.363623,17.410025,0.000000,1.000000,-13.363623,10.826259,-6.583766,,,,,
0,396,396.000000,agent_5,actor_logits,1,1,3,10.826259,-13.363622,17.410025,0.000000,1.000000,-13.363622,10.826259,-6.583766,,,,,
0,398,398.000000,agent_0,actor_logits,2,1,4,7.412296,-4.538865,9.163799,0.001564,0.999852,-2.788464,-4.538865,7.412296,-1.751503,,,,
0,398,398.000000,agent_1,actor_logits,2,1,4,7.412296,-4.538866,9.163800,0.001564,0.999852,-2.788464,-4.538866,7.412296,-1.751504,,,,
0,398,398.000000,agent_2,actor_logits,2,1,4,7.412296,-4.538866,9.163799,0.001564,0.999852,-2.788464,-4.538866,7.412296,-1.751504,,,,
0,398,398.000000,agent_3,actor_logits,2,1,4,7.412296,-4.538865,9.163800,0.001564,0.999852,-2.788464,-4.538865,7.412296,-1.751504,,,,
0,398,398.000000,agent_4,actor_logits,2,1,4,7.412296,-4.538865,9.163800,0.001564,0.999852,-2.788464,-4.538865,7.412296,-1.751504,,,,
0,398,398.000000,agent_5,actor_logits,2,1,4,7.412296,-4.538865,9.163800,0.001564,0.999852,-2.788464,-4.538865,7.412296,-1.751504,,,,
0,400,400.000000,agent_0,actor_logits,1,1,4,5.124635,-9.313542,1.437546,0.490158,0.807977,-3.686232,5.124635,3.687089,-9.313542,,,,
0,400,400.000000,agent_1,actor_logits,1,1,4,5.124635,-9.313542,1.437546,0.490158,0.807977,-3.686233,5.124635,3.687089,-9.313542,,,,
0,400,400.000000,agent_2,actor_logits,1,1,4,5.124635,-9.313542,1.437546,0.490158,0.807977,-3.686232,5.124635,3.687089,-9.313542,,,,
0,400,400.000000,agent_3,actor_logits,1,1,4,5.124636,-9.313543,1.437547,0.490158,0.807977,-3.686232,5.124636,3.687088,-9.313543,,,,
0,400,400.000000,agent_4,actor_logits,1,1,4,5.124637,-9.313543,1.437549,0.490158,0.807977,-3.686232,5.124637,3.687088,-9.313543,,,,
0,400,400.000000,agent_5,actor_logits,1,1,4,5.124635,-9.313543,1.437547,0.490158,0.807977,-3.686232,5.124635,3.687088,-9.313543,,,,
0,402,402.000000,agent_0,actor_logits,0,1,4,9.145432,-6.432041,6.632211,0.010065,0.998683,9.145432,-4.302120,-6.432041,2.513221,,,,
0,402,402.000000,agent_1,actor_logits,0,1,4,9.145432,-6.432041,6.632211,0.010065,0.998683,9.145432,-4.302120,-6.432041,2.513221,,,,
0,402,402.000000,agent_2,actor_logits,0,1,4,9.145432,-6.432041,6.632211,0.010065,0.998683,9.145432,-4.302120,-6.432041,2.513221,,,,
0,402,402.000000,agent_3,actor_logits,0,1,4,9.145432,-6.432040,6.632211,0.010065,0.998683,9.145432,-4.302120,-6.432040,2.513221,,,,
0,402,402.000000,agent_4,actor_logits,0,1,4,9.145432,-6.432041,6.632211,0.010065,0.998683,9.145432,-4.302119,-6.432041,2.513221,,,,
0,402,402.000000,agent_5,actor_logits,0,1,4,9.145432,-6.432041,6.632211,0.010065,0.998683,9.145432,-4.302120,-6.432041,2.513220,,,,
0,404,404.000000,agent_0,actor_logits,0,1,4,10.489532,-10.457411,8.073728,0.002882,0.999684,10.489532,-10.457411,-1.913503,2.415804,,,,
0,404,404.000000,agent_1,actor_logits,0,1,4,10.489532,-10.457411,8.073729,0.002882,0.999684,10.489532,-10.457411,-1.913502,2.415804,,,,
0,404,404.000000,agent_2,actor_logits,0,1,4,10.489532,-10.457411,8.073729,0.002882,0.999684,10.489532,-10.457411,-1.913503,2.415804,,,,
0,404,404.000000,agent_3,actor_logits,0,1,4,10.489532,-10.457411,8.073729,0.002882,0.999684,10.489532,-10.457411,-1.913502,2.415804,,,,
0,404,404.000000,agent_4,actor_logits,0,1,4,10.489532,-10.457411,8.073729,0.002882,0.999684,10.489532,-10.457411,-1.913503,2.415804,,,,
0,404,404.000000,agent_5,actor_logits,0,1,4,10.489532,-10.457411,8.073729,0.002882,0.999684,10.489532,-10.457411,-1.913503,2.415804,,,,
0,406,406.000000,agent_0,actor_logits,0,1,3,1.272117,-6.985832,0.355293,0.679002,0.587811,1.272117,0.916824,-6.985832,,,,,
0,406,406.000000,agent_1,actor_logits,0,1,3,1.272118,-6.985832,0.355294,0.679002,0.587811,1.272118,0.916824,-6.985832,,,,,
0,406,406.000000,agent_2,actor_logits,0,1,3,1.272118,-6.985832,0.355294,0.679002,0.587811,1.272118,0.916824,-6.985832,,,,,
0,406,406.000000,agent_3,actor_logits,0,1,3,1.272118,-6.985832,0.355294,0.679002,0.587811,1.272118,0.916823,-6.985832,,,,,
0,406,406.000000,agent_4,actor_logits,0,1,3,1.272118,-6.985832,0.355294,0.679002,0.587811,1.272118,0.916824,-6.985832,,,,,
0,406,406.000000,agent_5,actor_logits,0,1,3,1.272118,-6.985832,0.355294,0.679002,0.587811,1.272118,0.916824,-6.985832,,,,,
0,408,408.000000,agent_0,actor_logits,0,1,3,5.622556,-6.270394,9.215221,0.001105,0.999894,5.622556,-3.592666,-6.270394,,,,,
0,408,408.000000,agent_1,actor_logits,0,1,3,5.622555,-6.270393,9.215220,0.001105,0.999894,5.622555,-3.592665,-6.270393,,,,,
0,408,408.000000,agent_2,actor_logits,0,1,3,5.622555,-6.270393,9.215221,0.001105,0.999894,5.622555,-3.592666,-6.270393,,,,,
0,408,408.000000,agent_3,actor_logits,0,1,3,5.622556,-6.270393,9.215221,0.001105,0.999894,5.622556,-3.592666,-6.270393,,,,,
0,408,408.000000,agent_4,actor_logits,0,1,3,5.622556,-6.270393,9.215222,0.001105,0.999894,5.622556,-3.592666,-6.270393,,,,,
0,408,408.000000,agent_5,actor_logits,0,1,3,5.622555,-6.270393,9.215221,0.001105,0.999894,5.622555,-3.592666,-6.270393,,,,,
0,410,410.000000,agent_0,actor_logits,0,1,3,3.339480,-4.004940,5.756824,0.026657,0.996207,3.339480,-4.004940,-2.417344,,,,,
0,410,410.000000,agent_1,actor_logits,0,1,3,3.339480,-4.004940,5.756824,0.026657,0.996207,3.339480,-4.004940,-2.417344,,,,,
0,410,410.000000,agent_2,actor_logits,0,1,3,3.339479,-4.004941,5.756824,0.026657,0.996207,3.339479,-4.004941,-2.417344,,,,,
0,410,410.000000,agent_3,actor_logits,0,1,3,3.339480,-4.004940,5.756824,0.026657,0.996207,3.339480,-4.004940,-2.417344,,,,,
0,410,410.000000,agent_4,actor_logits,0,1,3,3.339480,-4.004941,5.756824,0.026657,0.996207,3.339480,-4.004941,-2.417344,,,,,
0,410,410.000000,agent_5,actor_logits,0,1,3,3.339479,-4.004941,5.756824,0.026657,0.996207,3.339479,-4.004941,-2.417344,,,,,
0,412,412.000000,agent_0,actor_logits,1,1,3,2.268236,-7.121553,2.341107,0.298136,0.912155,-0.072871,2.268236,-7.121553,,,,,
0,412,412.000000,agent_1,actor_logits,1,1,3,2.268237,-7.121554,2.341107,0.298136,0.912155,-0.072870,2.268237,-7.121554,,,,,
0,412,412.000000,agent_2,actor_logits,1,1,3,2.268237,-7.121554,2.341108,0.298136,0.912155,-0.072872,2.268237,-7.121554,,,,,
0,412,412.000000,agent_3,actor_logits,1,1,3,2.268237,-7.121554,2.341108,0.298136,0.912155,-0.072871,2.268237,-7.121554,,,,,
0,412,412.000000,agent_4,actor_logits,1,1,3,2.268237,-7.121554,2.341107,0.298136,0.912155,-0.072870,2.268237,-7.121554,,,,,
0,412,412.000000,agent_5,actor_logits,1,1,3,2.268237,-7.121553,2.341109,0.298136,0.912155,-0.072872,2.268237,-7.121553,,,,,
0,414,414.000000,agent_0,actor_logits,2,1,3,-0.364147,-3.571738,0.970983,0.700613,0.704640,-3.571738,-1.335129,-0.364147,,,,,
0,414,414.000000,agent_1,actor_logits,2,1,3,-0.364146,-3.571739,0.970983,0.700613,0.704640,-3.571739,-1.335129,-0.364146,,,,,
0,414,414.000000,agent_2,actor_logits,2,1,3,-0.364147,-3.571739,0.970982,0.700614,0.704640,-3.571739,-1.335129,-0.364147,,,,,
0,414,414.000000,agent_3,actor_logits,2,1,3,-0.364147,-3.571739,0.970982,0.700613,0.704640,-3.571739,-1.335128,-0.364147,,,,,
0,414,414.000000,agent_4,actor_logits,2,1,3,-0.364147,-3.571738,0.970982,0.700614,0.704640,-3.571738,-1.335129,-0.364147,,,,,
0,414,414.000000,agent_5,actor_logits,2,1,3,-0.364147,-3.571739,0.970982,0.700613,0.704640,-3.571739,-1.335129,-0.364147,,,,,
0,416,416.000000,agent_0,actor_logits,3,1,4,3.662488,-6.131490,2.332704,0.556394,0.837684,-6.131490,1.326126,1.329784,3.662488,,,,
0,416,416.000000,agent_1,actor_logits,3,1,4,3.662489,-6.131491,2.332704,0.556394,0.837684,-6.131491,1.326125,1.329785,3.662489,,,,
0,416,416.000000,agent_2,actor_logits,3,1,4,3.662489,-6.131492,2.332704,0.556394,0.837684,-6.131492,1.326125,1.329786,3.662489,,,,
0,416,416.000000,agent_3,actor_logits,3,1,4,3.662490,-6.131491,2.332705,0.556394,0.837684,-6.131491,1.326125,1.329785,3.662490,,,,
0,416,416.000000,agent_4,actor_logits,3,1,4,3.662488,-6.131491,2.332704,0.556394,0.837684,-6.131491,1.326126,1.329785,3.662488,,,,
0,416,416.000000,agent_5,actor_logits,3,1,4,3.662489,-6.131491,2.332703,0.556394,0.837684,-6.131491,1.326125,1.329786,3.662489,,,,
0,418,418.000000,agent_0,actor_logits,0,1,4,5.849986,-6.971155,2.069605,0.355635,0.887390,5.849986,-6.971155,-1.471358,3.780381,,,,
0,418,418.000000,agent_1,actor_logits,0,1,4,5.849985,-6.971156,2.069604,0.355635,0.887390,5.849985,-6.971156,-1.471357,3.780381,,,,
0,418,418.000000,agent_2,actor_logits,0,1,4,5.849985,-6.971156,2.069602,0.355636,0.887390,5.849985,-6.971156,-1.471357,3.780383,,,,
0,418,418.000000,agent_3,actor_logits,0,1,4,5.849985,-6.971156,2.069603,0.355635,0.887390,5.849985,-6.971156,-1.471357,3.780382,,,,
0,418,418.000000,agent_4,actor_logits,0,1,4,5.849986,-6.971156,2.069604,0.355635,0.887390,5.849986,-6.971156,-1.471358,3.780382,,,,
0,418,418.000000,agent_5,actor_logits,0,1,4,5.849985,-6.971156,2.069602,0.355635,0.887390,5.849985,-6.971156,-1.471357,3.780382,,,,
0,420,420.000000,agent_0,actor_logits,2,1,4,3.489856,-5.484313,2.516996,0.401215,0.895194,-5.484313,0.172492,3.489856,0.972860,,,,
0,420,420.000000,agent_1,actor_logits,2,1,4,3.489857,-5.484313,2.516998,0.401215,0.895194,-5.484313,0.172492,3.489857,0.972859,,,,
0,420,420.000000,agent_2,actor_logits,2,1,4,3.489858,-5.484313,2.516999,0.401215,0.895194,-5.484313,0.172491,3.489858,0.972859,,,,
0,420,420.000000,agent_3,actor_logits,2,1,4,3.489856,-5.484313,2.516998,0.401215,0.895194,-5.484313,0.172492,3.489856,0.972859,,,,
0,420,420.000000,agent_4,actor_logits,2,1,4,3.489856,-5.484312,2.516996,0.401215,0.895194,-5.484312,0.172493,3.489856,0.972860,,,,
0,420,420.000000,agent_5,actor_logits,2,1,4,3.489857,-5.484313,2.516998,0.401215,0.895194,-5.484313,0.172492,3.489857,0.972859,,,,
0,422,422.000000,agent_0,actor_logits,0,1,4,6.358044,-9.860520,3.402466,0.162602,0.964838,6.358044,-9.860520,0.598336,2.955579,,,,
0,422,422.000000,agent_1,actor_logits,0,1,4,6.358043,-9.860519,3.402465,0.162602,0.964838,6.358043,-9.860519,0.598336,2.955578,,,,
0,422,422.000000,agent_2,actor_logits,0,1,4,6.358043,-9.860519,3.402466,0.162602,0.964838,6.358043,-9.860519,0.598337,2.955577,,,,
0,422,422.000000,agent_3,actor_logits,0,1,4,6.358044,-9.860519,3.402466,0.162602,0.964838,6.358044,-9.860519,0.598336,2.955578,,,,
0,422,422.000000,agent_4,actor_logits,0,1,4,6.358045,-9.860519,3.402466,0.162602,0.964838,6.358045,-9.860519,0.598336,2.955579,,,,
0,422,422.000000,agent_5,actor_logits,0,1,4,6.358044,-9.860519,3.402466,0.162602,0.964838,6.358044,-9.860519,0.598336,2.955578,,,,
0,424,424.000000,agent_0,actor_logits,1,1,3,6.020148,-6.995150,12.096533,0.000104,0.999992,-6.995150,6.020148,-6.076384,,,,,
0,424,424.000000,agent_1,actor_logits,1,1,3,6.020149,-6.995150,12.096532,0.000104,0.999992,-6.995150,6.020149,-6.076383,,,,,
0,424,424.000000,agent_2,actor_logits,1,1,3,6.020148,-6.995150,12.096533,0.000104,0.999992,-6.995150,6.020148,-6.076384,,,,,
0,424,424.000000,agent_3,actor_logits,1,1,3,6.020149,-6.995149,12.096533,0.000104,0.999992,-6.995149,6.020149,-6.076384,,,,,
0,424,424.000000,agent_4,actor_logits,1,1,3,6.020149,-6.995150,12.096534,0.000104,0.999992,-6.995150,6.020149,-6.076385,,,,,
0,424,424.000000,agent_5,actor_logits,1,1,3,6.020149,-6.995149,12.096533,0.000104,0.999992,-6.995149,6.020149,-6.076384,,,,,
0,426,426.000000,agent_0,actor_logits,1,1,3,9.264711,-13.574733,14.426214,0.000008,0.999999,-13.574733,9.264711,-5.161503,,,,,
0,426,426.000000,agent_1,actor_logits,1,1,3,9.264711,-13.574733,14.426214,0.000008,0.999999,-13.574733,9.264711,-5.161502,,,,,
0,426,426.000000,agent_2,actor_logits,1,1,3,9.264712,-13.574734,14.426216,0.000008,0.999999,-13.574734,9.264712,-5.161503,,,,,
0,426,426.000000,agent_3,actor_logits,1,1,3,9.264710,-13.574731,14.426212,0.000008,0.999999,-13.574731,9.264710,-5.161502,,,,,
0,426,426.000000,agent_4,actor_logits,1,1,3,9.264711,-13.574733,14.426214,0.000008,0.999999,-13.574733,9.264711,-5.161503,,,,,
0,426,426.000000,agent_5,actor_logits,1,1,3,9.264711,-13.574733,14.426214,0.000008,0.999999,-13.574733,9.264711,-5.161502,,,,,
0,428,428.000000,agent_0,actor_logits,1,1,3,9.078728,-17.195107,11.206780,0.000166,0.999986,-17.195107,9.078728,-2.128052,,,,,
0,428,428.000000,agent_1,actor_logits,1,1,3,9.078728,-17.195107,11.206780,0.000166,0.999986,-17.195107,9.078728,-2.128052,,,,,
0,428,428.000000,agent_2,actor_logits,1,1,3,9.078729,-17.195105,11.206781,0.000166,0.999986,-17.195105,9.078729,-2.128053,,,,,
0,428,428.000000,agent_3,actor_logits,1,1,3,9.078728,-17.195107,11.206779,0.000166,0.999986,-17.195107,9.078728,-2.128052,,,,,
0,428,428.000000,agent_4,actor_logits,1,1,3,9.078728,-17.195105,11.206779,0.000166,0.999986,-17.195105,9.078728,-2.128052,,,,,
0,428,428.000000,agent_5,actor_logits,1,1,3,9.078729,-17.195107,11.206781,0.000166,0.999986,-17.195107,9.078729,-2.128053,,,,,
0,430,430.000000,agent_0,actor_logits,2,1,4,7.760660,-6.531042,4.417756,0.064709,0.988077,-4.504454,-6.531042,7.760660,3.342904,,,,
0,430,430.000000,agent_1,actor_logits,2,1,4,7.760661,-6.531043,4.417757,0.064709,0.988077,-4.504454,-6.531043,7.760661,3.342904,,,,
0,430,430.000000,agent_2,actor_logits,2,1,4,7.760660,-6.531042,4.417756,0.064709,0.988077,-4.504454,-6.531042,7.760660,3.342904,,,,
0,430,430.000000,agent_3,actor_logits,2,1,4,7.760661,-6.531043,4.417758,0.064709,0.988077,-4.504455,-6.531043,7.760661,3.342904,,,,
0,430,430.000000,agent_4,actor_logits,2,1,4,7.760660,-6.531042,4.417756,0.064709,0.988077,-4.504455,-6.531042,7.760660,3.342904,,,,
0,430,430.000000,agent_5,actor_logits,2,1,4,7.760660,-6.531042,4.417755,0.064709,0.988077,-4.504454,-6.531042,7.760660,3.342904,,,,
0,432,432.000000,agent_0,actor_logits,2,1,4,6.470054,-6.602608,4.826760,0.046883,0.992003,-6.602608,1.643294,6.470054,-3.501234,,,,
0,432,432.000000,agent_1,actor_logits,2,1,4,6.470055,-6.602609,4.826761,0.046883,0.992003,-6.602609,1.643294,6.470055,-3.501234,,,,
0,432,432.000000,agent_2,actor_logits,2,1,4,6.470055,-6.602609,4.826761,0.046883,0.992003,-6.602609,1.643294,6.470055,-3.501234,,,,
0,432,432.000000,agent_3,actor_logits,2,1,4,6.470056,-6.602609,4.826763,0.046883,0.992003,-6.602609,1.643293,6.470056,-3.501234,,,,
0,432,432.000000,agent_4,actor_logits,2,1,4,6.470055,-6.602609,4.826761,0.046883,0.992003,-6.602609,1.643294,6.470055,-3.501234,,,,
0,432,432.000000,agent_5,actor_logits,2,1,4,6.470054,-6.602609,4.826760,0.046883,0.992003,-6.602609,1.643294,6.470054,-3.501234,,,,
0,434,434.000000,agent_0,actor_logits,2,1,4,3.794095,-9.516473,2.458835,0.380303,0.899666,0.143927,1.335259,3.794095,-9.516473,,,,
0,434,434.000000,agent_1,actor_logits,2,1,4,3.794095,-9.516473,2.458836,0.380303,0.899667,0.143927,1.335259,3.794095,-9.516473,,,,
0,434,434.000000,agent_2,actor_logits,2,1,4,3.794095,-9.516473,2.458836,0.380303,0.899667,0.143927,1.335259,3.794095,-9.516473,,,,
0,434,434.000000,agent_3,actor_logits,2,1,4,3.794096,-9.516473,2.458838,0.380303,0.899667,0.143927,1.335258,3.794096,-9.516473,,,,
0,434,434.000000,agent_4,actor_logits,2,1,4,3.794095,-9.516473,2.458835,0.380303,0.899667,0.143927,1.335260,3.794095,-9.516473,,,,
0,434,434.000000,agent_5,actor_logits,2,1,4,3.794094,-9.516473,2.458835,0.380304,0.899666,0.143928,1.335259,3.794094,-9.516473,,,,
0,436,436.000000,agent_0,actor_logits,0,1,4,3.042723,-12.978694,0.399507,1.011260,0.499207,3.042723,2.643216,1.941691,-12.978694,,,,
0,436,436.000000,agent_1,actor_logits,0,1,4,3.042724,-12.978693,0.399508,1.011260,0.499207,3.042724,2.643216,1.941691,-12.978693,,,,
0,436,436.000000,agent_2,actor_logits,0,1,4,3.042724,-12.978694,0.399508,1.011260,0.499207,3.042724,2.643216,1.941691,-12.978694,,,,
0,436,436.000000,agent_3,actor_logits,0,1,4,3.042724,-12.978694,0.399508,1.011260,0.499207,3.042724,2.643216,1.941692,-12.978694,,,,
0,436,436.000000,agent_4,actor_logits,0,1,4,3.042724,-12.978693,0.399508,1.011260,0.499207,3.042724,2.643216,1.941691,-12.978693,,,,
0,436,436.000000,agent_5,actor_logits,0,1,4,3.042724,-12.978693,0.399508,1.011259,0.499207,3.042724,2.643216,1.941691,-12.978693,,,,
0,438,438.000000,agent_0,actor_logits,1,1,4,9.886553,-10.745996,10.333168,0.000396,0.999966,-0.446615,9.886553,-3.256636,-10.745996,,,,
0,438,438.000000,agent_1,actor_logits,1,1,4,9.886553,-10.745996,10.333167,0.000396,0.999966,-0.446615,9.886553,-3.256636,-10.745996,,,,
0,438,438.000000,agent_2,actor_logits,1,1,4,9.886553,-10.745996,10.333166,0.000396,0.999966,-0.446614,9.886553,-3.256636,-10.745996,,,,
0,438,438.000000,agent_3,actor_logits,1,1,4,9.886553,-10.745997,10.333166,0.000396,0.999966,-0.446613,9.886553,-3.256637,-10.745997,,,,
0,438,438.000000,agent_4,actor_logits,1,1,4,9.886553,-10.745996,10.333167,0.000396,0.999966,-0.446614,9.886553,-3.256636,-10.745996,,,,
0,438,438.000000,agent_5,actor_logits,1,1,4,9.886553,-10.745996,10.333167,0.000396,0.999966,-0.446614,9.886553,-3.256636,-10.745996,,,,
0,440,440.000000,agent_0,actor_logits,0,1,4,8.238143,-16.875566,1.562731,0.516854,0.817575,8.238143,6.675412,-16.875566,3.937947,,,,
0,440,440.000000,agent_1,actor_logits,0,1,4,8.238142,-16.875566,1.562731,0.516855,0.817575,8.238142,6.675411,-16.875566,3.937947,,,,
0,440,440.000000,agent_2,actor_logits,0,1,4,8.238143,-16.875566,1.562731,0.516854,0.817575,8.238143,6.675412,-16.875566,3.937948,,,,
0,440,440.000000,agent_3,actor_logits,0,1,4,8.238145,-16.875568,1.562734,0.516854,0.817576,8.238145,6.675411,-16.875568,3.937947,,,,
0,440,440.000000,agent_4,actor_logits,0,1,4,8.238143,-16.875566,1.562732,0.516854,0.817575,8.238143,6.675411,-16.875566,3.937947,,,,
0,440,440.000000,agent_5,actor_logits,0,1,4,8.238144,-16.875566,1.562733,0.516854,0.817576,8.238144,6.675411,-16.875566,3.937947,,,,
0,442,442.000000,agent_0,actor_logits,3,1,4,6.390213,-6.243073,2.182464,0.328663,0.898608,-3.239727,4.207749,-6.243073,6.390213,,,,
0,442,442.000000,agent_1,actor_logits,3,1,4,6.390213,-6.243072,2.182464,0.328663,0.898608,-3.239727,4.207749,-6.243072,6.390213,,,,
0,442,442.000000,agent_2,actor_logits,3,1,4,6.390213,-6.243072,2.182464,0.328663,0.898608,-3.239726,4.207749,-6.243072,6.390213,,,,
0,442,442.000000,agent_3,actor_logits,3,1,4,6.390213,-6.243072,2.182464,0.328663,0.898608,-3.239725,4.207749,-6.243072,6.390213,,,,
0,442,442.000000,agent_4,actor_logits,3,1,4,6.390213,-6.243072,2.182464,0.328663,0.898608,-3.239726,4.207749,-6.243072,6.390213,,,,
0,442,442.000000,agent_5,actor_logits,3,1,4,6.390213,-6.243072,2.182464,0.328663,0.898608,-3.239726,4.207749,-6.243072,6.390213,,,,
0,444,444.000000,agent_0,actor_logits,1,1,4,11.839886,-15.827065,6.630095,0.010216,0.998669,0.570095,11.839886,-15.827065,5.209790,,,,
0,444,444.000000,agent_1,actor_logits,1,1,4,11.839886,-15.827065,6.630095,0.010216,0.998669,0.570095,11.839886,-15.827065,5.209791,,,,
0,444,444.000000,agent_2,actor_logits,1,1,4,11.839886,-15.827065,6.630095,0.010216,0.998669,0.570095,11.839886,-15.827065,5.209791,,,,
0,444,444.000000,agent_3,actor_logits,1,1,4,11.839885,-15.827065,6.630094,0.010216,0.998669,0.570097,11.839885,-15.827065,5.209791,,,,
0,444,444.000000,agent_4,actor_logits,1,1,4,11.839886,-15.827065,6.630095,0.010216,0.998669,0.570096,11.839886,-15.827065,5.209791,,,,
0,444,444.000000,agent_5,actor_logits,1,1,4,11.839886,-15.827065,6.630095,0.010216,0.998669,0.570097,11.839886,-15.827065,5.209791,,,,
0,446,446.000000,agent_0,actor_logits,1,1,4,15.925134,-19.694796,11.210161,0.000171,0.999986,1.030151,15.925134,-19.694796,4.714972,,,,
0,446,446.000000,agent_1,actor_logits,1,1,4,15.925135,-19.694796,11.210162,0.000171,0.999986,1.030151,15.925135,-19.694796,4.714972,,,,
0,446,446.000000,agent_2,actor_logits,1,1,4,15.925134,-19.694796,11.210161,0.000171,0.999986,1.030151,15.925134,-19.694796,4.714973,,,,
0,446,446.000000,agent_3,actor_logits,1,1,4,15.925133,-19.694796,11.210161,0.000171,0.999986,1.030152,15.925133,-19.694796,4.714972,,,,
0,446,446.000000,agent_4,actor_logits,1,1,4,15.925134,-19.694796,11.210161,0.000171,0.999986,1.030151,15.925134,-19.694796,4.714973,,,,
0,446,446.000000,agent_5,actor_logits,1,1,4,15.925134,-19.694796,11.210161,0.000171,0.999986,1.030152,15.925134,-19.694796,4.714972,,,,
0,448,448.000000,agent_0,actor_logits,3,1,4,9.000965,-8.349563,7.279409,0.006529,0.999232,-0.447071,1.721556,-8.349563,9.000965,,,,
0,448,448.000000,agent_1,actor_logits,3,1,4,9.000965,-8.349563,7.279409,0.006529,0.999232,-0.447072,1.721556,-8.349563,9.000965,,,,
0,448,448.000000,agent_2,actor_logits,3,1,4,9.000965,-8.349563,7.279409,0.006529,0.999232,-0.447072,1.721556,-8.349563,9.000965,,,,
0,448,448.000000,agent_3,actor_logits,3,1,4,9.000964,-8.349562,7.279409,0.006529,0.999232,-0.447071,1.721555,-8.349562,9.000964,,,,
0,448,448.000000,agent_4,actor_logits,3,1,4,9.000964,-8.349563,7.279408,0.006529,0.999232,-0.447071,1.721555,-8.349563,9.000964,,,,
0,448,448.000000,agent_5,actor_logits,3,1,4,9.000965,-8.349563,7.279410,0.006529,0.999232,-0.447071,1.721555,-8.349563,9.000965,,,,
0,450,450.000000,agent_0,actor_logits,1,1,4,13.409799,-7.311852,16.078054,0.000002,1.000000,-5.473111,13.409799,-7.311852,-2.668256,,,,
0,450,450.000000,agent_1,actor_logits,1,1,4,13.409799,-7.311851,16.078054,0.000002,1.000000,-5.473112,13.409799,-7.311851,-2.668256,,,,
0,450,450.000000,agent_2,actor_logits,1,1,4,13.409800,-7.311852,16.078056,0.000002,1.000000,-5.473111,13.409800,-7.311852,-2.668256,,,,
0,450,450.000000,agent_3,actor_logits,1,1,4,13.409798,-7.311852,16.078054,0.000002,1.000000,-5.473110,13.409798,-7.311852,-2.668257,,,,
0,450,450.000000,agent_4,actor_logits,1,1,4,13.409798,-7.311851,16.078054,0.000002,1.000000,-5.473110,13.409798,-7.311851,-2.668256,,,,
0,450,450.000000,agent_5,actor_logits,1,1,4,13.409798,-7.311852,16.078053,0.000002,1.000000,-5.473110,13.409798,-7.311852,-2.668256,,,,
0,452,452.000000,agent_0,actor_logits,0,1,4,9.584477,-10.393564,5.686257,0.022676,0.996614,9.584477,-10.393564,-2.618588,3.898221,,,,
0,452,452.000000,agent_1,actor_logits,0,1,4,9.584478,-10.393564,5.686257,0.022676,0.996614,9.584478,-10.393564,-2.618588,3.898221,,,,
0,452,452.000000,agent_2,actor_logits,0,1,4,9.584477,-10.393564,5.686256,0.022677,0.996614,9.584477,-10.393564,-2.618588,3.898221,,,,
0,452,452.000000,agent_3,actor_logits,0,1,4,9.584478,-10.393564,5.686258,0.022676,0.996614,9.584478,-10.393564,-2.618588,3.898221,,,,
0,452,452.000000,agent_4,actor_logits,0,1,4,9.584478,-10.393565,5.686258,0.022676,0.996614,9.584478,-10.393565,-2.618588,3.898220,,,,
0,452,452.000000,agent_5,actor_logits,0,1,4,9.584477,-10.393564,5.686257,0.022676,0.996614,9.584477,-10.393564,-2.618588,3.898220,,,,
0,454,454.000000,agent_0,actor_logits,3,1,4,7.887229,-2.451348,9.362355,0.001896,0.999822,-1.840565,-1.475126,-2.451348,7.887229,,,,
0,454,454.000000,agent_1,actor_logits,3,1,4,7.887229,-2.451348,9.362355,0.001896,0.999822,-1.840564,-1.475126,-2.451348,7.887229,,,,
0,454,454.000000,agent_2,actor_logits,3,1,4,7.887229,-2.451348,9.362355,0.001896,0.999822,-1.840565,-1.475126,-2.451348,7.887229,,,,
0,454,454.000000,agent_3,actor_logits,3,1,4,7.887229,-2.451348,9.362355,0.001896,0.999822,-1.840564,-1.475126,-2.451348,7.887229,,,,
0,454,454.000000,agent_4,actor_logits,3,1,4,7.887228,-2.451349,9.362354,0.001896,0.999822,-1.840564,-1.475126,-2.451349,7.887228,,,,
0,454,454.000000,agent_5,actor_logits,3,1,4,7.887228,-2.451348,9.362354,0.001896,0.999822,-1.840564,-1.475126,-2.451348,7.887228,,,,
0,456,456.000000,agent_0,actor_logits,0,1,4,7.188733,-5.581365,4.342240,0.068851,0.987146,7.188733,-4.238543,-5.581365,2.846493,,,,
0,456,456.000000,agent_1,actor_logits,0,1,4,7.188735,-5.581365,4.342243,0.068851,0.987146,7.188735,-4.238543,-5.581365,2.846492,,,,
0,456,456.000000,agent_2,actor_logits,0,1,4,7.188735,-5.581365,4.342242,0.068851,0.987146,7.188735,-4.238543,-5.581365,2.846492,,,,
0,456,456.000000,agent_3,actor_logits,0,1,4,7.188735,-5.581365,4.342243,0.068851,0.987146,7.188735,-4.238543,-5.581365,2.846492,,,,
0,456,456.000000,agent_4,actor_logits,0,1,4,7.188735,-5.581365,4.342243,0.068851,0.987146,7.188735,-4.238543,-5.581365,2.846492,,,,
0,456,456.000000,agent_5,actor_logits,0,1,4,7.188734,-5.581366,4.342242,0.068851,0.987146,7.188734,-4.238543,-5.581366,2.846492,,,,
0,458,458.000000,agent_0,actor_logits,3,1,4,4.591612,-3.689777,4.597891,0.103899,0.981948,-0.006279,-0.229560,-3.689777,4.591612,,,,
0,458,458.000000,agent_1,actor_logits,3,1,4,4.591612,-3.689778,4.597890,0.103899,0.981948,-0.006278,-0.229560,-3.689778,4.591612,,,,
0,458,458.000000,agent_2,actor_logits,3,1,4,4.591612,-3.689778,4.597890,0.103899,0.981948,-0.006278,-0.229560,-3.689778,4.591612,,,,
0,458,458.000000,agent_3,actor_logits,3,1,4,4.591612,-3.689778,4.597890,0.103899,0.981948,-0.006278,-0.229561,-3.689778,4.591612,,,,
0,458,458.000000,agent_4,actor_logits,3,1,4,4.591612,-3.689778,4.597891,0.103899,0.981948,-0.006278,-0.229560,-3.689778,4.591612,,,,
0,458,458.000000,agent_5,actor_logits,3,1,4,4.591612,-3.689777,4.597890,0.103899,0.981948,-0.006278,-0.229561,-3.689777,4.591612,,,,
0,460,460.000000,agent_0,actor_logits,0,1,4,4.649395,-5.815748,3.162462,0.190135,0.956483,4.649395,-1.111894,-5.815748,1.486933,,,,
0,460,460.000000,agent_1,actor_logits,0,1,4,4.649395,-5.815748,3.162463,0.190135,0.956483,4.649395,-1.111894,-5.815748,1.486932,,,,
0,460,460.000000,agent_2,actor_logits,0,1,4,4.649395,-5.815748,3.162463,0.190135,0.956483,4.649395,-1.111894,-5.815748,1.486932,,,,
0,460,460.000000,agent_3,actor_logits,0,1,4,4.649395,-5.815749,3.162462,0.190135,0.956483,4.649395,-1.111894,-5.815749,1.486933,,,,
0,460,460.000000,agent_4,actor_logits,0,1,4,4.649396,-5.815749,3.162464,0.190135,0.956483,4.649396,-1.111894,-5.815749,1.486932,,,,
0,460,460.000000,agent_5,actor_logits,0,1,4,4.649395,-5.815748,3.162462,0.190135,0.956483,4.649395,-1.111893,-5.815748,1.486932,,,,
0,462,462.000000,agent_0,actor_logits,3,1,4,1.824994,-4.938561,0.242172,1.047041,0.452578,1.582821,0.965762,-4.938561,1.824994,,,,
0,462,462.000000,agent_1,actor_logits,3,1,4,1.824993,-4.938561,0.242172,1.047041,0.452578,1.582821,0.965764,-4.938561,1.824993,,,,
0,462,462.000000,agent_2,actor_logits,3,1,4,1.824994,-4.938561,0.242173,1.047041,0.452578,1.582821,0.965762,-4.938561,1.824994,,,,
0,462,462.000000,agent_3,actor_logits,3,1,4,1.824994,-4.938561,0.242173,1.047041,0.452578,1.582821,0.965762,-4.938561,1.824994,,,,
0,462,462.000000,agent_4,actor_logits,3,1,4,1.824994,-4.938562,0.242172,1.047041,0.452578,1.582821,0.965763,-4.938562,1.824994,,,,
0,462,462.000000,agent_5,actor_logits,3,1,4,1.824994,-4.938562,0.242173,1.047041,0.452578,1.582821,0.965763,-4.938562,1.824994,,,,
0,464,464.000000,agent_0,actor_logits,3,1,4,1.980080,-4.210084,0.834138,0.971490,0.578999,0.745027,1.145942,-4.210084,1.980080,,,,
0,464,464.000000,agent_1,actor_logits,3,1,4,1.980081,-4.210085,0.834138,0.971490,0.578999,0.745027,1.145943,-4.210085,1.980081,,,,
0,464,464.000000,agent_2,actor_logits,3,1,4,1.980079,-4.210084,0.834137,0.971490,0.578999,0.745027,1.145943,-4.210084,1.980079,,,,
0,464,464.000000,agent_3,actor_logits,3,1,4,1.980080,-4.210084,0.834137,0.971490,0.578999,0.745026,1.145943,-4.210084,1.980080,,,,
0,464,464.000000,agent_4,actor_logits,3,1,4,1.980081,-4.210085,0.834138,0.971490,0.578999,0.745027,1.145943,-4.210085,1.980081,,,,
0,464,464.000000,agent_5,actor_logits,3,1,4,1.980080,-4.210084,0.834137,0.971490,0.578999,0.745027,1.145943,-4.210084,1.980080,,,,
0,466,466.000000,agent_0,actor_logits,0,1,4,8.805365,-9.535864,7.690130,0.004317,0.999513,8.805365,1.115235,-9.535864,-1.600522,,,,
0,466,466.000000,agent_1,actor_logits,0,1,4,8.805365,-9.535865,7.690130,0.004317,0.999513,8.805365,1.115235,-9.535865,-1.600522,,,,
0,466,466.000000,agent_2,actor_logits,0,1,4,8.805365,-9.535863,7.690130,0.004317,0.999513,8.805365,1.115235,-9.535863,-1.600523,,,,
0,466,466.000000,agent_3,actor_logits,0,1,4,8.805365,-9.535864,7.690130,0.004317,0.999513,8.805365,1.115235,-9.535864,-1.600522,,,,
0,466,466.000000,agent_4,actor_logits,0,1,4,8.805365,-9.535865,7.690130,0.004317,0.999513,8.805365,1.115235,-9.535865,-1.600522,,,,
0,466,466.000000,agent_5,actor_logits,0,1,4,8.805365,-9.535865,7.690129,0.004317,0.999513,8.805365,1.115235,-9.535865,-1.600522,,,,
0,468,468.000000,agent_0,actor_logits,0,1,4,2.313550,-3.588516,2.149312,0.611791,0.817539,2.313550,-3.588516,0.164238,0.049084,,,,
0,468,468.000000,agent_1,actor_logits,0,1,4,2.313550,-3.588516,2.149312,0.611791,0.817539,2.313550,-3.588516,0.164238,0.049085,,,,
0,468,468.000000,agent_2,actor_logits,0,1,4,2.313550,-3.588517,2.149312,0.611791,0.817539,2.313550,-3.588517,0.164238,0.049085,,,,
0,468,468.000000,agent_3,actor_logits,0,1,4,2.313550,-3.588517,2.149313,0.611791,0.817539,2.313550,-3.588517,0.164237,0.049085,,,,
0,468,468.000000,agent_4,actor_logits,0,1,4,2.313550,-3.588516,2.149312,0.611791,0.817539,2.313550,-3.588516,0.164238,0.049085,,,,
0,468,468.000000,agent_5,actor_logits,0,1,4,2.313550,-3.588516,2.149313,0.611791,0.817539,2.313550,-3.588516,0.164237,0.049085,,,,
0,470,470.000000,agent_0,actor_logits,1,1,4,3.536892,-8.532413,2.070562,0.428277,0.873529,-0.444427,3.536892,1.466330,-8.532413,,,,
0,470,470.000000,agent_1,actor_logits,1,1,4,3.536892,-8.532412,2.070562,0.428277,0.873529,-0.444427,3.536892,1.466330,-8.532412,,,,
0,470,470.000000,agent_2,actor_logits,1,1,4,3.536892,-8.532413,2.070563,0.428277,0.873529,-0.444427,3.536892,1.466330,-8.532413,,,,
0,470,470.000000,agent_3,actor_logits,1,1,4,3.536892,-8.532412,2.070562,0.428277,0.873529,-0.444427,3.536892,1.466329,-8.532412,,,,
0,470,470.000000,agent_4,actor_logits,1,1,4,3.536892,-8.532412,2.070563,0.428277,0.873529,-0.444427,3.536892,1.466329,-8.532412,,,,
0,470,470.000000,agent_5,actor_logits,1,1,4,3.536892,-8.532413,2.070563,0.428277,0.873529,-0.444427,3.536892,1.466329,-8.532413,,,,
0,472,472.000000,agent_0,actor_logits,0,1,4,11.777958,-22.290524,2.703840,0.237412,0.936937,11.777958,9.074118,-22.290524,3.847239,,,,
0,472,472.000000,agent_1,actor_logits,0,1,4,11.777958,-22.290522,2.703839,0.237412,0.936937,11.777958,9.074119,-22.290522,3.847239,,,,
0,472,472.000000,agent_2,actor_logits,0,1,4,11.777958,-22.290522,2.703840,0.237412,0.936937,11.777958,9.074118,-22.290522,3.847239,,,,
0,472,472.000000,agent_3,actor_logits,0,1,4,11.777958,-22.290522,2.703840,0.237412,0.936937,11.777958,9.074118,-22.290522,3.847239,,,,
0,472,472.000000,agent_4,actor_logits,0,1,4,11.777958,-22.290524,2.703839,0.237412,0.936937,11.777958,9.074119,-22.290524,3.847239,,,,
0,472,472.000000,agent_5,actor_logits,0,1,4,11.777958,-22.290524,2.703840,0.237412,0.936937,11.777958,9.074118,-22.290524,3.847239,,,,
0,474,474.000000,agent_0,actor_logits,3,1,4,6.408146,-6.270309,5.756813,0.035406,0.994903,0.172651,0.651333,-6.270309,6.408146,,,,
0,474,474.000000,agent_1,actor_logits,3,1,4,6.408147,-6.270309,5.756814,0.035406,0.994903,0.172650,0.651333,-6.270309,6.408147,,,,
0,474,474.000000,agent_2,actor_logits,3,1,4,6.408147,-6.270309,5.756814,0.035406,0.994903,0.172650,0.651333,-6.270309,6.408147,,,,
0,474,474.000000,agent_3,actor_logits,3,1,4,6.408146,-6.270309,5.756813,0.035406,0.994903,0.172651,0.651333,-6.270309,6.408146,,,,
0,474,474.000000,agent_4,actor_logits,3,1,4,6.408146,-6.270309,5.756813,0.035406,0.994903,0.172650,0.651334,-6.270309,6.408146,,,,
0,474,474.000000,agent_5,actor_logits,3,1,4,6.408146,-6.270310,5.756813,0.035406,0.994903,0.172650,0.651334,-6.270310,6.408146,,,,
0,476,476.000000,agent_0,actor_logits,1,1,4,12.687845,-20.113337,6.221099,0.015661,0.997882,3.782336,12.687845,-20.113337,6.466746,,,,
0,476,476.000000,agent_1,actor_logits,1,1,4,12.687845,-20.113335,6.221098,0.015661,0.997882,3.782335,12.687845,-20.113335,6.466747,,,,
0,476,476.000000,agent_2,actor_logits,1,1,4,12.687844,-20.113335,6.221098,0.015661,0.997882,3.782336,12.687844,-20.113335,6.466746,,,,
0,476,476.000000,agent_3,actor_logits,1,1,4,12.687845,-20.113337,6.221099,0.015661,0.997882,3.782336,12.687845,-20.113337,6.466746,,,,
0,476,476.000000,agent_4,actor_logits,1,1,4,12.687845,-20.113335,6.221099,0.015661,0.997882,3.782336,12.687845,-20.113335,6.466746,,,,
0,476,476.000000,agent_5,actor_logits,1,1,4,12.687845,-20.113335,6.221099,0.015661,0.997882,3.782335,12.687845,-20.113335,6.466746,,,,
0,478,478.000000,agent_0,actor_logits,0,1,3,6.714163,-12.141048,7.581827,0.004372,0.999491,6.714163,-12.141048,-0.867664,,,,,
0,478,478.000000,agent_1,actor_logits,0,1,3,6.714163,-12.141047,7.581828,0.004372,0.999491,6.714163,-12.141047,-0.867665,,,,,
0,478,478.000000,agent_2,actor_logits,0,1,3,6.714165,-12.141048,7.581829,0.004372,0.999491,6.714165,-12.141048,-0.867664,,,,,
0,478,478.000000,agent_3,actor_logits,0,1,3,6.714164,-12.141048,7.581829,0.004372,0.999491,6.714164,-12.141048,-0.867664,,,,,
0,478,478.000000,agent_4,actor_logits,0,1,3,6.714164,-12.141048,7.581828,0.004372,0.999491,6.714164,-12.141048,-0.867664,,,,,
0,478,478.000000,agent_5,actor_logits,0,1,3,6.714164,-12.141047,7.581829,0.004372,0.999491,6.714164,-12.141047,-0.867665,,,,,
0,480,480.000000,agent_0,actor_logits,0,1,3,3.932209,-5.841209,7.345454,0.005997,0.999298,3.932209,-3.413244,-5.841209,,,,,
0,480,480.000000,agent_1,actor_logits,0,1,3,3.932209,-5.841208,7.345453,0.005997,0.999298,3.932209,-3.413245,-5.841208,,,,,
0,480,480.000000,agent_2,actor_logits,0,1,3,3.932210,-5.841209,7.345454,0.005997,0.999298,3.932210,-3.413244,-5.841209,,,,,
0,480,480.000000,agent_3,actor_logits,0,1,3,3.932209,-5.841208,7.345454,0.005997,0.999298,3.932209,-3.413245,-5.841208,,,,,
0,480,480.000000,agent_4,actor_logits,0,1,3,3.932209,-5.841208,7.345453,0.005997,0.999298,3.932209,-3.413245,-5.841208,,,,,
0,480,480.000000,agent_5,actor_logits,0,1,3,3.932209,-5.841208,7.345454,0.005997,0.999298,3.932209,-3.413245,-5.841208,,,,,
0,482,482.000000,agent_0,actor_logits,0,1,3,5.126423,-10.030287,4.925082,0.042749,0.992790,5.126423,0.201341,-10.030287,,,,,
0,482,482.000000,agent_1,actor_logits,0,1,3,5.126422,-10.030286,4.925081,0.042749,0.992790,5.126422,0.201341,-10.030286,,,,,
0,482,482.000000,agent_2,actor_logits,0,1,3,5.126423,-10.030287,4.925082,0.042749,0.992790,5.126423,0.201341,-10.030287,,,,,
0,482,482.000000,agent_3,actor_logits,0,1,3,5.126423,-10.030287,4.925082,0.042749,0.992790,5.126423,0.201341,-10.030287,,,,,
0,482,482.000000,agent_4,actor_logits,0,1,3,5.126423,-10.030287,4.925081,0.042749,0.992790,5.126423,0.201341,-10.030287,,,,,
0,482,482.000000,agent_5,actor_logits,0,1,3,5.126423,-10.030287,4.925081,0.042749,0.992790,5.126423,0.201341,-10.030287,,,,,
0,484,484.000000,agent_0,actor_logits,1,1,2,-7.948763,-8.755877,0.807113,0.617900,0.691494,-8.755877,-7.948763,,,,,,
0,484,484.000000,agent_1,actor_logits,1,1,2,-7.948764,-8.755877,0.807112,0.617900,0.691494,-8.755877,-7.948764,,,,,,
0,484,484.000000,agent_2,actor_logits,1,1,2,-7.948763,-8.755877,0.807113,0.617900,0.691494,-8.755877,-7.948763,,,,,,
0,484,484.000000,agent_3,actor_logits,1,1,2,-7.948764,-8.755877,0.807112,0.617900,0.691494,-8.755877,-7.948764,,,,,,
0,484,484.000000,agent_4,actor_logits,1,1,2,-7.948763,-8.755877,0.807113,0.617900,0.691494,-8.755877,-7.948763,,,,,,
0,484,484.000000,agent_5,actor_logits,1,1,2,-7.948763,-8.755877,0.807113,0.617900,0.691494,-8.755877,-7.948763,,,,,,
0,486,486.000000,agent_0,actor_logits,2,1,3,2.116590,-11.750270,0.919669,0.597647,0.714974,-11.750270,1.196921,2.116590,,,,,
0,486,486.000000,agent_1,actor_logits,2,1,3,2.116589,-11.750269,0.919669,0.597647,0.714974,-11.750269,1.196920,2.116589,,,,,
0,486,486.000000,agent_2,actor_logits,2,1,3,2.116590,-11.750270,0.919670,0.597647,0.714974,-11.750270,1.196921,2.116590,,,,,
0,486,486.000000,agent_3,actor_logits,2,1,3,2.116590,-11.750271,0.919669,0.597647,0.714974,-11.750271,1.196921,2.116590,,,,,
0,486,486.000000,agent_4,actor_logits,2,1,3,2.116590,-11.750271,0.919669,0.597647,0.714974,-11.750271,1.196921,2.116590,,,,,
0,486,486.000000,agent_5,actor_logits,2,1,3,2.116589,-11.750270,0.919668,0.597647,0.714974,-11.750270,1.196921,2.116589,,,,,
0,488,488.000000,agent_0,actor_logits,2,1,3,6.554865,-10.614136,10.239285,0.000402,0.999964,-10.614136,-3.684420,6.554865,,,,,
0,488,488.000000,agent_1,actor_logits,2,1,3,6.554865,-10.614136,10.239285,0.000402,0.999964,-10.614136,-3.684420,6.554865,,,,,
0,488,488.000000,agent_2,actor_logits,2,1,3,6.554864,-10.614136,10.239285,0.000402,0.999964,-10.614136,-3.684420,6.554864,,,,,
0,488,488.000000,agent_3,actor_logits,2,1,3,6.554864,-10.614136,10.239285,0.000402,0.999964,-10.614136,-3.684420,6.554864,,,,,
0,488,488.000000,agent_4,actor_logits,2,1,3,6.554865,-10.614136,10.239285,0.000402,0.999964,-10.614136,-3.684420,6.554865,,,,,
0,488,488.000000,agent_5,actor_logits,2,1,3,6.554865,-10.614136,10.239285,0.000402,0.999964,-10.614136,-3.684420,6.554865,,,,,
0,490,490.000000,agent_0,actor_logits,2,1,3,5.955671,-6.216034,12.012579,0.000147,0.999989,-6.056908,-6.216034,5.955671,,,,,
0,490,490.000000,agent_1,actor_logits,2,1,3,5.955670,-6.216033,12.012578,0.000147,0.999989,-6.056908,-6.216033,5.955670,,,,,
0,490,490.000000,agent_2,actor_logits,2,1,3,5.955670,-6.216034,12.012577,0.000147,0.999989,-6.056907,-6.216034,5.955670,,,,,
0,490,490.000000,agent_3,actor_logits,2,1,3,5.955670,-6.216034,12.012579,0.000147,0.999989,-6.056908,-6.216034,5.955670,,,,,
0,490,490.000000,agent_4,actor_logits,2,1,3,5.955671,-6.216034,12.012579,0.000147,0.999989,-6.056909,-6.216034,5.955671,,,,,
0,490,490.000000,agent_5,actor_logits,2,1,3,5.955671,-6.216033,12.012579,0.000147,0.999989,-6.056909,-6.216033,5.955671,,,,,
0,492,492.000000,agent_0,actor_logits,2,1,3,5.504880,-6.639377,8.456018,0.002080,0.999782,-6.639377,-2.951138,5.504880,,,,,
0,492,492.000000,agent_1,actor_logits,2,1,3,5.504879,-6.639377,8.456017,0.002080,0.999782,-6.639377,-2.951138,5.504879,,,,,
0,492,492.000000,agent_2,actor_logits,2,1,3,5.504880,-6.639377,8.456018,0.002080,0.999782,-6.639377,-2.951138,5.504880,,,,,
0,492,492.000000,agent_3,actor_logits,2,1,3,5.504879,-6.639377,8.456018,0.002080,0.999782,-6.639377,-2.951138,5.504879,,,,,
0,492,492.000000,agent_4,actor_logits,2,1,3,5.504879,-6.639377,8.456018,0.002080,0.999782,-6.639377,-2.951138,5.504879,,,,,
0,492,492.000000,agent_5,actor_logits,2,1,3,5.504879,-6.639377,8.456017,0.002080,0.999782,-6.639377,-2.951138,5.504879,,,,,
0,494,494.000000,agent_0,actor_logits,2,1,3,1.640383,-4.108637,2.582356,0.273769,0.926972,-0.941973,-4.108637,1.640383,,,,,
0,494,494.000000,agent_1,actor_logits,2,1,3,1.640382,-4.108636,2.582355,0.273769,0.926972,-0.941973,-4.108636,1.640382,,,,,
0,494,494.000000,agent_2,actor_logits,2,1,3,1.640383,-4.108636,2.582355,0.273769,0.926972,-0.941973,-4.108636,1.640383,,,,,
0,494,494.000000,agent_3,actor_logits,2,1,3,1.640382,-4.108636,2.582355,0.273769,0.926972,-0.941973,-4.108636,1.640382,,,,,
0,494,494.000000,agent_4,actor_logits,2,1,3,1.640383,-4.108636,2.582357,0.273769,0.926972,-0.941973,-4.108636,1.640383,,,,,
0,494,494.000000,agent_5,actor_logits,2,1,3,1.640383,-4.108636,2.582356,0.273769,0.926972,-0.941973,-4.108636,1.640383,,,,,
0,496,496.000000,agent_0,actor_logits,0,1,2,3.994939,-3.494933,7.489872,0.004741,0.999442,3.994939,-3.494933,,,,,,
0,496,496.000000,agent_1,actor_logits,0,1,2,3.994938,-3.494932,7.489871,0.004741,0.999442,3.994938,-3.494932,,,,,,
0,496,496.000000,agent_2,actor_logits,0,1,2,3.994939,-3.494933,7.489872,0.004741,0.999442,3.994939,-3.494933,,,,,,
0,496,496.000000,agent_3,actor_logits,0,1,2,3.994938,-3.494933,7.489871,0.004741,0.999442,3.994938,-3.494933,,,,,,
0,496,496.000000,agent_4,actor_logits,0,1,2,3.994938,-3.494933,7.489871,0.004741,0.999442,3.994938,-3.494933,,,,,,
0,496,496.000000,agent_5,actor_logits,0,1,2,3.994938,-3.494933,7.489871,0.004741,0.999442,3.994938,-3.494933,,,,,,
0,498,498.000000,agent_0,actor_logits,0,1,3,4.850363,-4.551453,7.516246,0.005490,0.999374,4.850363,-4.551453,-2.665883,,,,,
0,498,498.000000,agent_1,actor_logits,0,1,3,4.850362,-4.551454,7.516245,0.005490,0.999374,4.850362,-4.551454,-2.665883,,,,,
0,498,498.000000,agent_2,actor_logits,0,1,3,4.850363,-4.551454,7.516245,0.005490,0.999374,4.850363,-4.551454,-2.665882,,,,,
0,498,498.000000,agent_3,actor_logits,0,1,3,4.850362,-4.551454,7.516244,0.005490,0.999374,4.850362,-4.551454,-2.665882,,,,,
0,498,498.000000,agent_4,actor_logits,0,1,3,4.850362,-4.551454,7.516244,0.005490,0.999374,4.850362,-4.551454,-2.665882,,,,,
0,498,498.000000,agent_5,actor_logits,0,1,3,4.850363,-4.551454,7.516245,0.005490,0.999374,4.850363,-4.551454,-2.665883,,,,,
1,0,0.000000,agent_0,actor_logits,0,1,2,1.750134,-2.708004,4.458138,0.062569,0.988549,1.750134,-2.708004,,,,,,
1,0,0.000000,agent_1,actor_logits,3,1,4,4.275782,-4.192782,0.598823,0.658950,0.644635,3.676959,-2.163707,-4.192782,4.275782,,,,
1,0,0.000000,agent_2,actor_logits,3,1,4,4.275782,-4.192782,0.598823,0.658950,0.644635,3.676959,-2.163707,-4.192782,4.275782,,,,
1,0,0.000000,agent_3,actor_logits,3,1,4,4.275782,-4.192782,0.598823,0.658950,0.644635,3.676959,-2.163707,-4.192782,4.275782,,,,
1,0,0.000000,agent_4,actor_logits,3,1,4,4.275782,-4.192782,0.598823,0.658950,0.644635,3.676959,-2.163707,-4.192782,4.275782,,,,
1,0,0.000000,agent_5,actor_logits,3,1,4,4.275782,-4.192782,0.598823,0.658950,0.644635,3.676959,-2.163707,-4.192782,4.275782,,,,
1,2,2.000000,agent_0,actor_logits,0,1,3,8.712852,-10.546273,11.830924,0.000093,0.999993,8.712852,-3.118073,-10.546273,,,,,
1,2,2.000000,agent_1,actor_logits,0,1,4,9.283766,-10.214175,1.782147,0.412253,0.855960,9.283766,-3.726804,-10.214175,7.501619,,,,
1,2,2.000000,agent_2,actor_logits,0,1,4,9.283766,-10.214175,1.782147,0.412253,0.855960,9.283766,-3.726804,-10.214175,7.501619,,,,
1,2,2.000000,agent_3,actor_logits,0,1,4,9.283766,-10.214175,1.782147,0.412253,0.855960,9.283766,-3.726804,-10.214175,7.501619,,,,
1,2,2.000000,agent_4,actor_logits,0,1,4,9.283766,-10.214175,1.782147,0.412253,0.855960,9.283766,-3.726804,-10.214175,7.501619,,,,
1,2,2.000000,agent_5,actor_logits,0,1,3,9.015912,-10.135222,13.051483,0.000030,0.999998,9.015912,-4.035571,-10.135222,,,,,
1,4,4.000000,agent_0,actor_logits,0,1,2,2.494239,-0.016915,2.511154,0.266585,0.924920,2.494239,-0.016915,,,,,,
1,4,4.000000,agent_1,actor_logits,3,1,4,7.876810,-10.040870,4.281576,0.084309,0.984723,3.595234,1.495948,-10.040870,7.876810,,,,
1,4,4.000000,agent_2,actor_logits,3,1,4,8.646394,-11.595740,0.576625,0.653459,0.640279,8.069769,-1.802688,-11.595740,8.646394,,,,
1,4,4.000000,agent_3,actor_logits,3,1,4,8.646394,-11.595740,0.576625,0.653459,0.640279,8.069769,-1.802688,-11.595740,8.646394,,,,
1,4,4.000000,agent_4,actor_logits,3,1,4,8.646394,-11.595740,0.576625,0.653459,0.640279,8.069769,-1.802688,-11.595740,8.646394,,,,
1,4,4.000000,agent_5,actor_logits,3,1,4,8.457970,-11.825717,0.017014,0.693308,0.504245,8.440956,-1.811011,-11.825717,8.457970,,,,
1,6,6.000000,agent_0,actor_logits,0,1,3,10.263895,-11.435867,13.089073,0.000029,0.999998,10.263895,-2.825178,-11.435867,,,,,
1,6,6.000000,agent_1,actor_logits,0,1,4,8.756479,-10.080455,2.843277,0.213207,0.944959,8.756479,-2.565063,-10.080455,5.913203,,,,
1,6,6.000000,agent_2,actor_logits,0,1,4,9.162502,-11.534616,3.006512,0.190295,0.952841,9.162502,-1.291708,-11.534616,6.155991,,,,
1,6,6.000000,agent_3,actor_logits,0,1,4,9.162502,-11.534616,3.006512,0.190295,0.952841,9.162502,-1.291708,-11.534616,6.155991,,,,
1,6,6.000000,agent_4,actor_logits,0,1,4,9.162502,-11.534616,3.006512,0.190295,0.952841,9.162502,-1.291708,-11.534616,6.155991,,,,
1,6,6.000000,agent_5,actor_logits,0,1,3,7.807025,-9.489247,10.019696,0.000491,0.999956,7.807025,-2.212671,-9.489247,,,,,
1,8,8.000000,agent_0,actor_logits,0,1,2,3.660542,0.089232,3.571311,0.125406,0.972650,3.660542,0.089232,,,,,,
1,8,8.000000,agent_1,actor_logits,3,1,4,4.097706,-7.639593,1.631742,0.786326,0.720466,2.449498,2.465964,-7.639593,4.097706,,,,
1,8,8.000000,agent_2,actor_logits,0,1,4,9.866840,-11.012746,2.477314,0.272556,0.922534,9.866840,-3.307977,-11.012746,7.389526,,,,
1,8,8.000000,agent_3,actor_logits,0,1,4,9.866840,-11.012746,2.477314,0.272556,0.922534,9.866840,-3.307977,-11.012746,7.389526,,,,
1,8,8.000000,agent_4,actor_logits,0,1,4,9.866840,-11.012746,2.477314,0.272556,0.922534,9.866840,-3.307977,-11.012746,7.389526,,,,
1,8,8.000000,agent_5,actor_logits,0,1,4,10.412739,-10.990374,3.169433,0.169009,0.959667,10.412739,-3.796030,-10.990374,7.243306,,,,
1,10,10.000000,agent_0,actor_logits,0,1,3,10.113424,-11.402928,12.746233,0.000040,0.999997,10.113424,-2.632808,-11.402928,,,,,
1,10,10.000000,agent_1,actor_logits,0,1,4,7.503531,-9.375761,1.926673,0.381353,0.872841,7.503531,-2.369144,-9.375761,5.576858,,,,
1,10,10.000000,agent_2,actor_logits,0,1,4,8.924381,-9.503350,3.597423,0.123060,0.973327,8.924381,-9.503350,-2.660438,5.326958,,,,
1,10,10.000000,agent_3,actor_logits,0,1,4,8.924381,-9.503350,3.597423,0.123060,0.973327,8.924381,-9.503350,-2.660438,5.326958,,,,
1,10,10.000000,agent_4,actor_logits,0,1,4,8.924381,-9.503350,3.597423,0.123060,0.973327,8.924381,-9.503350,-2.660438,5.326958,,,,
1,10,10.000000,agent_5,actor_logits,0,1,4,9.451141,-9.422253,4.218692,0.075848,0.985492,9.451141,-9.422253,-3.078888,5.232450,,,,
1,12,12.000000,agent_0,actor_logits,0,1,2,0.700005,-2.263186,2.963192,0.195906,0.950883,0.700005,-2.263186,,,,,,
1,12,12.000000,agent_1,actor_logits,1,1,4,5.370199,-4.249525,6.241550,0.026371,0.996438,-1.091555,5.370199,-4.249525,-0.871351,,,,
1,12,12.000000,agent_2,actor_logits,0,1,3,1.538725,-9.600599,0.323845,0.680309,0.580256,1.538725,1.214879,-9.600599,,,,,
1,12,12.000000,agent_3,actor_logits,3,1,4,8.471861,-6.708388,0.584143,0.652254,0.642020,7.887718,-6.708388,-6.174830,8.471861,,,,
1,12,12.000000,agent_4,actor_logits,3,1,4,8.471861,-6.708388,0.584143,0.652254,0.642020,7.887718,-6.708388,-6.174830,8.471861,,,,
1,12,12.000000,agent_5,actor_logits,3,1,4,8.247816,-6.785709,0.103884,0.691807,0.525947,8.143932,-6.785709,-6.209245,8.247816,,,,
1,14,14.000000,agent_0,actor_logits,0,1,3,8.284451,-16.439379,5.904520,0.018782,0.997280,8.284451,2.379931,-16.439379,,,,,
1,14,14.000000,agent_1,actor_logits,0,1,3,7.280117,-7.290826,14.256008,0.000017,0.999999,7.280117,-6.975892,-7.290826,,,,,
1,14,14.000000,agent_2,actor_logits,0,1,3,4.200356,-15.157709,0.478615,0.665313,0.617421,4.200356,3.721741,-15.157709,,,,,
1,14,14.000000,agent_3,actor_logits,3,1,4,10.737622,-11.266816,4.168776,0.078910,0.984761,6.568846,-1.878631,-11.266816,10.737622,,,,
1,14,14.000000,agent_4,actor_logits,3,1,4,10.737622,-11.266816,4.168776,0.078910,0.984761,6.568846,-1.878631,-11.266816,10.737622,,,,
1,14,14.000000,agent_5,actor_logits,3,1,4,10.775647,-7.260365,5.558271,0.025200,0.996159,5.217376,-4.297355,-7.260365,10.775647,,,,
1,16,16.000000,agent_0,actor_logits,1,1,2,3.811403,-3.130301,6.941703,0.007670,0.999034,-3.130301,3.811403,,,,,,
1,16,16.000000,agent_1,actor_logits,1,1,2,6.140621,-2.134479,8.275100,0.002363,0.999745,-2.134479,6.140621,,,,,,
1,16,16.000000,agent_2,actor_logits,1,1,2,4.396390,-7.882054,12.278444,0.000062,0.999995,-7.882054,4.396390,,,,,,
1,16,16.000000,agent_3,actor_logits,3,1,4,12.338194,-14.517941,6.673563,0.009942,0.998716,1.601610,5.664631,-14.517941,12.338194,,,,
1,16,16.000000,agent_4,actor_logits,3,1,4,12.338194,-14.517941,6.673563,0.009942,0.998716,1.601610,5.664631,-14.517941,12.338194,,,,
1,16,16.000000,agent_5,actor_logits,3,1,4,12.419692,-9.705635,10.008255,0.000549,0.999951,-0.015924,2.411437,-9.705635,12.419692,,,,
1,18,18.000000,agent_0,actor_logits,0,1,3,6.257314,-11.346297,6.221115,0.014322,0.998017,6.257314,0.036198,-11.346297,,,,,
1,18,18.000000,agent_1,actor_logits,0,1,3,7.473300,-12.271223,7.084083,0.006772,0.999162,7.473300,0.389217,-12.271223,,,,,
1,18,18.000000,agent_2,actor_logits,0,1,3,5.611001,-12.228298,4.254015,0.073698,0.985992,5.611001,1.356986,-12.228298,,,,,
1,18,18.000000,agent_3,actor_logits,3,1,4,9.286947,-18.700312,2.533090,0.448156,0.880107,6.418932,6.753857,-18.700312,9.286947,,,,
1,18,18.000000,agent_4,actor_logits,3,1,4,9.286947,-18.700312,2.533090,0.448156,0.880107,6.418932,6.753857,-18.700312,9.286947,,,,
1,18,18.000000,agent_5,actor_logits,1,1,3,4.456395,-14.380240,0.028300,0.693047,0.507075,4.428095,4.456395,-14.380240,,,,,
1,20,20.000000,agent_0,actor_logits,0,1,2,3.127893,1.914684,1.213210,0.538227,0.770866,3.127893,1.914684,,,,,,
1,20,20.000000,agent_1,actor_logits,0,1,2,3.452239,1.335670,2.116569,0.341250,0.892503,3.452239,1.335670,,,,,,
1,20,20.000000,agent_2,actor_logits,0,1,2,3.522620,2.625144,0.897476,0.601766,0.710430,3.522620,2.625144,,,,,,
1,20,20.000000,agent_3,actor_logits,1,1,4,11.845337,-17.501608,3.236916,0.160983,0.962193,0.087250,11.845337,-17.501608,8.608421,,,,
1,20,20.000000,agent_4,actor_logits,1,1,3,11.078306,-17.374594,10.565446,0.000298,0.999974,0.512861,11.078306,-17.374594,,,,,
1,20,20.000000,agent_5,actor_logits,1,1,3,11.808539,-19.326267,9.466817,0.000810,0.999923,2.341722,11.808539,-19.326267,,,,,
1,22,22.000000,agent_0,actor_logits,1,1,3,10.063456,-16.890326,7.749028,0.003771,0.999569,2.314428,10.063456,-16.890326,,,,,
1,22,22.000000,agent_1,actor_logits,1,1,3,9.674559,-16.577114,7.210917,0.006059,0.999262,2.463642,9.674559,-16.577114,,,,,
1,22,22.000000,agent_2,actor_logits,1,1,3,10.110783,-17.299479,7.566309,0.004432,0.999483,2.544473,10.110783,-17.299479,,,,,
1,22,22.000000,agent_3,actor_logits,3,1,4,9.693488,-15.903289,0.930212,0.596259,0.717076,0.299092,8.763276,-15.903289,9.693488,,,,
1,22,22.000000,agent_4,actor_logits,1,1,3,8.807441,-16.861937,7.570495,0.004415,0.999485,1.236946,8.807441,-16.861937,,,,,
1,22,22.000000,agent_5,actor_logits,1,1,3,9.493932,-19.312033,5.468549,0.027174,0.995800,4.025383,9.493932,-19.312033,,,,,
1,24,24.000000,agent_0,actor_logits,1,1,3,9.649392,-15.445539,8.373344,0.002164,0.999769,1.276048,9.649392,-15.445539,,,,,
1,24,24.000000,agent_1,actor_logits,1,1,3,9.650658,-15.357617,8.463837,0.001996,0.999789,1.186821,9.650658,-15.357617,,,,,
1,24,24.000000,agent_2,actor_logits,1,1,3,9.334400,-15.398324,7.608771,0.004269,0.999504,1.725629,9.334400,-15.398324,,,,,
1,24,24.000000,agent_3,actor_logits,1,1,3,10.104364,-18.983957,6.498915,0.011271,0.998497,3.605449,10.104364,-18.983957,,,,,
1,24,24.000000,agent_4,actor_logits,1,1,3,9.848946,-19.451754,5.363758,0.029675,0.995339,4.485188,9.848946,-19.451754,,,,,
1,24,24.000000,agent_5,actor_logits,1,1,3,9.690284,-20.934916,2.906796,0.203836,0.948181,6.783488,9.690284,-20.934916,,,,,
1,26,26.000000,agent_0,actor_logits,1,1,3,7.293378,-16.998375,1.825684,0.402694,0.861247,5.467694,7.293378,-16.998375,,,,,
1,26,26.000000,agent_1,actor_logits,1,1,3,7.469381,-17.049660,2.234221,0.317814,0.903281,5.235160,7.469381,-17.049660,,,,,
1,26,26.000000,agent_2,actor_logits,1,1,3,7.147874,-17.048607,1.339421,0.510767,0.792395,5.808453,7.147874,-17.048607,,,,,
1,26,26.000000,agent_3,actor_logits,1,1,3,9.736261,-21.697016,2.716182,0.232504,0.937975,7.020079,9.736261,-21.697016,,,,,
1,26,26.000000,agent_4,actor_logits,1,1,3,9.543922,-21.711695,2.230993,0.318445,0.902998,7.312930,9.543922,-21.711695,,,,,
1,26,26.000000,agent_5,actor_logits,1,1,3,9.183186,-22.132940,0.751040,0.627317,0.679405,8.432146,9.183186,-22.132940,,,,,
1,28,28.000000,agent_0,actor_logits,1,1,3,6.104023,-15.843036,0.324419,0.680162,0.580401,5.779604,6.104023,-15.843036,,,,,
1,28,28.000000,agent_1,actor_logits,1,1,3,6.325039,-15.920753,0.805973,0.618096,0.691251,5.519066,6.325039,-15.920753,,,,,
1,28,28.000000,agent_2,actor_logits,1,1,3,6.054286,-15.937875,0.054408,0.692777,0.513599,5.999877,6.054286,-15.937875,,,,,
1,28,28.000000,agent_3,actor_logits,0,1,2,6.818256,-0.081963,6.900220,0.007952,0.998993,6.818256,-0.081963,,,,,,
1,28,28.000000,agent_4,actor_logits,0,1,2,7.022426,-0.200590,7.223016,0.005995,0.999271,7.022426,-0.200590,,,,,,
1,28,28.000000,agent_5,actor_logits,0,1,2,8.178225,-0.485585,8.663809,0.001669,0.999827,8.178225,-0.485585,,,,,,
1,30,30.000000,agent_0,actor_logits,0,1,3,5.874002,-15.306114,0.110271,0.691630,0.527540,5.874002,5.763731,-15.306114,,,,,
1,30,30.000000,agent_1,actor_logits,1,1,3,5.963938,-15.381227,0.283375,0.683209,0.570374,5.680563,5.963938,-15.381227,,,,,
1,30,30.000000,agent_2,actor_logits,0,1,3,5.980992,-15.394872,0.236053,0.686230,0.558741,5.980992,5.744939,-15.394872,,,,,
1,30,30.000000,agent_3,actor_logits,0,1,3,10.229115,-22.244846,1.543809,0.465246,0.824018,10.229115,8.685306,-22.244846,,,,,
1,30,30.000000,agent_4,actor_logits,0,1,3,10.194997,-22.193789,1.512765,0.472195,0.819471,10.194997,8.682232,-22.193789,,,,,
1,30,30.000000,agent_5,actor_logits,0,1,3,10.350352,-22.356352,1.495568,0.476043,0.816913,10.350352,8.854784,-22.356352,,,,,
1,32,32.000000,agent_0,actor_logits,0,1,3,8.949489,-10.988486,11.745974,0.000101,0.999992,8.949489,-2.796485,-10.988486,,,,,
1,32,32.000000,agent_1,actor_logits,1,1,3,5.843332,-14.344860,1.124626,0.556949,0.754846,4.718706,5.843332,-14.344860,,,,,
1,32,32.000000,agent_2,actor_logits,0,1,3,8.928259,-11.052178,11.649857,0.000110,0.999991,8.928259,-2.721597,-11.052178,,,,,
1,32,32.000000,agent_3,actor_logits,1,1,3,9.782623,-21.891935,2.022779,0.360565,0.883168,7.759845,9.782623,-21.891935,,,,,
1,32,32.000000,agent_4,actor_logits,1,1,3,9.795187,-21.818094,2.118737,0.340810,0.892711,7.676450,9.795187,-21.818094,,,,,
1,32,32.000000,agent_5,actor_logits,1,1,3,9.878879,-21.927004,2.062066,0.352410,0.887161,7.816813,9.878879,-21.927004,,,,,
1,34,34.000000,agent_0,actor_logits,0,1,3,14.706240,-10.184505,22.892509,0.000000,1.000000,14.706240,-8.186270,-10.184505,,,,,
1,34,34.000000,agent_1,actor_logits,0,1,4,7.965585,-15.373621,3.070825,0.288648,0.933191,7.965585,4.285041,-15.373621,4.894760,,,,
1,34,34.000000,agent_2,actor_logits,0,1,3,14.584129,-10.145144,22.705776,0.000000,1.000000,14.584129,-8.121647,-10.145144,,,,,
1,34,34.000000,agent_3,actor_logits,0,1,4,9.501150,-11.158446,0.313017,0.681055,0.577621,9.501150,-4.515275,-11.158446,9.188133,,,,
1,34,34.000000,agent_4,actor_logits,0,1,4,9.491995,-11.133815,0.299858,0.682040,0.574408,9.491995,-4.529508,-11.133815,9.192137,,,,
1,34,34.000000,agent_5,actor_logits,0,1,4,9.767841,-11.200355,0.757848,0.626205,0.680886,9.767841,-4.629209,-11.200355,9.009994,,,,
1,36,36.000000,agent_0,actor_logits,0,1,3,2.483498,-5.581255,4.712595,0.053702,0.990790,2.483498,-2.229096,-5.581255,,,,,
1,36,36.000000,agent_1,actor_logits,0,1,3,4.877048,-11.145675,3.360756,0.146858,0.966455,4.877048,1.516292,-11.145675,,,,,
1,36,36.000000,agent_2,actor_logits,0,1,3,2.513719,-5.619053,4.729679,0.052831,0.990959,2.513719,-2.215960,-5.619053,,,,,
1,36,36.000000,agent_3,actor_logits,1,1,4,13.449037,-15.869383,8.416096,0.002094,0.999778,-0.694622,13.449037,-15.869383,5.032940,,,,
1,36,36.000000,agent_4,actor_logits,1,1,4,13.389227,-15.847473,8.375961,0.002171,0.999769,-0.639294,13.389227,-15.847473,5.013266,,,,
1,36,36.000000,agent_5,actor_logits,1,1,4,13.426198,-15.955287,8.643848,0.001713,0.999823,-0.418749,13.426198,-15.955287,4.782350,,,,
1,38,38.000000,agent_0,actor_logits,0,1,3,-0.206521,-6.339868,0.790538,0.630997,0.686922,-0.206521,-0.997059,-6.339868,,,,,
1,38,38.000000,agent_1,actor_logits,1,1,3,0.015562,-5.018020,1.436379,0.519425,0.803663,-1.420817,0.015562,-5.018020,,,,,
1,38,38.000000,agent_2,actor_logits,0,1,3,-0.160557,-6.384713,0.844067,0.621082,0.698354,-0.160557,-1.004624,-6.384713,,,,,
1,38,38.000000,agent_3,actor_logits,0,1,3,9.839436,-17.501087,7.799395,0.003606,0.999590,9.839436,2.040040,-17.501087,,,,,
1,38,38.000000,agent_4,actor_logits,0,1,3,9.877197,-17.470289,7.894330,0.003315,0.999627,9.877197,1.982868,-17.470289,,,,,
1,38,38.000000,agent_5,actor_logits,0,1,3,10.149487,-17.530092,8.296090,0.002319,0.999751,10.149487,1.853397,-17.530092,,,,,
1,40,40.000000,agent_0,actor_logits,1,1,2,1.069709,-11.431063,12.500772,0.000050,0.999996,-11.431063,1.069709,,,,,,
1,40,40.000000,agent_1,actor_logits,1,1,3,2.146192,-4.827999,5.872688,0.026717,0.996263,-3.726496,2.146192,-4.827999,,,,,
1,40,40.000000,agent_2,actor_logits,1,1,2,1.055959,-11.412896,12.468856,0.000052,0.999996,-11.412896,1.055959,,,,,,
1,40,40.000000,agent_3,actor_logits,0,1,3,4.470748,-15.169965,1.278945,0.524020,0.782270,4.470748,3.191803,-15.169965,,,,,
1,40,40.000000,agent_4,actor_logits,0,1,3,4.480578,-15.148215,1.315969,0.515924,0.788510,4.480578,3.164609,-15.148215,,,,,
1,40,40.000000,agent_5,actor_logits,0,1,3,4.761479,-15.283868,1.532533,0.467771,0.822377,4.761479,3.228946,-15.283868,,,,,
1,42,42.000000,agent_0,actor_logits,1,1,3,7.446662,-7.786650,11.454071,0.000136,0.999989,-7.786650,7.446662,-4.007410,,,,,
1,42,42.000000,agent_1,actor_logits,0,1,4,3.328403,-4.130277,2.043887,0.373788,0.883150,3.328403,1.284516,-2.786562,-4.130277,,,,
1,42,42.000000,agent_2,actor_logits,1,1,3,7.475139,-7.793208,11.495934,0.000131,0.999990,-7.793208,7.475139,-4.020794,,,,,
1,42,42.000000,agent_3,actor_logits,1,1,3,7.057148,-9.842691,11.668127,0.000109,0.999991,-9.842691,7.057148,-4.610978,,,,,
1,42,42.000000,agent_4,actor_logits,1,1,3,7.020801,-9.789632,11.625356,0.000114,0.999991,-9.789632,7.020801,-4.604555,,,,,
1,42,42.000000,agent_5,actor_logits,1,1,3,7.110357,-9.591664,11.816140,0.000096,0.999993,-9.591664,7.110357,-4.705783,,,,,
1,44,44.000000,agent_0,actor_logits,2,1,4,5.768302,-12.362722,1.923045,0.539771,0.835865,3.845257,-12.362722,5.768302,2.776649,,,,
1,44,44.000000,agent_1,actor_logits,0,1,3,7.509468,-7.120668,9.756043,0.000630,0.999942,7.509468,-7.120668,-2.246576,,,,,
1,44,44.000000,agent_2,actor_logits,2,1,4,5.773332,-12.385387,1.884249,0.541913,0.833504,3.889083,-12.385387,5.773332,2.732825,,,,
1,44,44.000000,agent_3,actor_logits,2,1,4,7.123047,-12.217762,2.775233,0.236664,0.939538,0.917121,-12.217762,7.123047,4.347815,,,,
1,44,44.000000,agent_4,actor_logits,2,1,4,7.115546,-12.185808,2.736770,0.242192,0.937446,0.874912,-12.185808,7.115546,4.378776,,,,
1,44,44.000000,agent_5,actor_logits,2,1,4,6.972857,-12.083754,2.640958,0.259948,0.931365,0.940636,-12.083754,6.972857,4.331900,,,,
1,46,46.000000,agent_0,actor_logits,0,1,4,11.920515,-13.119429,8.786081,0.001529,0.999845,11.920515,-13.119429,-1.017313,3.134434,,,,
1,46,46.000000,agent_1,actor_logits,0,1,3,7.046846,-9.461533,6.509559,0.011168,0.998513,7.046846,-9.461533,0.537287,,,,,
1,46,46.000000,agent_2,actor_logits,0,1,4,11.950339,-13.105431,8.856283,0.001436,0.999855,11.950339,-13.105431,-1.031682,3.094056,,,,
1,46,46.000000,agent_3,actor_logits,0,1,4,10.192389,-12.291182,6.621473,0.010396,0.998648,10.192389,-12.291182,-0.515923,3.570917,,,,
1,46,46.000000,agent_4,actor_logits,0,1,4,10.173132,-12.274935,6.599056,0.010600,0.998618,10.173132,-12.274935,-0.516699,3.574076,,,,
1,46,46.000000,agent_5,actor_logits,0,1,4,10.223896,-12.156517,6.692636,0.009754,0.998743,10.223896,-12.156517,-0.643180,3.531260,,,,
1,48,48.000000,agent_0,actor_logits,1,1,3,4.543826,-6.707533,9.146254,0.001241,0.999880,-6.707533,4.543826,-4.602428,,,,,
1,48,48.000000,agent_1,actor_logits,2,1,3,10.483489,-13.139366,11.716983,0.000104,0.999992,-1.233494,-13.139366,10.483489,,,,,
1,48,48.000000,agent_2,actor_logits,1,1,3,4.560646,-6.691467,9.188253,0.001201,0.999885,-6.691467,4.560646,-4.627607,,,,,
1,48,48.000000,agent_3,actor_logits,1,1,3,5.553526,-7.944292,10.324244,0.000392,0.999966,-7.944292,5.553526,-4.770717,,,,,
1,48,48.000000,agent_4,actor_logits,1,1,3,5.558631,-7.945087,10.334579,0.000388,0.999966,-7.945087,5.558631,-4.775949,,,,,
1,48,48.000000,agent_5,actor_logits,1,1,3,5.600193,-7.862798,10.535013,0.000327,0.999972,-7.862798,5.600193,-4.934821,,,,,
1,50,50.000000,agent_0,actor_logits,2,1,3,4.640253,-9.105375,5.368784,0.029566,0.995361,-9.105375,-0.728531,4.640253,,,,,
1,50,50.000000,agent_1,actor_logits,1,1,4,3.575387,-7.443210,1.342344,0.811531,0.700072,-7.443210,3.575387,2.233044,1.786680,,,,
1,50,50.000000,agent_2,actor_logits,2,1,3,4.625268,-9.091840,5.348069,0.030084,0.995264,-9.091840,-0.722801,4.625268,,,,,
1,50,50.000000,agent_3,actor_logits,2,1,3,4.039809,-9.571969,4.445533,0.063225,0.988404,-9.571969,-0.405724,4.039809,,,,,
1,50,50.000000,agent_4,actor_logits,2,1,3,4.030738,-9.569862,4.434643,0.063783,0.988279,-9.569862,-0.403905,4.030738,,,,,
1,50,50.000000,agent_5,actor_logits,2,1,3,3.952731,-9.509628,4.342074,0.068709,0.987156,-9.509628,-0.389343,3.952731,,,,,
1,52,52.000000,agent_0,actor_logits,0,1,4,2.633858,-5.655696,0.714211,0.886673,0.608170,2.633858,-5.655696,1.919647,0.765956,,,,
1,52,52.000000,agent_1,actor_logits,0,1,4,3.879824,-5.847748,2.261143,0.453535,0.873976,3.879824,-5.847748,0.658584,1.618682,,,,
1,52,52.000000,agent_2,actor_logits,0,1,4,2.650138,-5.661009,0.734024,0.880673,0.613401,2.650138,-5.661009,1.916114,0.753261,,,,
1,52,52.000000,agent_3,actor_logits,0,1,4,2.542289,-5.014287,1.057916,0.797351,0.686297,2.542289,-5.014287,1.484373,0.329482,,,,
1,52,52.000000,agent_4,actor_logits,0,1,4,2.542307,-5.006648,1.064019,0.795765,0.687551,2.542307,-5.006648,1.478288,0.324467,,,,
1,52,52.000000,agent_5,actor_logits,0,1,4,2.566290,-4.986821,1.118676,0.779702,0.699239,2.566290,-4.986821,1.447614,0.292190,,,,
1,54,54.000000,agent_0,actor_logits,1,1,3,2.290005,-4.761356,6.068729,0.023263,0.996830,-4.761356,2.290005,-3.778724,,,,,
1,54,54.000000,agent_1,actor_logits,1,1,3,2.706178,-4.202518,6.858717,0.016124,0.997955,-4.152539,2.706178,-4.202518,,,,,
1,54,54.000000,agent_2,actor_logits,1,1,3,2.299270,-4.757424,6.083328,0.023028,0.996868,-4.757424,2.299270,-3.784058,,,,,
1,54,54.000000,agent_3,actor_logits,1,1,3,3.261566,-5.263014,7.666809,0.005944,0.999334,-5.263014,3.261566,-4.405242,,,,,
1,54,54.000000,agent_4,actor_logits,1,1,3,3.268979,-5.265460,7.680692,0.005878,0.999342,-5.265460,3.268979,-4.411714,,,,,
1,54,54.000000,agent_5,actor_logits,1,1,3,3.301205,-5.265459,7.746671,0.005598,0.999378,-5.265459,3.301205,-4.445467,,,,,
1,56,56.000000,agent_0,actor_logits,2,1,3,7.536821,-16.670738,4.142896,0.080500,0.984371,-16.670738,3.393926,7.536821,,,,,
1,56,56.000000,agent_1,actor_logits,2,1,3,7.549680,-16.409300,4.204405,0.076666,0.985290,-16.409300,3.345275,7.549680,,,,,
1,56,56.000000,agent_2,actor_logits,2,1,3,7.531631,-16.667185,4.133990,0.081070,0.984234,-16.667185,3.397641,7.531631,,,,,
1,56,56.000000,agent_3,actor_logits,2,1,3,6.863364,-17.011145,2.626925,0.246928,0.932574,-17.011145,4.236439,6.863364,,,,,
1,56,56.000000,agent_4,actor_logits,2,1,3,6.856607,-17.012695,2.613396,0.249170,0.931719,-17.012695,4.243212,6.856607,,,,,
1,56,56.000000,agent_5,actor_logits,2,1,3,6.826458,-17.017992,2.552800,0.259391,0.927761,-17.017992,4.273658,6.826458,,,,,
1,58,58.000000,agent_0,actor_logits,2,1,4,5.984577,-4.863752,0.832835,0.613806,0.696931,-4.464086,-4.863752,5.984577,5.151742,,,,
1,58,58.000000,agent_1,actor_logits,2,1,4,6.185789,-4.905904,1.233194,0.534269,0.774355,-4.529650,-4.905904,6.185789,4.952595,,,,
1,58,58.000000,agent_2,actor_logits,2,1,4,5.984732,-4.866769,0.841553,0.612270,0.698768,-4.455516,-4.866769,5.984732,5.143179,,,,
1,58,58.000000,agent_3,actor_logits,2,1,4,5.691598,-4.748740,0.770495,0.624686,0.683591,-4.230353,-4.748740,5.691598,4.921103,,,,
1,58,58.000000,agent_4,actor_logits,2,1,4,5.688790,-4.748407,0.768991,0.624939,0.683266,-4.227829,-4.748407,5.688790,4.919799,,,,
1,58,58.000000,agent_5,actor_logits,2,1,4,5.674750,-4.745940,0.754962,0.627267,0.680222,-4.218402,-4.745940,5.674750,4.919787,,,,
1,60,60.000000,agent_0,actor_logits,0,1,4,11.404380,-10.889648,8.838303,0.001453,0.999853,11.404380,-10.889648,-1.791343,2.566077,,,,
1,60,60.000000,agent_1,actor_logits,0,1,4,11.622263,-10.991070,9.161646,0.001087,0.999894,11.622263,-10.991070,-1.838941,2.460617,,,,
1,60,60.000000,agent_2,actor_logits,0,1,4,11.415258,-10.892332,8.855610,0.001431,0.999856,11.415258,-10.892332,-1.794344,2.559648,,,,
1,60,60.000000,agent_3,actor_logits,0,1,4,11.796065,-10.887878,9.396577,0.000876,0.999916,11.796065,-10.887878,-2.151581,2.399488,,,,
1,60,60.000000,agent_4,actor_logits,0,1,4,11.799629,-10.888464,9.401023,0.000872,0.999917,11.799629,-10.888464,-2.154498,2.398607,,,,
1,60,60.000000,agent_5,actor_logits,0,1,4,11.811980,-10.891199,9.413214,0.000863,0.999918,11.811980,-10.891199,-2.165612,2.398767,,,,
1,62,62.000000,agent_0,actor_logits,1,1,3,4.595777,-8.817533,6.292296,0.013493,0.998151,-8.817533,4.595777,-1.696519,,,,,
1,62,62.000000,agent_1,actor_logits,1,1,3,4.617140,-8.730930,6.381587,0.012496,0.998309,-8.730930,4.617140,-1.764446,,,,,
1,62,62.000000,agent_2,actor_logits,1,1,3,4.595450,-8.813695,6.292869,0.013486,0.998152,-8.813695,4.595450,-1.697419,,,,,
1,62,62.000000,agent_3,actor_logits,1,1,3,4.870564,-8.718769,6.877617,0.008129,0.998969,-8.718769,4.870564,-2.007053,,,,,
1,62,62.000000,agent_4,actor_logits,1,1,3,4.872484,-8.717319,6.882355,0.008096,0.998974,-8.717319,4.872484,-2.009871,,,,,
1,62,62.000000,agent_5,actor_logits,1,1,3,4.877345,-8.709583,6.896226,0.007999,0.998988,-8.709583,4.877345,-2.018881,,,,,
1,64,64.000000,agent_0,actor_logits,1,1,3,5.096617,-13.934743,0.271871,0.683993,0.567552,-13.934743,5.096617,4.824747,,,,,
1,64,64.000000,agent_1,actor_logits,1,1,3,5.137526,-13.917031,0.381704,0.675261,0.594284,-13.917031,5.137526,4.755822,,,,,
1,64,64.000000,agent_2,actor_logits,1,1,3,5.094761,-13.931334,0.270074,0.684112,0.567111,-13.931334,5.094761,4.824687,,,,,
1,64,64.000000,agent_3,actor_logits,1,1,3,5.343900,-13.899585,0.772299,0.623804,0.684018,-13.899585,5.343900,4.571601,,,,,
1,64,64.000000,agent_4,actor_logits,1,1,3,5.345240,-13.898882,0.775511,0.623267,0.684712,-13.898882,5.345240,4.569729,,,,,
1,64,64.000000,agent_5,actor_logits,1,1,3,5.349801,-13.896795,0.785455,0.621594,0.686855,-13.896795,5.349801,4.564346,,,,,
1,66,66.000000,agent_0,actor_logits,3,1,4,3.521675,-6.726937,0.792059,0.825845,0.641841,2.729616,-6.726937,1.268560,3.521675,,,,
1,66,66.000000,agent_1,actor_logits,3,1,4,3.582927,-6.694349,0.879207,0.798165,0.663536,2.703720,-6.694349,1.196204,3.582927,,,,
1,66,66.000000,agent_2,actor_logits,3,1,4,3.518222,-6.728065,0.785598,0.827144,0.640451,2.732624,-6.728065,1.269332,3.518222,,,,
1,66,66.000000,agent_3,actor_logits,3,1,4,3.362366,-6.719152,0.374003,0.851017,0.560103,2.988363,-6.719152,1.033118,3.362366,,,,
1,66,66.000000,agent_4,actor_logits,3,1,4,3.360838,-6.719396,0.370512,0.851178,0.559343,2.990326,-6.719396,1.031799,3.360838,,,,
1,66,66.000000,agent_5,actor_logits,3,1,4,3.357146,-6.718854,0.362527,0.851429,0.557631,2.994619,-6.718854,1.027644,3.357146,,,,
1,70,70.000000,agent_0,actor_logits,0,1,7,9.050423,-8.421329,8.338446,0.004845,0.999516,9.050423,-8.421329,-0.943539,-0.346869,0.711977,-0.868757,-0.558965,
1,70,70.000000,agent_1,actor_logits,0,1,7,9.055998,-8.358485,8.339267,0.004774,0.999524,9.055998,-8.358485,-1.005040,-0.378333,0.716731,-0.875282,-0.562006,
1,70,70.000000,agent_2,actor_logits,0,1,7,9.052622,-8.422981,8.340023,0.004837,0.999517,9.052622,-8.422981,-0.942802,-0.347641,0.712599,-0.868829,-0.558841,
1,70,70.000000,agent_3,actor_logits,0,1,7,9.092697,-8.181312,8.367504,0.004433,0.999559,9.092697,-8.181312,-1.120784,-0.584500,0.725193,-0.900581,-0.574898,
1,70,70.000000,agent_4,actor_logits,0,1,7,9.093014,-8.179794,8.368052,0.004430,0.999560,9.093014,-8.179794,-1.121951,-0.585971,0.724962,-0.900757,-0.575001,
1,70,70.000000,agent_5,actor_logits,0,1,7,9.093588,-8.174606,8.368726,0.004423,0.999561,9.093588,-8.174606,-1.125985,-0.589897,0.724862,-0.901302,-0.575272,
1,76,76.000000,agent_0,actor_logits,2,1,3,0.244529,-7.388625,2.810748,0.221787,0.942823,-7.388625,-2.566219,0.244529,,,,,
1,76,76.000000,agent_1,actor_logits,2,1,3,0.224491,-7.372221,2.792804,0.224621,0.941840,-7.372221,-2.568313,0.224491,,,,,
1,76,76.000000,agent_2,actor_logits,2,1,3,0.243921,-7.386904,2.810264,0.221867,0.942796,-7.386904,-2.566343,0.243921,,,,,
1,76,76.000000,agent_3,actor_logits,2,1,3,0.169683,-7.344088,2.714436,0.237048,0.937393,-7.344088,-2.544752,0.169683,,,,,
1,76,76.000000,agent_4,actor_logits,2,1,3,0.169594,-7.344570,2.714026,0.237111,0.937370,-7.344570,-2.544432,0.169594,,,,,
1,76,76.000000,agent_5,actor_logits,2,1,3,0.169037,-7.345701,2.712442,0.237359,0.937278,-7.345701,-2.543404,0.169037,,,,,
1,82,82.000000,agent_0,actor_logits,3,1,7,10.516883,-10.567886,4.666492,0.056727,0.990297,-10.567886,1.785948,1.567525,10.516883,5.850391,1.114879,-0.390505,
1,82,82.000000,agent_1,actor_logits,3,1,7,10.512310,-10.566315,4.659762,0.057035,0.990233,-10.566315,1.796703,1.556700,10.512310,5.852548,1.114238,-0.391128,
1,82,82.000000,agent_2,actor_logits,3,1,7,10.516789,-10.567726,4.666276,0.056736,0.990296,-10.567726,1.786173,1.567144,10.516789,5.850514,1.114856,-0.390498,
1,82,82.000000,agent_3,actor_logits,3,1,7,10.516517,-10.571655,4.658591,0.057079,0.990223,-10.571655,1.813491,1.542409,10.516517,5.857926,1.114889,-0.392664,
1,82,82.000000,agent_4,actor_logits,3,1,7,10.516583,-10.571649,4.658681,0.057075,0.990224,-10.571649,1.813362,1.542529,10.516583,5.857903,1.114905,-0.392664,
1,82,82.000000,agent_5,actor_logits,3,1,7,10.516684,-10.571814,4.658755,0.057071,0.990225,-10.571814,1.813393,1.542630,10.516684,5.857929,1.114928,-0.392686,
1,84,84.000000,agent_0,actor_logits,1,1,4,6.159162,-9.687798,1.969070,0.371977,0.877502,-5.228628,6.159162,4.190092,-9.687798,,,,
1,84,84.000000,agent_1,actor_logits,1,1,4,6.161171,-9.692372,1.979556,0.369761,0.878625,-5.223557,6.161171,4.181615,-9.692372,,,,
1,84,84.000000,agent_2,actor_logits,1,1,4,6.158998,-9.687718,1.968909,0.372011,0.877485,-5.228541,6.158998,4.190089,-9.687718,,,,
1,84,84.000000,agent_3,actor_logits,1,1,4,6.166273,-9.698759,1.986700,0.368254,0.879385,-5.226355,6.166273,4.179573,-9.698759,,,,
1,84,84.000000,agent_4,actor_logits,1,1,4,6.166309,-9.698785,1.986664,0.368261,0.879381,-5.226413,6.166309,4.179645,-9.698785,,,,
1,84,84.000000,agent_5,actor_logits,1,1,4,6.166480,-9.698917,1.986873,0.368217,0.879403,-5.226488,6.166480,4.179606,-9.698917,,,,
1,86,86.000000,agent_0,actor_logits,0,1,4,5.282176,-9.464385,2.410924,0.420601,0.887223,5.282176,1.995536,-9.464385,2.871252,,,,
1,86,86.000000,agent_1,actor_logits,0,1,4,5.291152,-9.472705,2.422275,0.417762,0.888299,5.291152,1.995042,-9.472705,2.868877,,,,
1,86,86.000000,agent_2,actor_logits,0,1,4,5.282215,-9.464351,2.410987,0.420578,0.887232,5.282215,1.995447,-9.464351,2.871228,,,,
1,86,86.000000,agent_3,actor_logits,0,1,4,5.292315,-9.473144,2.420662,0.417607,0.888312,5.292315,1.991882,-9.473144,2.871653,,,,
1,86,86.000000,agent_4,actor_logits,0,1,4,5.292260,-9.473073,2.420581,0.417624,0.888305,5.292260,1.991866,-9.473073,2.871679,,,,
1,86,86.000000,agent_5,actor_logits,0,1,4,5.292302,-9.473138,2.420615,0.417617,0.888308,5.292302,1.991890,-9.473138,2.871687,,,,
1,88,88.000000,agent_0,actor_logits,1,1,4,6.610335,-6.118718,4.861532,0.045133,0.992314,-5.850412,6.610335,1.748803,-6.118718,,,,
1,88,88.000000,agent_1,actor_logits,1,1,4,6.606336,-6.125185,4.859720,0.045201,0.992300,-5.839867,6.606336,1.746615,-6.125185,,,,
1,88,88.000000,agent_2,actor_logits,1,1,4,6.610300,-6.118854,4.861457,0.045136,0.992313,-5.850370,6.610300,1.748843,-6.118854,,,,
1,88,88.000000,agent_3,actor_logits,1,1,4,6.604118,-6.118111,4.858387,0.045251,0.992290,-5.839903,6.604118,1.745731,-6.118111,,,,
1,88,88.000000,agent_4,actor_logits,1,1,4,6.604128,-6.117995,4.858416,0.045250,0.992290,-5.839953,6.604128,1.745712,-6.117995,,,,
1,88,88.000000,agent_5,actor_logits,1,1,4,6.604113,-6.117890,4.858450,0.045249,0.992290,-5.839919,6.604113,1.745663,-6.117890,,,,
1,90,90.000000,agent_0,actor_logits,1,1,4,8.378442,-7.865151,5.700188,0.022519,0.996651,-2.779330,8.378442,-7.865151,2.678254,,,,
1,90,90.000000,agent_1,actor_logits,1,1,4,8.378355,-7.873536,5.700556,0.022514,0.996653,-2.769549,8.378355,-7.873536,2.677799,,,,
1,90,90.000000,agent_2,actor_logits,1,1,4,8.378429,-7.865257,5.700195,0.022519,0.996651,-2.779211,8.378429,-7.865257,2.678234,,,,
1,90,90.000000,agent_3,actor_logits,1,1,4,8.379679,-7.869674,5.702101,0.022484,0.996658,-2.774235,8.379679,-7.869674,2.677578,,,,
1,90,90.000000,agent_4,actor_logits,1,1,4,8.379675,-7.869568,5.702125,0.022483,0.996658,-2.774323,8.379675,-7.869568,2.677551,,,,
1,90,90.000000,agent_5,actor_logits,1,1,4,8.379693,-7.869506,5.702151,0.022483,0.996658,-2.774383,8.379693,-7.869506,2.677542,,,,
1,92,92.000000,agent_0,actor_logits,1,1,4,10.965111,-10.197178,7.349766,0.005369,0.999357,-3.971935,10.965111,-10.197178,3.615345,,,,
1,92,92.000000,agent_1,actor_logits,1,1,4,10.961763,-10.199739,7.347319,0.005380,0.999356,-3.965083,10.961763,-10.199739,3.614444,,,,
1,92,92.000000,agent_2,actor_logits,1,1,4,10.965057,-10.197268,7.349751,0.005369,0.999357,-3.971776,10.965057,-10.197268,3.615307,,,,
1,92,92.000000,agent_3,actor_logits,1,1,4,10.963203,-10.197643,7.347333,0.005380,0.999356,-3.969201,10.963203,-10.197643,3.615870,,,,
1,92,92.000000,agent_4,actor_logits,1,1,4,10.963215,-10.197585,7.347372,0.005380,0.999356,-3.969249,10.963215,-10.197585,3.615843,,,,
1,92,92.000000,agent_5,actor_logits,1,1,4,10.963244,-10.197527,7.347388,0.005380,0.999356,-3.969336,10.963244,-10.197527,3.615857,,,,
1,94,94.000000,agent_0,actor_logits,1,1,4,7.920936,-12.965980,2.274570,0.316718,0.905961,0.971166,7.920936,-12.965980,5.646367,,,,
1,94,94.000000,agent_1,actor_logits,1,1,4,7.918431,-12.968390,2.273888,0.316903,0.905896,0.977863,7.918431,-12.968390,5.644543,,,,
1,94,94.000000,agent_2,actor_logits,1,1,4,7.920887,-12.966086,2.274593,0.316715,0.905963,0.971378,7.920887,-12.966086,5.646294,,,,
1,94,94.000000,agent_3,actor_logits,1,1,4,7.919973,-12.965723,2.273293,0.316972,0.905852,0.971904,7.919973,-12.965723,5.646680,,,,
1,94,94.000000,agent_4,actor_logits,1,1,4,7.919958,-12.965670,2.273282,0.316974,0.905851,0.971866,7.919958,-12.965670,5.646676,,,,
1,94,94.000000,agent_5,actor_logits,1,1,4,7.919979,-12.965594,2.273259,0.316978,0.905849,0.971737,7.919979,-12.965594,5.646719,,,,
1,96,96.000000,agent_0,actor_logits,1,1,4,9.199643,-11.512757,4.819226,0.046976,0.991962,-1.205378,9.199643,-11.512757,4.380417,,,,
1,96,96.000000,agent_1,actor_logits,1,1,4,9.198477,-11.516708,4.819331,0.046975,0.991962,-1.198789,9.198477,-11.516708,4.379146,,,,
1,96,96.000000,agent_2,actor_logits,1,1,4,9.199594,-11.512890,4.819230,0.046976,0.991962,-1.205141,9.199594,-11.512890,4.380364,,,,
1,96,96.000000,agent_3,actor_logits,1,1,4,9.199934,-11.513535,4.819053,0.046983,0.991960,-1.205173,9.199934,-11.513535,4.380881,,,,
1,96,96.000000,agent_4,actor_logits,1,1,4,9.199903,-11.513453,4.819047,0.046983,0.991960,-1.205209,9.199903,-11.513453,4.380856,,,,
1,96,96.000000,agent_5,actor_logits,1,1,4,9.199926,-11.513363,4.819043,0.046983,0.991960,-1.205356,9.199926,-11.513363,4.380884,,,,
1,98,98.000000,agent_0,actor_logits,0,1,3,5.255589,-11.316105,5.459306,0.027388,0.995761,5.255589,-11.316105,-0.203718,,,,,
1,98,98.000000,agent_1,actor_logits,0,1,3,5.257995,-11.319416,5.460264,0.027366,0.995765,5.257995,-11.319416,-0.202268,,,,,
1,98,98.000000,agent_2,actor_logits,0,1,3,5.255690,-11.316243,5.459349,0.027387,0.995762,5.255690,-11.316243,-0.203659,,,,,
1,98,98.000000,agent_3,actor_logits,0,1,3,5.255058,-11.316027,5.458537,0.027406,0.995758,5.255058,-11.316027,-0.203479,,,,,
1,98,98.000000,agent_4,actor_logits,0,1,3,5.255080,-11.315989,5.458595,0.027404,0.995758,5.255080,-11.315989,-0.203515,,,,,
1,98,98.000000,agent_5,actor_logits,0,1,3,5.255021,-11.315900,5.458576,0.027405,0.995758,5.255021,-11.315900,-0.203555,,,,,
1,100,100.000000,agent_0,actor_logits,0,1,3,5.370280,-12.630415,2.337685,0.298002,0.911950,5.370280,3.032595,-12.630415,,,,,
1,100,100.000000,agent_1,actor_logits,0,1,3,5.375010,-12.631234,2.343662,0.296882,0.912429,5.375010,3.031348,-12.631234,,,,,
1,100,100.000000,agent_2,actor_logits,0,1,3,5.370476,-12.630422,2.337966,0.297950,0.911973,5.370476,3.032511,-12.630422,,,,,
1,100,100.000000,agent_3,actor_logits,0,1,3,5.370166,-12.630630,2.337185,0.298096,0.911910,5.370166,3.032981,-12.630630,,,,,
1,100,100.000000,agent_4,actor_logits,0,1,3,5.370095,-12.630631,2.337080,0.298116,0.911902,5.370095,3.033015,-12.630631,,,,,
1,100,100.000000,agent_5,actor_logits,0,1,3,5.369961,-12.630630,2.336887,0.298152,0.911886,5.369961,3.033074,-12.630630,,,,,
1,102,102.000000,agent_0,actor_logits,0,1,2,6.128727,-21.400005,27.528732,0.000000,1.000000,6.128727,-21.400005,,,,,,
1,102,102.000000,agent_1,actor_logits,0,1,2,6.132149,-21.399069,27.531218,0.000000,1.000000,6.132149,-21.399069,,,,,,
1,102,102.000000,agent_2,actor_logits,0,1,2,6.128874,-21.399961,27.528835,0.000000,1.000000,6.128874,-21.399961,,,,,,
1,102,102.000000,agent_3,actor_logits,0,1,2,6.128455,-21.400135,27.528589,0.000000,1.000000,6.128455,-21.400135,,,,,,
1,102,102.000000,agent_4,actor_logits,0,1,2,6.128449,-21.400139,27.528587,0.000000,1.000000,6.128449,-21.400139,,,,,,
1,102,102.000000,agent_5,actor_logits,0,1,2,6.128356,-21.400167,27.528524,0.000000,1.000000,6.128356,-21.400167,,,,,,
1,104,104.000000,agent_0,actor_logits,1,1,3,4.602271,-14.399640,1.987510,0.367961,0.879479,-14.399640,4.602271,2.614761,,,,,
1,104,104.000000,agent_1,actor_logits,1,1,3,4.604829,-14.398645,1.992220,0.366969,0.879978,-14.398645,4.604829,2.612609,,,,,
1,104,104.000000,agent_2,actor_logits,1,1,3,4.602369,-14.399587,1.987689,0.367923,0.879498,-14.399587,4.602369,2.614680,,,,,
1,104,104.000000,agent_3,actor_logits,1,1,3,4.602471,-14.399974,1.987808,0.367898,0.879511,-14.399974,4.602471,2.614664,,,,,
1,104,104.000000,agent_4,actor_logits,1,1,3,4.602438,-14.399963,1.987753,0.367910,0.879505,-14.399963,4.602438,2.614685,,,,,
1,104,104.000000,agent_5,actor_logits,1,1,3,4.602376,-14.399999,1.987637,0.367934,0.879493,-14.399999,4.602376,2.614738,,,,,
1,106,106.000000,agent_0,actor_logits,2,1,3,10.497521,-8.960428,18.917656,0.000000,1.000000,-8.420134,-8.960428,10.497521,,,,,
1,106,106.000000,agent_1,actor_logits,2,1,3,10.496440,-8.959288,18.915905,0.000000,1.000000,-8.419466,-8.959288,10.496440,,,,,
1,106,106.000000,agent_2,actor_logits,2,1,3,10.497484,-8.960384,18.917587,0.000000,1.000000,-8.420103,-8.960384,10.497484,,,,,
1,106,106.000000,agent_3,actor_logits,2,1,3,10.497306,-8.960303,18.917437,0.000000,1.000000,-8.420131,-8.960303,10.497306,,,,,
1,106,106.000000,agent_4,actor_logits,2,1,3,10.497325,-8.960317,18.917461,0.000000,1.000000,-8.420135,-8.960317,10.497325,,,,,
1,106,106.000000,agent_5,actor_logits,2,1,3,10.497352,-8.960344,18.917507,0.000000,1.000000,-8.420155,-8.960344,10.497352,,,,,
1,108,108.000000,agent_0,actor_logits,2,1,4,4.152375,-9.332023,0.085551,0.740117,0.516321,-9.332023,4.066823,4.152375,0.176987,,,,
1,108,108.000000,agent_1,actor_logits,2,1,4,4.151050,-9.333305,0.082180,0.740216,0.515484,-9.333305,4.068870,4.151050,0.178051,,,,
1,108,108.000000,agent_2,actor_logits,2,1,4,4.152326,-9.332072,0.085424,0.740121,0.516289,-9.332072,4.066902,4.152326,0.177028,,,,
1,108,108.000000,agent_3,actor_logits,2,1,4,4.152227,-9.332047,0.085268,0.740125,0.516251,-9.332047,4.066959,4.152227,0.177009,,,,
1,108,108.000000,agent_4,actor_logits,2,1,4,4.152252,-9.332014,0.085330,0.740122,0.516266,-9.332014,4.066922,4.152252,0.176982,,,,
1,108,108.000000,agent_5,actor_logits,2,1,4,4.152286,-9.331977,0.085417,0.740120,0.516288,-9.331977,4.066869,4.152286,0.176952,,,,
1,110,110.000000,agent_0,actor_logits,3,1,4,2.245986,-3.880136,0.118109,0.855944,0.504101,2.127876,-3.880136,-0.129771,2.245986,,,,
1,110,110.000000,agent_1,actor_logits,3,1,4,2.246578,-3.879001,0.119450,0.855857,0.504432,2.127128,-3.879001,-0.130359,2.246578,,,,
1,110,110.000000,agent_2,actor_logits,3,1,4,2.246010,-3.880092,0.118162,0.855940,0.504114,2.127848,-3.880092,-0.129795,2.246010,,,,
1,110,110.000000,agent_3,actor_logits,3,1,4,2.245951,-3.880030,0.118155,0.855948,0.504111,2.127796,-3.880030,-0.129788,2.245951,,,,
1,110,110.000000,agent_4,actor_logits,3,1,4,2.245932,-3.880054,0.118102,0.855949,0.504099,2.127830,-3.880054,-0.129784,2.245932,,,,
1,110,110.000000,agent_5,actor_logits,3,1,4,2.245913,-3.880084,0.118060,0.855951,0.504088,2.127853,-3.880084,-0.129770,2.245913,,,,
1,112,112.000000,agent_0,actor_logits,0,1,4,10.259526,-5.900224,9.235899,0.001003,0.999902,10.259526,-4.950625,-5.900224,1.023627,,,,
1,112,112.000000,agent_1,actor_logits,0,1,4,10.259245,-5.900370,9.235389,0.001004,0.999902,10.259245,-4.950379,-5.900370,1.023856,,,,
1,112,112.000000,agent_2,actor_logits,0,1,4,10.259518,-5.900229,9.235880,0.001003,0.999902,10.259518,-4.950617,-5.900229,1.023638,,,,
1,112,112.000000,agent_3,actor_logits,0,1,4,10.259476,-5.900261,9.235923,0.001003,0.999902,10.259476,-4.950519,-5.900261,1.023553,,,,
1,112,112.000000,agent_4,actor_logits,0,1,4,10.259503,-5.900267,9.235962,0.001003,0.999902,10.259503,-4.950526,-5.900267,1.023541,,,,
1,112,112.000000,agent_5,actor_logits,0,1,4,10.259516,-5.900267,9.235985,0.001003,0.999902,10.259516,-4.950531,-5.900267,1.023531,,,,
1,114,114.000000,agent_0,actor_logits,2,1,4,5.513364,-7.220828,5.822713,0.025872,0.996359,-0.309349,-1.762618,5.513364,-7.220828,,,,
1,114,114.000000,agent_1,actor_logits,2,1,4,5.513422,-7.220541,5.823042,0.025866,0.996360,-0.309620,-1.762600,5.513422,-7.220541,,,,
1,114,114.000000,agent_2,actor_logits,2,1,4,5.513367,-7.220813,5.822727,0.025871,0.996359,-0.309360,-1.762619,5.513367,-7.220813,,,,
1,114,114.000000,agent_3,actor_logits,2,1,4,5.513320,-7.220911,5.822686,0.025873,0.996359,-0.309365,-1.762516,5.513320,-7.220911,,,,
1,114,114.000000,agent_4,actor_logits,2,1,4,5.513313,-7.220918,5.822660,0.025873,0.996359,-0.309348,-1.762519,5.513313,-7.220918,,,,
1,114,114.000000,agent_5,actor_logits,2,1,4,5.513310,-7.220930,5.822648,0.025873,0.996358,-0.309337,-1.762518,5.513310,-7.220930,,,,
1,116,116.000000,agent_0,actor_logits,0,1,4,16.335466,-17.000891,15.161385,0.000005,1.000000,16.335466,-17.000891,-0.174778,1.174082,,,,
1,116,116.000000,agent_1,actor_logits,0,1,4,16.335121,-17.001013,15.160883,0.000005,1.000000,16.335121,-17.001013,-0.174489,1.174238,,,,
1,116,116.000000,agent_2,actor_logits,0,1,4,16.335451,-17.000898,15.161362,0.000005,1.000000,16.335451,-17.000898,-0.174764,1.174090,,,,
1,116,116.000000,agent_3,actor_logits,0,1,4,16.335455,-17.000826,15.161434,0.000005,1.000000,16.335455,-17.000826,-0.174818,1.174021,,,,
1,116,116.000000,agent_4,actor_logits,0,1,4,16.335459,-17.000826,15.161442,0.000005,1.000000,16.335459,-17.000826,-0.174820,1.174017,,,,
1,116,116.000000,agent_5,actor_logits,0,1,4,16.335470,-17.000822,15.161460,0.000005,1.000000,16.335470,-17.000822,-0.174828,1.174011,,,,
1,118,118.000000,agent_0,actor_logits,1,1,3,5.624936,-8.231061,7.885709,0.003355,0.999623,-2.260772,5.624936,-8.231061,,,,,
1,118,118.000000,agent_1,actor_logits,1,1,3,5.624968,-8.230735,7.886177,0.003353,0.999623,-2.261209,5.624968,-8.230735,,,,,
1,118,118.000000,agent_2,actor_logits,1,1,3,5.624934,-8.231046,7.885722,0.003355,0.999623,-2.260788,5.624934,-8.231046,,,,,
1,118,118.000000,agent_3,actor_logits,1,1,3,5.625100,-8.231148,7.885934,0.003354,0.999623,-2.260834,5.625100,-8.231148,,,,,
1,118,118.000000,agent_4,actor_logits,1,1,3,5.625096,-8.231158,7.885912,0.003354,0.999623,-2.260816,5.625096,-8.231158,,,,,
1,118,118.000000,agent_5,actor_logits,1,1,3,5.625098,-8.231170,7.885901,0.003354,0.999623,-2.260804,5.625098,-8.231170,,,,,
1,120,120.000000,agent_0,actor_logits,2,1,3,5.702315,-9.497911,7.952602,0.003152,0.999648,-2.250287,-9.497911,5.702315,,,,,
1,120,120.000000,agent_1,actor_logits,2,1,3,5.702625,-9.498045,7.953332,0.003150,0.999648,-2.250708,-9.498045,5.702625,,,,,
1,120,120.000000,agent_2,actor_logits,2,1,3,5.702330,-9.497920,7.952633,0.003152,0.999648,-2.250303,-9.497920,5.702330,,,,,
1,120,120.000000,agent_3,actor_logits,2,1,3,5.702258,-9.497822,7.952583,0.003152,0.999648,-2.250325,-9.497822,5.702258,,,,,
1,120,120.000000,agent_4,actor_logits,2,1,3,5.702253,-9.497828,7.952565,0.003152,0.999648,-2.250312,-9.497828,5.702253,,,,,
1,120,120.000000,agent_5,actor_logits,2,1,3,5.702243,-9.497822,7.952543,0.003152,0.999648,-2.250301,-9.497822,5.702243,,,,,
1,122,122.000000,agent_0,actor_logits,0,1,4,4.842806,-3.787393,2.329234,0.303498,0.910879,4.842806,-3.787393,-3.297015,2.513572,,,,
1,122,122.000000,agent_1,actor_logits,0,1,4,4.842707,-3.787847,2.328894,0.303562,0.910851,4.842707,-3.787847,-3.296608,2.513813,,,,
1,122,122.000000,agent_2,actor_logits,0,1,4,4.842803,-3.787411,2.329219,0.303501,0.910878,4.842803,-3.787411,-3.296999,2.513583,,,,
1,122,122.000000,agent_3,actor_logits,0,1,4,4.842781,-3.787337,2.329259,0.303493,0.910881,4.842781,-3.787337,-3.297018,2.513521,,,,
1,122,122.000000,agent_4,actor_logits,0,1,4,4.842776,-3.787328,2.329253,0.303494,0.910881,4.842776,-3.787328,-3.297021,2.513522,,,,
1,122,122.000000,agent_5,actor_logits,0,1,4,4.842777,-3.787313,2.329262,0.303493,0.910881,4.842777,-3.787313,-3.297033,2.513515,,,,
1,124,124.000000,agent_0,actor_logits,0,1,3,4.249339,-5.730965,6.738747,0.009661,0.998771,4.249339,-5.730965,-2.489408,,,,,
1,124,124.000000,agent_1,actor_logits,0,1,3,4.249143,-5.731155,6.738238,0.009665,0.998771,4.249143,-5.731155,-2.489095,,,,,
1,124,124.000000,agent_2,actor_logits,0,1,3,4.249331,-5.730974,6.738725,0.009661,0.998771,4.249331,-5.730974,-2.489394,,,,,
1,124,124.000000,agent_3,actor_logits,0,1,3,4.249342,-5.730919,6.738796,0.009661,0.998771,4.249342,-5.730919,-2.489454,,,,,
1,124,124.000000,agent_4,actor_logits,0,1,3,4.249344,-5.730917,6.738801,0.009661,0.998771,4.249344,-5.730917,-2.489457,,,,,
1,124,124.000000,agent_5,actor_logits,0,1,3,4.249350,-5.730911,6.738816,0.009660,0.998771,4.249350,-5.730911,-2.489466,,,,,
1,126,126.000000,agent_0,actor_logits,0,1,3,14.911104,-15.955873,15.281933,0.000004,1.000000,14.911104,-15.955873,-0.370829,,,,,
1,126,126.000000,agent_1,actor_logits,0,1,3,14.910893,-15.955996,15.281529,0.000004,1.000000,14.910893,-15.955996,-0.370636,,,,,
1,126,126.000000,agent_2,actor_logits,0,1,3,14.911094,-15.955875,15.281915,0.000004,1.000000,14.911094,-15.955875,-0.370821,,,,,
1,126,126.000000,agent_3,actor_logits,0,1,3,14.911160,-15.955927,15.281982,0.000004,1.000000,14.911160,-15.955927,-0.370823,,,,,
1,126,126.000000,agent_4,actor_logits,0,1,3,14.911160,-15.955923,15.281985,0.000004,1.000000,14.911160,-15.955923,-0.370825,,,,,
1,126,126.000000,agent_5,actor_logits,0,1,3,14.911165,-15.955919,15.281997,0.000004,1.000000,14.911165,-15.955919,-0.370831,,,,,
1,128,128.000000,agent_0,actor_logits,0,1,3,13.685724,-10.900559,20.397156,0.000000,1.000000,13.685724,-6.711432,-10.900559,,,,,
1,128,128.000000,agent_1,actor_logits,0,1,3,13.685709,-10.900413,20.397375,0.000000,1.000000,13.685709,-6.711667,-10.900413,,,,,
1,128,128.000000,agent_2,actor_logits,0,1,3,13.685722,-10.900554,20.397165,0.000000,1.000000,13.685722,-6.711442,-10.900554,,,,,
1,128,128.000000,agent_3,actor_logits,0,1,3,13.685715,-10.900578,20.397146,0.000000,1.000000,13.685715,-6.711432,-10.900578,,,,,
1,128,128.000000,agent_4,actor_logits,0,1,3,13.685715,-10.900577,20.397144,0.000000,1.000000,13.685715,-6.711429,-10.900577,,,,,
1,128,128.000000,agent_5,actor_logits,0,1,3,13.685715,-10.900581,20.397137,0.000000,1.000000,13.685715,-6.711422,-10.900581,,,,,
1,130,130.000000,agent_0,actor_logits,0,1,3,9.336647,-13.644326,8.635873,0.001711,0.999822,9.336647,-13.644326,0.700775,,,,,
1,130,130.000000,agent_1,actor_logits,0,1,3,9.336535,-13.644363,8.635704,0.001711,0.999822,9.336535,-13.644363,0.700831,,,,,
1,130,130.000000,agent_2,actor_logits,0,1,3,9.336643,-13.644328,8.635866,0.001711,0.999822,9.336643,-13.644328,0.700777,,,,,
1,130,130.000000,agent_3,actor_logits,0,1,3,9.336643,-13.644327,8.635875,0.001711,0.999822,9.336643,-13.644327,0.700768,,,,,
1,130,130.000000,agent_4,actor_logits,0,1,3,9.336643,-13.644326,8.635875,0.001711,0.999822,9.336643,-13.644326,0.700769,,,,,
1,130,130.000000,agent_5,actor_logits,0,1,3,9.336645,-13.644325,8.635879,0.001711,0.999822,9.336645,-13.644325,0.700767,,,,,
1,132,132.000000,agent_0,actor_logits,2,1,3,6.852693,-14.742190,1.200217,0.541006,0.768563,5.652476,-14.742190,6.852693,,,,,
1,132,132.000000,agent_1,actor_logits,2,1,3,6.852762,-14.742124,1.200355,0.540977,0.768588,5.652407,-14.742124,6.852762,,,,,
1,132,132.000000,agent_2,actor_logits,2,1,3,6.852696,-14.742188,1.200223,0.541005,0.768565,5.652473,-14.742188,6.852696,,,,,
1,132,132.000000,agent_3,actor_logits,2,1,3,6.852692,-14.742193,1.200222,0.541005,0.768564,5.652470,-14.742193,6.852692,,,,,
1,132,132.000000,agent_4,actor_logits,2,1,3,6.852692,-14.742193,1.200221,0.541006,0.768564,5.652471,-14.742193,6.852692,,,,,
1,132,132.000000,agent_5,actor_logits,2,1,3,6.852690,-14.742196,1.200218,0.541006,0.768564,5.652472,-14.742196,6.852690,,,,,
1,134,134.000000,agent_0,actor_logits,1,1,4,6.485471,-8.681793,3.011649,0.193064,0.952677,-8.681793,6.485471,-1.191216,3.473822,,,,
1,134,134.000000,agent_1,actor_logits,1,1,4,6.485373,-8.681713,3.011571,0.193075,0.952673,-8.681713,6.485373,-1.191162,3.473803,,,,
1,134,134.000000,agent_2,actor_logits,1,1,4,6.485467,-8.681789,3.011648,0.193065,0.952676,-8.681789,6.485467,-1.191214,3.473820,,,,
1,134,134.000000,agent_3,actor_logits,1,1,4,6.485465,-8.681805,3.011618,0.193069,0.952675,-8.681805,6.485465,-1.191211,3.473847,,,,
1,134,134.000000,agent_4,actor_logits,1,1,4,6.485466,-8.681806,3.011620,0.193068,0.952675,-8.681806,6.485466,-1.191211,3.473846,,,,
1,134,134.000000,agent_5,actor_logits,1,1,4,6.485468,-8.681808,3.011622,0.193068,0.952675,-8.681808,6.485468,-1.191213,3.473847,,,,
1,136,136.000000,agent_0,actor_logits,1,1,3,2.048435,-4.490795,6.453820,0.022571,0.996989,-4.405385,2.048435,-4.490795,,,,,
1,136,136.000000,agent_1,actor_logits,1,1,3,2.048380,-4.490758,6.453724,0.022573,0.996989,-4.405344,2.048380,-4.490758,,,,,
1,136,136.000000,agent_2,actor_logits,1,1,3,2.048432,-4.490793,6.453814,0.022571,0.996989,-4.405382,2.048432,-4.490793,,,,,
1,136,136.000000,agent_3,actor_logits,1,1,3,2.048437,-4.490797,6.453825,0.022571,0.996989,-4.405388,2.048437,-4.490797,,,,,
1,136,136.000000,agent_4,actor_logits,1,1,3,2.048438,-4.490798,6.453827,0.022571,0.996989,-4.405389,2.048438,-4.490798,,,,,
1,136,136.000000,agent_5,actor_logits,1,1,3,2.048439,-4.490798,6.453828,0.022571,0.996989,-4.405389,2.048439,-4.490798,,,,,
1,138,138.000000,agent_0,actor_logits,0,1,4,5.308382,-8.042942,3.114764,0.213784,0.951297,5.308382,-8.042942,0.318421,2.193617,,,,
1,138,138.000000,agent_1,actor_logits,0,1,4,5.308444,-8.042993,3.114805,0.213776,0.951299,5.308444,-8.042993,0.318410,2.193638,,,,
1,138,138.000000,agent_2,actor_logits,0,1,4,5.308384,-8.042943,3.114766,0.213784,0.951297,5.308384,-8.042943,0.318419,2.193619,,,,
1,138,138.000000,agent_3,actor_logits,0,1,4,5.308381,-8.042952,3.114756,0.213785,0.951297,5.308381,-8.042952,0.318426,2.193625,,,,
1,138,138.000000,agent_4,actor_logits,0,1,4,5.308382,-8.042951,3.114757,0.213785,0.951297,5.308382,-8.042951,0.318425,2.193624,,,,
1,138,138.000000,agent_5,actor_logits,0,1,4,5.308378,-8.042950,3.114753,0.213786,0.951296,5.308378,-8.042950,0.318426,2.193625,,,,
1,140,140.000000,agent_0,actor_logits,0,1,3,14.842919,-14.437695,20.599003,0.000000,1.000000,14.842919,-5.756083,-14.437695,,,,,
1,140,140.000000,agent_1,actor_logits,0,1,3,14.842907,-14.437671,20.599007,0.000000,1.000000,14.842907,-5.756100,-14.437671,,,,,
1,140,140.000000,agent_2,actor_logits,0,1,3,14.842919,-14.437693,20.599003,0.000000,1.000000,14.842919,-5.756084,-14.437693,,,,,
1,140,140.000000,agent_3,actor_logits,0,1,3,14.842919,-14.437690,20.599009,0.000000,1.000000,14.842919,-5.756089,-14.437690,,,,,
1,140,140.000000,agent_4,actor_logits,0,1,3,14.842920,-14.437690,20.599010,0.000000,1.000000,14.842920,-5.756090,-14.437690,,,,,
1,140,140.000000,agent_5,actor_logits,0,1,3,14.842920,-14.437690,20.599009,0.000000,1.000000,14.842920,-5.756089,-14.437690,,,,,
1,142,142.000000,agent_0,actor_logits,0,1,2,-6.892826,-7.530344,0.637518,0.644813,0.654192,-6.892826,-7.530344,,,,,,
1,142,142.000000,agent_1,actor_logits,0,1,2,-6.892830,-7.530361,0.637531,0.644811,0.654195,-6.892830,-7.530361,,,,,,
1,142,142.000000,agent_2,actor_logits,0,1,2,-6.892826,-7.530345,0.637520,0.644813,0.654193,-6.892826,-7.530345,,,,,,
1,142,142.000000,agent_3,actor_logits,0,1,2,-6.892825,-7.530350,0.637525,0.644812,0.654194,-6.892825,-7.530350,,,,,,
1,142,142.000000,agent_4,actor_logits,0,1,2,-6.892825,-7.530350,0.637526,0.644812,0.654194,-6.892825,-7.530350,,,,,,
1,142,142.000000,agent_5,actor_logits,0,1,2,-6.892826,-7.530349,0.637524,0.644812,0.654194,-6.892826,-7.530349,,,,,,
1,144,144.000000,agent_0,actor_logits,1,1,3,-0.208412,-4.699139,3.060140,0.239643,0.945096,-3.268553,-0.208412,-4.699139,,,,,
1,144,144.000000,agent_1,actor_logits,1,1,3,-0.208402,-4.699112,3.060176,0.239639,0.945097,-3.268578,-0.208402,-4.699112,,,,,
1,144,144.000000,agent_2,actor_logits,1,1,3,-0.208413,-4.699137,3.060140,0.239643,0.945096,-3.268553,-0.208413,-4.699137,,,,,
1,144,144.000000,agent_3,actor_logits,1,1,3,-0.208400,-4.699126,3.060174,0.239638,0.945097,-3.268574,-0.208400,-4.699126,,,,,
1,144,144.000000,agent_4,actor_logits,1,1,3,-0.208401,-4.699127,3.060169,0.239639,0.945097,-3.268571,-0.208401,-4.699127,,,,,
1,144,144.000000,agent_5,actor_logits,1,1,3,-0.208401,-4.699127,3.060171,0.239639,0.945097,-3.268572,-0.208401,-4.699127,,,,,
1,146,146.000000,agent_0,actor_logits,2,1,3,8.036204,-21.138418,3.860564,0.100450,0.979378,-21.138418,4.175640,8.036204,,,,,
1,146,146.000000,agent_1,actor_logits,2,1,3,8.036231,-21.138433,3.860594,0.100447,0.979379,-21.138433,4.175637,8.036231,,,,,
1,146,146.000000,agent_2,actor_logits,2,1,3,8.036206,-21.138418,3.860567,0.100449,0.979378,-21.138418,4.175640,8.036206,,,,,
1,146,146.000000,agent_3,actor_logits,2,1,3,8.036219,-21.138432,3.860580,0.100448,0.979378,-21.138432,4.175639,8.036219,,,,,
1,146,146.000000,agent_4,actor_logits,2,1,3,8.036216,-21.138430,3.860577,0.100449,0.979378,-21.138430,4.175639,8.036216,,,,,
1,146,146.000000,agent_5,actor_logits,2,1,3,8.036216,-21.138430,3.860577,0.100449,0.979378,-21.138430,4.175639,8.036216,,,,,
1,148,148.000000,agent_0,actor_logits,3,1,4,8.923635,-12.404362,4.585525,0.062147,0.989217,-12.404362,4.338109,1.662560,8.923635,,,,
1,148,148.000000,agent_1,actor_logits,3,1,4,8.923623,-12.404329,4.585560,0.062146,0.989217,-12.404329,4.338063,1.662584,8.923623,,,,
1,148,148.000000,agent_2,actor_logits,3,1,4,8.923635,-12.404361,4.585527,0.062147,0.989217,-12.404361,4.338108,1.662561,8.923635,,,,
1,148,148.000000,agent_3,actor_logits,3,1,4,8.923631,-12.404351,4.585542,0.062147,0.989217,-12.404351,4.338089,1.662573,8.923631,,,,
1,148,148.000000,agent_4,actor_logits,3,1,4,8.923630,-12.404352,4.585537,0.062147,0.989217,-12.404352,4.338092,1.662571,8.923630,,,,
1,148,148.000000,agent_5,actor_logits,3,1,4,8.923631,-12.404352,4.585539,0.062147,0.989217,-12.404352,4.338092,1.662571,8.923631,,,,
1,150,150.000000,agent_0,actor_logits,3,1,4,6.130095,-8.501975,1.736598,0.445380,0.847066,0.710039,4.393497,-8.501975,6.130095,,,,
1,150,150.000000,agent_1,actor_logits,3,1,4,6.130089,-8.501947,1.736651,0.445369,0.847072,0.710079,4.393437,-8.501947,6.130089,,,,
1,150,150.000000,agent_2,actor_logits,3,1,4,6.130095,-8.501975,1.736599,0.445379,0.847066,0.710040,4.393496,-8.501975,6.130095,,,,
1,150,150.000000,agent_3,actor_logits,3,1,4,6.130090,-8.501966,1.736618,0.445376,0.847068,0.710057,4.393472,-8.501966,6.130090,,,,
1,150,150.000000,agent_4,actor_logits,3,1,4,6.130090,-8.501968,1.736613,0.445377,0.847068,0.710055,4.393477,-8.501968,6.130090,,,,
1,150,150.000000,agent_5,actor_logits,3,1,4,6.130091,-8.501967,1.736614,0.445376,0.847068,0.710055,4.393476,-8.501967,6.130091,,,,
1,152,152.000000,agent_0,actor_logits,1,1,4,5.246722,-4.488686,2.477709,0.275119,0.922303,-3.056292,5.246722,-4.488686,2.769014,,,,
1,152,152.000000,agent_1,actor_logits,1,1,4,5.246691,-4.488658,2.477682,0.275124,0.922301,-3.056278,5.246691,-4.488658,2.769009,,,,
1,152,152.000000,agent_2,actor_logits,1,1,4,5.246722,-4.488685,2.477708,0.275119,0.922303,-3.056292,5.246722,-4.488685,2.769013,,,,
1,152,152.000000,agent_3,actor_logits,1,1,4,5.246708,-4.488673,2.477697,0.275121,0.922302,-3.056285,5.246708,-4.488673,2.769011,,,,
1,152,152.000000,agent_4,actor_logits,1,1,4,5.246710,-4.488676,2.477698,0.275121,0.922302,-3.056287,5.246710,-4.488676,2.769012,,,,
1,152,152.000000,agent_5,actor_logits,1,1,4,5.246710,-4.488675,2.477699,0.275120,0.922303,-3.056286,5.246710,-4.488675,2.769011,,,,
1,154,154.000000,agent_0,actor_logits,1,1,4,7.337011,-11.344431,3.595706,0.128872,0.972601,3.741305,7.337011,-11.344431,0.113563,,,,
1,154,154.000000,agent_1,actor_logits,1,1,4,7.336977,-11.344411,3.595661,0.128877,0.972600,3.741316,7.336977,-11.344411,0.113574,,,,
1,154,154.000000,agent_2,actor_logits,1,1,4,7.337009,-11.344431,3.595704,0.128872,0.972601,3.741305,7.337009,-11.344431,0.113563,,,,
1,154,154.000000,agent_3,actor_logits,1,1,4,7.336994,-11.344420,3.595683,0.128875,0.972601,3.741311,7.336994,-11.344420,0.113567,,,,
1,154,154.000000,agent_4,actor_logits,1,1,4,7.336998,-11.344424,3.595687,0.128874,0.972601,3.741311,7.336998,-11.344424,0.113565,,,,
1,154,154.000000,agent_5,actor_logits,1,1,4,7.336996,-11.344423,3.595685,0.128874,0.972601,3.741311,7.336996,-11.344423,0.113566,,,,
1,156,156.000000,agent_0,actor_logits,0,1,3,9.459590,-10.460035,11.936921,0.000085,0.999993,9.459590,-10.460035,-2.477331,,,,,
1,156,156.000000,agent_1,actor_logits,0,1,3,9.459575,-10.460022,11.936902,0.000085,0.999993,9.459575,-10.460022,-2.477328,,,,,
1,156,156.000000,agent_2,actor_logits,0,1,3,9.459589,-10.460033,11.936921,0.000085,0.999993,9.459589,-10.460033,-2.477332,,,,,
1,156,156.000000,agent_3,actor_logits,0,1,3,9.459581,-10.460028,11.936910,0.000085,0.999993,9.459581,-10.460028,-2.477328,,,,,
1,156,156.000000,agent_4,actor_logits,0,1,3,9.459583,-10.460030,11.936913,0.000085,0.999993,9.459583,-10.460030,-2.477329,,,,,
1,156,156.000000,agent_5,actor_logits,0,1,3,9.459584,-10.460030,11.936913,0.000085,0.999993,9.459584,-10.460030,-2.477328,,,,,
1,158,158.000000,agent_0,actor_logits,1,1,3,7.191523,-7.360314,12.406977,0.000062,0.999995,-7.360314,7.191523,-5.215455,,,,,
1,158,158.000000,agent_1,actor_logits,1,1,3,7.191525,-7.360301,12.406984,0.000062,0.999995,-7.360301,7.191525,-5.215459,,,,,
1,158,158.000000,agent_2,actor_logits,1,1,3,7.191523,-7.360315,12.406977,0.000062,0.999995,-7.360315,7.191523,-5.215454,,,,,
1,158,158.000000,agent_3,actor_logits,1,1,3,7.191524,-7.360309,12.406979,0.000062,0.999995,-7.360309,7.191524,-5.215455,,,,,
1,158,158.000000,agent_4,actor_logits,1,1,3,7.191524,-7.360309,12.406980,0.000062,0.999995,-7.360309,7.191524,-5.215456,,,,,
1,158,158.000000,agent_5,actor_logits,1,1,3,7.191524,-7.360309,12.406979,0.000062,0.999995,-7.360309,7.191524,-5.215455,,,,,
1,160,160.000000,agent_0,actor_logits,0,1,4,6.544278,-12.988231,2.408237,0.370046,0.900919,6.544278,2.632425,-12.988231,4.136042,,,,
1,160,160.000000,agent_1,actor_logits,0,1,4,6.544292,-12.988238,2.408254,0.370042,0.900921,6.544292,2.632421,-12.988238,4.136038,,,,
1,160,160.000000,agent_2,actor_logits,0,1,4,6.544277,-12.988231,2.408235,0.370047,0.900919,6.544277,2.632426,-12.988231,4.136042,,,,
1,160,160.000000,agent_3,actor_logits,0,1,4,6.544283,-12.988235,2.408244,0.370045,0.900920,6.544283,2.632425,-12.988235,4.136040,,,,
1,160,160.000000,agent_4,actor_logits,0,1,4,6.544283,-12.988235,2.408243,0.370045,0.900920,6.544283,2.632425,-12.988235,4.136040,,,,
1,160,160.000000,agent_5,actor_logits,0,1,4,6.544283,-12.988235,2.408243,0.370045,0.900920,6.544283,2.632425,-12.988235,4.136041,,,,
1,162,162.000000,agent_0,actor_logits,3,1,4,6.731666,-9.960656,2.134702,0.344370,0.893441,-9.960656,4.596964,-0.188267,6.731666,,,,
1,162,162.000000,agent_1,actor_logits,3,1,4,6.731663,-9.960650,2.134698,0.344371,0.893441,-9.960650,4.596965,-0.188271,6.731663,,,,
1,162,162.000000,agent_2,actor_logits,3,1,4,6.731667,-9.960656,2.134702,0.344370,0.893441,-9.960656,4.596964,-0.188267,6.731667,,,,
1,162,162.000000,agent_3,actor_logits,3,1,4,6.731665,-9.960653,2.134699,0.344371,0.893441,-9.960653,4.596966,-0.188271,6.731665,,,,
1,162,162.000000,agent_4,actor_logits,3,1,4,6.731665,-9.960653,2.134699,0.344371,0.893441,-9.960653,4.596966,-0.188271,6.731665,,,,
1,162,162.000000,agent_5,actor_logits,3,1,4,6.731666,-9.960654,2.134699,0.344371,0.893441,-9.960654,4.596966,-0.188270,6.731666,,,,
1,164,164.000000,agent_0,actor_logits,1,1,4,7.381871,-9.550187,3.844706,0.103874,0.978825,-0.949645,7.381871,-9.550187,3.537166,,,,
1,164,164.000000,agent_1,actor_logits,1,1,4,7.381869,-9.550189,3.844706,0.103874,0.978825,-0.949640,7.381869,-9.550189,3.537163,,,,
1,164,164.000000,agent_2,actor_logits,1,1,4,7.381871,-9.550187,3.844705,0.103874,0.978825,-0.949646,7.381871,-9.550187,3.537165,,,,
1,164,164.000000,agent_3,actor_logits,1,1,4,7.381872,-9.550189,3.844707,0.103874,0.978825,-0.949644,7.381872,-9.550189,3.537165,,,,
1,164,164.000000,agent_4,actor_logits,1,1,4,7.381873,-9.550189,3.844708,0.103874,0.978825,-0.949645,7.381873,-9.550189,3.537165,,,,
1,164,164.000000,agent_5,actor_logits,1,1,4,7.381872,-9.550189,3.844707,0.103874,0.978825,-0.949645,7.381872,-9.550189,3.537166,,,,
1,166,166.000000,agent_0,actor_logits,0,1,3,10.722959,-12.381875,12.167830,0.000068,0.999995,10.722959,-12.381875,-1.444872,,,,,
1,166,166.000000,agent_1,actor_logits,0,1,3,10.722960,-12.381872,12.167833,0.000068,0.999995,10.722960,-12.381872,-1.444872,,,,,
1,166,166.000000,agent_2,actor_logits,0,1,3,10.722959,-12.381874,12.167830,0.000068,0.999995,10.722959,-12.381874,-1.444872,,,,,
1,166,166.000000,agent_3,actor_logits,0,1,3,10.722958,-12.381873,12.167830,0.000068,0.999995,10.722958,-12.381873,-1.444872,,,,,
1,166,166.000000,agent_4,actor_logits,0,1,3,10.722960,-12.381874,12.167832,0.000068,0.999995,10.722960,-12.381874,-1.444872,,,,,
1,166,166.000000,agent_5,actor_logits,0,1,3,10.722958,-12.381874,12.167830,0.000068,0.999995,10.722958,-12.381874,-1.444872,,,,,
1,168,168.000000,agent_0,actor_logits,0,1,3,17.654444,-14.515000,21.767277,0.000000,1.000000,17.654444,-4.112833,-14.515000,,,,,
1,168,168.000000,agent_1,actor_logits,0,1,3,17.654444,-14.514998,21.767275,0.000000,1.000000,17.654444,-4.112831,-14.514998,,,,,
1,168,168.000000,agent_2,actor_logits,0,1,3,17.654444,-14.515000,21.767277,0.000000,1.000000,17.654444,-4.112832,-14.515000,,,,,
1,168,168.000000,agent_3,actor_logits,0,1,3,17.654444,-14.515000,21.767275,0.000000,1.000000,17.654444,-4.112831,-14.515000,,,,,
1,168,168.000000,agent_4,actor_logits,0,1,3,17.654444,-14.515000,21.767275,0.000000,1.000000,17.654444,-4.112832,-14.515000,,,,,
1,168,168.000000,agent_5,actor_logits,0,1,3,17.654444,-14.514998,21.767275,0.000000,1.000000,17.654444,-4.112831,-14.514998,,,,,
1,170,170.000000,agent_0,actor_logits,0,1,2,-3.061288,-6.642169,3.580881,0.124500,0.972904,-3.061288,-6.642169,,,,,,
1,170,170.000000,agent_1,actor_logits,0,1,2,-3.061289,-6.642169,3.580880,0.124500,0.972903,-3.061289,-6.642169,,,,,,
1,170,170.000000,agent_2,actor_logits,0,1,2,-3.061289,-6.642169,3.580881,0.124500,0.972904,-3.061289,-6.642169,,,,,,
1,170,170.000000,agent_3,actor_logits,0,1,2,-3.061290,-6.642170,3.580880,0.124500,0.972903,-3.061290,-6.642170,,,,,,
1,170,170.000000,agent_4,actor_logits,0,1,2,-3.061290,-6.642170,3.580880,0.124500,0.972903,-3.061290,-6.642170,,,,,,
1,170,170.000000,agent_5,actor_logits,0,1,2,-3.061290,-6.642170,3.580881,0.124500,0.972904,-3.061290,-6.642170,,,,,,
1,172,172.000000,agent_0,actor_logits,0,1,3,5.385826,-10.098872,6.800233,0.008680,0.998887,5.385826,-1.414408,-10.098872,,,,,
1,172,172.000000,agent_1,actor_logits,0,1,3,5.385825,-10.098871,6.800233,0.008680,0.998887,5.385825,-1.414408,-10.098871,,,,,
1,172,172.000000,agent_2,actor_logits,0,1,3,5.385826,-10.098872,6.800232,0.008680,0.998887,5.385826,-1.414407,-10.098872,,,,,
1,172,172.000000,agent_3,actor_logits,0,1,3,5.385825,-10.098871,6.800233,0.008680,0.998887,5.385825,-1.414408,-10.098871,,,,,
1,172,172.000000,agent_4,actor_logits,0,1,3,5.385825,-10.098872,6.800233,0.008680,0.998887,5.385825,-1.414408,-10.098872,,,,,
1,172,172.000000,agent_5,actor_logits,0,1,3,5.385826,-10.098872,6.800233,0.008680,0.998887,5.385826,-1.414408,-10.098872,,,,,
1,174,174.000000,agent_0,actor_logits,1,1,2,-3.805362,-11.966633,8.161271,0.002615,0.999715,-11.966633,-3.805362,,,,,,
1,174,174.000000,agent_1,actor_logits,1,1,2,-3.805362,-11.966633,8.161271,0.002615,0.999715,-11.966633,-3.805362,,,,,,
1,174,174.000000,agent_2,actor_logits,1,1,2,-3.805361,-11.966633,8.161272,0.002615,0.999715,-11.966633,-3.805361,,,,,,
1,174,174.000000,agent_3,actor_logits,1,1,2,-3.805363,-11.966633,8.161270,0.002615,0.999715,-11.966633,-3.805363,,,,,,
1,174,174.000000,agent_4,actor_logits,1,1,2,-3.805362,-11.966633,8.161271,0.002615,0.999715,-11.966633,-3.805362,,,,,,
1,174,174.000000,agent_5,actor_logits,1,1,2,-3.805362,-11.966633,8.161271,0.002615,0.999715,-11.966633,-3.805362,,,,,,
1,176,176.000000,agent_0,actor_logits,2,1,3,3.809264,-12.844238,2.888192,0.206507,0.947260,-12.844238,0.921073,3.809264,,,,,
1,176,176.000000,agent_1,actor_logits,2,1,3,3.809266,-12.844236,2.888195,0.206507,0.947260,-12.844236,0.921071,3.809266,,,,,
1,176,176.000000,agent_2,actor_logits,2,1,3,3.809264,-12.844238,2.888191,0.206508,0.947259,-12.844238,0.921073,3.809264,,,,,
1,176,176.000000,agent_3,actor_logits,2,1,3,3.809265,-12.844236,2.888193,0.206507,0.947260,-12.844236,0.921072,3.809265,,,,,
1,176,176.000000,agent_4,actor_logits,2,1,3,3.809265,-12.844237,2.888193,0.206507,0.947260,-12.844237,0.921072,3.809265,,,,,
1,176,176.000000,agent_5,actor_logits,2,1,3,3.809264,-12.844237,2.888192,0.206507,0.947260,-12.844237,0.921072,3.809264,,,,,
1,178,178.000000,agent_0,actor_logits,2,1,3,7.516413,-11.384652,9.400908,0.000860,0.999917,-11.384652,-1.884495,7.516413,,,,,
1,178,178.000000,agent_1,actor_logits,2,1,3,7.516415,-11.384651,9.400911,0.000860,0.999917,-11.384651,-1.884496,7.516415,,,,,
1,178,178.000000,agent_2,actor_logits,2,1,3,7.516413,-11.384651,9.400908,0.000860,0.999917,-11.384651,-1.884495,7.516413,,,,,
1,178,178.000000,agent_3,actor_logits,2,1,3,7.516414,-11.384651,9.400909,0.000860,0.999917,-11.384651,-1.884495,7.516414,,,,,
1,178,178.000000,agent_4,actor_logits,2,1,3,7.516413,-11.384651,9.400908,0.000860,0.999917,-11.384651,-1.884496,7.516413,,,,,
1,178,178.000000,agent_5,actor_logits,2,1,3,7.516414,-11.384651,9.400909,0.000860,0.999917,-11.384651,-1.884495,7.516414,,,,,
1,180,180.000000,agent_0,actor_logits,2,1,3,6.239820,-10.307676,6.001839,0.017285,0.997532,-10.307676,0.237980,6.239820,,,,,
1,180,180.000000,agent_1,actor_logits,2,1,3,6.239820,-10.307676,6.001842,0.017285,0.997532,-10.307676,0.237979,6.239820,,,,,
1,180,180.000000,agent_2,actor_logits,2,1,3,6.239820,-10.307676,6.001840,0.017285,0.997532,-10.307676,0.237980,6.239820,,,,,
1,180,180.000000,agent_3,actor_logits,2,1,3,6.239820,-10.307676,6.001840,0.017285,0.997532,-10.307676,0.237980,6.239820,,,,,
1,180,180.000000,agent_4,actor_logits,2,1,3,6.239820,-10.307676,6.001840,0.017285,0.997532,-10.307676,0.237980,6.239820,,,,,
1,180,180.000000,agent_5,actor_logits,2,1,3,6.239820,-10.307676,6.001840,0.017285,0.997532,-10.307676,0.237980,6.239820,,,,,
1,182,182.000000,agent_0,actor_logits,1,1,3,0.017457,-0.898047,0.592138,1.024883,0.511913,-0.898047,0.017457,-0.574681,,,,,
1,182,182.000000,agent_1,actor_logits,1,1,3,0.017455,-0.898046,0.592135,1.024883,0.511912,-0.898046,0.017455,-0.574680,,,,,
1,182,182.000000,agent_2,actor_logits,1,1,3,0.017456,-0.898046,0.592138,1.024883,0.511912,-0.898046,0.017456,-0.574681,,,,,
1,182,182.000000,agent_3,actor_logits,1,1,3,0.017456,-0.898047,0.592137,1.024883,0.511912,-0.898047,0.017456,-0.574681,,,,,
1,182,182.000000,agent_4,actor_logits,1,1,3,0.017456,-0.898046,0.592138,1.024883,0.511912,-0.898046,0.017456,-0.574681,,,,,
1,182,182.000000,agent_5,actor_logits,1,1,3,0.017456,-0.898046,0.592137,1.024883,0.511912,-0.898046,0.017456,-0.574681,,,,,
1,184,184.000000,agent_0,actor_logits,0,1,4,7.386434,-8.665623,4.703493,0.054988,0.990595,7.386434,-8.665623,-0.363451,2.682940,,,,
1,184,184.000000,agent_1,actor_logits,0,1,4,7.386433,-8.665623,4.703492,0.054988,0.990595,7.386433,-8.665623,-0.363451,2.682941,,,,
1,184,184.000000,agent_2,actor_logits,0,1,4,7.386434,-8.665623,4.703493,0.054988,0.990595,7.386434,-8.665623,-0.363451,2.682941,,,,
1,184,184.000000,agent_3,actor_logits,0,1,4,7.386433,-8.665623,4.703493,0.054988,0.990595,7.386433,-8.665623,-0.363451,2.682940,,,,
1,184,184.000000,agent_4,actor_logits,0,1,4,7.386434,-8.665623,4.703493,0.054988,0.990595,7.386434,-8.665623,-0.363451,2.682940,,,,
1,184,184.000000,agent_5,actor_logits,0,1,4,7.386434,-8.665623,4.703493,0.054988,0.990595,7.386434,-8.665623,-0.363451,2.682941,,,,
1,186,186.000000,agent_0,actor_logits,0,1,4,3.710386,-5.164621,1.151509,0.595587,0.753438,3.710386,-5.164621,-0.803986,2.558877,,,,
1,186,186.000000,agent_1,actor_logits,0,1,4,3.710385,-5.164621,1.151509,0.595587,0.753438,3.710385,-5.164621,-0.803986,2.558877,,,,
1,186,186.000000,agent_2,actor_logits,0,1,4,3.710385,-5.164621,1.151508,0.595587,0.753438,3.710385,-5.164621,-0.803987,2.558877,,,,
1,186,186.000000,agent_3,actor_logits,0,1,4,3.710385,-5.164621,1.151508,0.595587,0.753438,3.710385,-5.164621,-0.803986,2.558877,,,,
1,186,186.000000,agent_4,actor_logits,0,1,4,3.710386,-5.164621,1.151509,0.595587,0.753438,3.710386,-5.164621,-0.803987,2.558877,,,,
1,186,186.000000,agent_5,actor_logits,0,1,4,3.710386,-5.164621,1.151509,0.595587,0.753438,3.710386,-5.164621,-0.803987,2.558877,,,,
1,188,188.000000,agent_0,actor_logits,0,1,4,9.156806,-11.995478,5.814622,0.021763,0.996874,9.156806,-11.995478,0.369398,3.342184,,,,
1,188,188.000000,agent_1,actor_logits,0,1,4,9.156806,-11.995478,5.814623,0.021763,0.996874,9.156806,-11.995478,0.369397,3.342183,,,,
1,188,188.000000,agent_2,actor_logits,0,1,4,9.156807,-11.995478,5.814624,0.021763,0.996874,9.156807,-11.995478,0.369397,3.342183,,,,
1,188,188.000000,agent_3,actor_logits,0,1,4,9.156806,-11.995478,5.814624,0.021763,0.996874,9.156806,-11.995478,0.369397,3.342182,,,,
1,188,188.000000,agent_4,actor_logits,0,1,4,9.156807,-11.995478,5.814625,0.021763,0.996874,9.156807,-11.995478,0.369397,3.342182,,,,
1,188,188.000000,agent_5,actor_logits,0,1,4,9.156807,-11.995478,5.814624,0.021763,0.996874,9.156807,-11.995478,0.369397,3.342183,,,,
1,190,190.000000,agent_0,actor_logits,2,1,4,5.550106,-2.819816,7.747949,0.008314,0.999081,-2.197843,-2.719654,5.550106,-2.819816,,,,
1,190,190.000000,agent_1,actor_logits,2,1,4,5.550106,-2.819816,7.747949,0.008314,0.999081,-2.197843,-2.719654,5.550106,-2.819816,,,,
1,190,190.000000,agent_2,actor_logits,2,1,4,5.550106,-2.819816,7.747949,0.008314,0.999081,-2.197843,-2.719654,5.550106,-2.819816,,,,
1,190,190.000000,agent_3,actor_logits,2,1,4,5.550106,-2.819817,7.747949,0.008314,0.999081,-2.197844,-2.719654,5.550106,-2.819817,,,,
1,190,190.000000,agent_4,actor_logits,2,1,4,5.550106,-2.819816,7.747949,0.008314,0.999081,-2.197844,-2.719654,5.550106,-2.819816,,,,
1,190,190.000000,agent_5,actor_logits,2,1,4,5.550106,-2.819816,7.747949,0.008314,0.999081,-2.197844,-2.719654,5.550106,-2.819816,,,,
1,192,192.000000,agent_0,actor_logits,0,1,4,8.618048,-11.746588,4.213419,0.077255,0.985308,8.618048,-11.746588,-0.450936,4.404629,,,,
1,192,192.000000,agent_1,actor_logits,0,1,4,8.618047,-11.746588,4.213419,0.077255,0.985308,8.618047,-11.746588,-0.450936,4.404628,,,,
1,192,192.000000,agent_2,actor_logits,0,1,4,8.618048,-11.746588,4.213419,0.077255,0.985308,8.618048,-11.746588,-0.450936,4.404628,,,,
1,192,192.000000,agent_3,actor_logits,0,1,4,8.618048,-11.746588,4.213420,0.077255,0.985308,8.618048,-11.746588,-0.450936,4.404627,,,,
1,192,192.000000,agent_4,actor_logits,0,1,4,8.618047,-11.746588,4.213419,0.077255,0.985308,8.618047,-11.746588,-0.450937,4.404628,,,,
1,192,192.000000,agent_5,actor_logits,0,1,4,8.618047,-11.746588,4.213418,0.077255,0.985308,8.618047,-11.746588,-0.450937,4.404629,,,,
1,194,194.000000,agent_0,actor_logits,1,1,3,11.399067,-14.874110,15.287151,0.000004,1.000000,-14.874110,11.399067,-3.888084,,,,,
1,194,194.000000,agent_1,actor_logits,1,1,3,11.399067,-14.874110,15.287152,0.000004,1.000000,-14.874110,11.399067,-3.888085,,,,,
1,194,194.000000,agent_2,actor_logits,1,1,3,11.399067,-14.874111,15.287151,0.000004,1.000000,-14.874111,11.399067,-3.888085,,,,,
1,194,194.000000,agent_3,actor_logits,1,1,3,11.399067,-14.874109,15.287152,0.000004,1.000000,-14.874109,11.399067,-3.888086,,,,,
1,194,194.000000,agent_4,actor_logits,1,1,3,11.399067,-14.874109,15.287152,0.000004,1.000000,-14.874109,11.399067,-3.888085,,,,,
1,194,194.000000,agent_5,actor_logits,1,1,3,11.399068,-14.874109,15.287153,0.000004,1.000000,-14.874109,11.399068,-3.888086,,,,,
1,196,196.000000,agent_0,actor_logits,1,1,3,10.636003,-17.087105,15.080219,0.000004,1.000000,-17.087105,10.636003,-4.444216,,,,,
1,196,196.000000,agent_1,actor_logits,1,1,3,10.636002,-17.087103,15.080217,0.000004,1.000000,-17.087103,10.636002,-4.444216,,,,,
1,196,196.000000,agent_2,actor_logits,1,1,3,10.636003,-17.087105,15.080219,0.000004,1.000000,-17.087105,10.636003,-4.444216,,,,,
1,196,196.000000,agent_3,actor_logits,1,1,3,10.636003,-17.087105,15.080219,0.000004,1.000000,-17.087105,10.636003,-4.444217,,,,,
1,196,196.000000,agent_4,actor_logits,1,1,3,10.636003,-17.087107,15.080221,0.000004,1.000000,-17.087107,10.636003,-4.444217,,,,,
1,196,196.000000,agent_5,actor_logits,1,1,3,10.636002,-17.087105,15.080218,0.000004,1.000000,-17.087105,10.636002,-4.444217,,,,,
1,198,198.000000,agent_0,actor_logits,2,1,3,1.076981,-7.643626,2.676268,0.240333,0.935469,-7.643626,-1.599286,1.076981,,,,,
1,198,198.000000,agent_1,actor_logits,2,1,3,1.076981,-7.643625,2.676268,0.240333,0.935469,-7.643625,-1.599287,1.076981,,,,,
1,198,198.000000,agent_2,actor_logits,2,1,3,1.076981,-7.643626,2.676267,0.240333,0.935469,-7.643626,-1.599286,1.076981,,,,,
1,198,198.000000,agent_3,actor_logits,2,1,3,1.076981,-7.643625,2.676267,0.240333,0.935469,-7.643625,-1.599286,1.076981,,,,,
1,198,198.000000,agent_4,actor_logits,2,1,3,1.076981,-7.643625,2.676267,0.240333,0.935469,-7.643625,-1.599286,1.076981,,,,,
1,198,198.000000,agent_5,actor_logits,2,1,3,1.076981,-7.643626,2.676268,0.240333,0.935469,-7.643626,-1.599287,1.076981,,,,,
1,200,200.000000,agent_0,actor_logits,1,1,4,4.777654,-8.632838,0.783608,0.662340,0.681160,-8.632838,4.777654,0.297087,3.994045,,,,
1,200,200.000000,agent_1,actor_logits,1,1,4,4.777653,-8.632837,0.783608,0.662340,0.681160,-8.632837,4.777653,0.297087,3.994045,,,,
1,200,200.000000,agent_2,actor_logits,1,1,4,4.777654,-8.632839,0.783608,0.662340,0.681160,-8.632839,4.777654,0.297087,3.994046,,,,
1,200,200.000000,agent_3,actor_logits,1,1,4,4.777654,-8.632838,0.783608,0.662340,0.681160,-8.632838,4.777654,0.297087,3.994045,,,,
1,200,200.000000,agent_4,actor_logits,1,1,4,4.777654,-8.632839,0.783608,0.662340,0.681160,-8.632839,4.777654,0.297086,3.994046,,,,
1,200,200.000000,agent_5,actor_logits,1,1,4,4.777653,-8.632837,0.783607,0.662340,0.681160,-8.632837,4.777653,0.297087,3.994046,,,,
1,202,202.000000,agent_0,actor_logits,0,1,4,6.390905,-5.082635,3.357667,0.147656,0.966316,6.390905,-5.082635,-3.986705,3.033238,,,,
1,202,202.000000,agent_1,actor_logits,0,1,4,6.390905,-5.082636,3.357668,0.147656,0.966316,6.390905,-5.082636,-3.986706,3.033238,,,,
1,202,202.000000,agent_2,actor_logits,0,1,4,6.390904,-5.082635,3.357666,0.147656,0.966316,6.390904,-5.082635,-3.986706,3.033238,,,,
1,202,202.000000,agent_3,actor_logits,0,1,4,6.390905,-5.082635,3.357667,0.147656,0.966316,6.390905,-5.082635,-3.986706,3.033237,,,,
1,202,202.000000,agent_4,actor_logits,0,1,4,6.390906,-5.082635,3.357668,0.147656,0.966316,6.390906,-5.082635,-3.986706,3.033237,,,,
1,202,202.000000,agent_5,actor_logits,0,1,4,6.390905,-5.082636,3.357667,0.147656,0.966316,6.390905,-5.082636,-3.986706,3.033238,,,,
1,204,204.000000,agent_0,actor_logits,0,1,3,2.361553,-4.601343,5.208774,0.041244,0.993626,2.361553,-2.847221,-4.601343,,,,,
1,204,204.000000,agent_1,actor_logits,0,1,3,2.361554,-4.601343,5.208776,0.041244,0.993626,2.361554,-2.847222,-4.601343,,,,,
1,204,204.000000,agent_2,actor_logits,0,1,3,2.361552,-4.601343,5.208774,0.041244,0.993626,2.361552,-2.847222,-4.601343,,,,,
1,204,204.000000,agent_3,actor_logits,0,1,3,2.361554,-4.601344,5.208775,0.041244,0.993626,2.361554,-2.847221,-4.601344,,,,,
1,204,204.000000,agent_4,actor_logits,0,1,3,2.361554,-4.601345,5.208775,0.041244,0.993626,2.361554,-2.847221,-4.601345,,,,,
1,204,204.000000,agent_5,actor_logits,0,1,3,2.361554,-4.601343,5.208776,0.041244,0.993626,2.361554,-2.847223,-4.601343,,,,,
1,206,206.000000,agent_0,actor_logits,2,1,3,0.408923,-3.254514,1.114701,0.642322,0.738739,-0.705778,-3.254514,0.408923,,,,,
1,206,206.000000,agent_1,actor_logits,2,1,3,0.408922,-3.254514,1.114699,0.642323,0.738739,-0.705777,-3.254514,0.408922,,,,,
1,206,206.000000,agent_2,actor_logits,2,1,3,0.408922,-3.254513,1.114701,0.642322,0.738739,-0.705778,-3.254513,0.408922,,,,,
1,206,206.000000,agent_3,actor_logits,2,1,3,0.408922,-3.254513,1.114699,0.642323,0.738739,-0.705777,-3.254513,0.408922,,,,,
1,206,206.000000,agent_4,actor_logits,2,1,3,0.408922,-3.254513,1.114699,0.642323,0.738739,-0.705778,-3.254513,0.408922,,,,,
1,206,206.000000,agent_5,actor_logits,2,1,3,0.408923,-3.254515,1.114702,0.642322,0.738739,-0.705778,-3.254515,0.408923,,,,,
1,208,208.000000,agent_0,actor_logits,3,1,4,2.558378,-2.204097,2.565495,0.445628,0.888046,-0.644555,-2.204097,-0.007116,2.558378,,,,
1,208,208.000000,agent_1,actor_logits,3,1,4,2.558378,-2.204096,2.565494,0.445628,0.888045,-0.644556,-2.204096,-0.007116,2.558378,,,,
1,208,208.000000,agent_2,actor_logits,3,1,4,2.558378,-2.204096,2.565495,0.445628,0.888046,-0.644556,-2.204096,-0.007117,2.558378,,,,
1,208,208.000000,agent_3,actor_logits,3,1,4,2.558378,-2.204096,2.565495,0.445628,0.888046,-0.644556,-2.204096,-0.007116,2.558378,,,,
1,208,208.000000,agent_4,actor_logits,3,1,4,2.558377,-2.204095,2.565493,0.445628,0.888045,-0.644556,-2.204095,-0.007116,2.558377,,,,
1,208,208.000000,agent_5,actor_logits,3,1,4,2.558379,-2.204097,2.565495,0.445628,0.888046,-0.644555,-2.204097,-0.007117,2.558379,,,,
1,210,210.000000,agent_0,actor_logits,0,1,4,7.312784,-7.770645,5.490997,0.028361,0.995718,7.312784,-7.770645,-1.329038,1.821787,,,,
1,210,210.000000,agent_1,actor_logits,0,1,4,7.312785,-7.770644,5.490998,0.028361,0.995718,7.312785,-7.770644,-1.329038,1.821786,,,,
1,210,210.000000,agent_2,actor_logits,0,1,4,7.312784,-7.770646,5.490997,0.028361,0.995718,7.312784,-7.770646,-1.329037,1.821787,,,,
1,210,210.000000,agent_3,actor_logits,0,1,4,7.312785,-7.770646,5.490998,0.028361,0.995718,7.312785,-7.770646,-1.329038,1.821787,,,,
1,210,210.000000,agent_4,actor_logits,0,1,4,7.312786,-7.770646,5.490999,0.028361,0.995718,7.312786,-7.770646,-1.329038,1.821787,,,,
1,210,210.000000,agent_5,actor_logits,0,1,4,7.312784,-7.770645,5.490997,0.028361,0.995718,7.312784,-7.770645,-1.329037,1.821787,,,,
1,212,212.000000,agent_0,actor_logits,3,1,4,0.289513,-1.371838,0.044503,1.243494,0.374099,-1.371838,-0.351543,0.245011,0.289513,,,,
1,212,212.000000,agent_1,actor_logits,3,1,4,0.289514,-1.371838,0.044503,1.243494,0.374099,-1.371838,-0.351542,0.245011,0.289514,,,,
1,212,212.000000,agent_2,actor_logits,3,1,4,0.289514,-1.371838,0.044503,1.243494,0.374099,-1.371838,-0.351543,0.245011,0.289514,,,,
1,212,212.000000,agent_3,actor_logits,3,1,4,0.289514,-1.371838,0.044503,1.243494,0.374099,-1.371838,-0.351542,0.245010,0.289514,,,,
1,212,212.000000,agent_4,actor_logits,3,1,4,0.289514,-1.371838,0.044504,1.243494,0.374099,-1.371838,-0.351542,0.245010,0.289514,,,,
1,212,212.000000,agent_5,actor_logits,3,1,4,0.289513,-1.371838,0.044502,1.243494,0.374099,-1.371838,-0.351543,0.245011,0.289513,,,,
1,214,214.000000,agent_0,actor_logits,3,1,4,2.270403,-1.357755,2.367362,0.589197,0.843382,-0.096959,-0.456693,-1.357755,2.270403,,,,
1,214,214.000000,agent_1,actor_logits,3,1,4,2.270404,-1.357756,2.367362,0.589197,0.843382,-0.096959,-0.456693,-1.357756,2.270404,,,,
1,214,214.000000,agent_2,actor_logits,3,1,4,2.270403,-1.357755,2.367362,0.589197,0.843382,-0.096959,-0.456693,-1.357755,2.270403,,,,
1,214,214.000000,agent_3,actor_logits,3,1,4,2.270403,-1.357756,2.367362,0.589197,0.843382,-0.096958,-0.456693,-1.357756,2.270403,,,,
1,214,214.000000,agent_4,actor_logits,3,1,4,2.270403,-1.357756,2.367362,0.589197,0.843382,-0.096958,-0.456693,-1.357756,2.270403,,,,
1,214,214.000000,agent_5,actor_logits,3,1,4,2.270403,-1.357755,2.367362,0.589197,0.843382,-0.096958,-0.456693,-1.357755,2.270403,,,,
1,216,216.000000,agent_0,actor_logits,0,1,4,3.028985,-2.914879,1.527007,0.523161,0.813789,3.028985,-1.680158,-2.914879,1.501977,,,,
1,216,216.000000,agent_1,actor_logits,0,1,4,3.028985,-2.914879,1.527007,0.523161,0.813789,3.028985,-1.680158,-2.914879,1.501978,,,,
1,216,216.000000,agent_2,actor_logits,0,1,4,3.028985,-2.914879,1.527008,0.523161,0.813790,3.028985,-1.680158,-2.914879,1.501977,,,,
1,216,216.000000,agent_3,actor_logits,0,1,4,3.028985,-2.914879,1.527008,0.523161,0.813790,3.028985,-1.680158,-2.914879,1.501977,,,,
1,216,216.000000,agent_4,actor_logits,0,1,4,3.028985,-2.914878,1.527007,0.523161,0.813789,3.028985,-1.680158,-2.914878,1.501977,,,,
1,216,216.000000,agent_5,actor_logits,0,1,4,3.028985,-2.914879,1.527007,0.523161,0.813789,3.028985,-1.680159,-2.914879,1.501978,,,,
1,218,218.000000,agent_0,actor_logits,3,1,4,1.920629,-1.666826,2.088090,0.721527,0.786601,-0.167461,-1.666826,-0.202140,1.920629,,,,
1,218,218.000000,agent_1,actor_logits,3,1,4,1.920629,-1.666826,2.088090,0.721527,0.786601,-0.167461,-1.666826,-0.202140,1.920629,,,,
1,218,218.000000,agent_2,actor_logits,3,1,4,1.920629,-1.666826,2.088091,0.721527,0.786601,-0.167461,-1.666826,-0.202139,1.920629,,,,
1,218,218.000000,agent_3,actor_logits,3,1,4,1.920629,-1.666826,2.088090,0.721527,0.786601,-0.167461,-1.666826,-0.202139,1.920629,,,,
1,218,218.000000,agent_4,actor_logits,3,1,4,1.920629,-1.666826,2.088090,0.721527,0.786601,-0.167461,-1.666826,-0.202139,1.920629,,,,
1,218,218.000000,agent_5,actor_logits,3,1,4,1.920630,-1.666826,2.088090,0.721527,0.786601,-0.167461,-1.666826,-0.202140,1.920630,,,,
1,220,220.000000,agent_0,actor_logits,1,1,4,2.064883,-3.108881,0.398939,0.827437,0.574143,-3.108881,2.064883,-0.667992,1.665943,,,,
1,220,220.000000,agent_1,actor_logits,1,1,4,2.064883,-3.108882,0.398940,0.827437,0.574143,-3.108882,2.064883,-0.667992,1.665943,,,,
1,220,220.000000,agent_2,actor_logits,1,1,4,2.064882,-3.108881,0.398939,0.827437,0.574143,-3.108881,2.064882,-0.667991,1.665943,,,,
1,220,220.000000,agent_3,actor_logits,1,1,4,2.064883,-3.108881,0.398941,0.827437,0.574143,-3.108881,2.064883,-0.667992,1.665942,,,,
1,220,220.000000,agent_4,actor_logits,1,1,4,2.064883,-3.108881,0.398940,0.827437,0.574143,-3.108881,2.064883,-0.667992,1.665943,,,,
1,220,220.000000,agent_5,actor_logits,1,1,4,2.064883,-3.108881,0.398940,0.827437,0.574143,-3.108881,2.064883,-0.667992,1.665943,,,,
1,222,222.000000,agent_0,actor_logits,0,1,4,9.185722,-17.044065,2.177728,0.334811,0.897563,9.185722,7.007994,-17.044065,2.090596,,,,
1,222,222.000000,agent_1,actor_logits,0,1,4,9.185722,-17.044065,2.177728,0.334811,0.897563,9.185722,7.007994,-17.044065,2.090595,,,,
1,222,222.000000,agent_2,actor_logits,0,1,4,9.185724,-17.044065,2.177732,0.334810,0.897563,9.185724,7.007993,-17.044065,2.090595,,,,
1,222,222.000000,agent_3,actor_logits,0,1,4,9.185723,-17.044065,2.177729,0.334811,0.897563,9.185723,7.007995,-17.044065,2.090595,,,,
1,222,222.000000,agent_4,actor_logits,0,1,4,9.185723,-17.044065,2.177730,0.334811,0.897563,9.185723,7.007994,-17.044065,2.090596,,,,
1,222,222.000000,agent_5,actor_logits,0,1,4,9.185723,-17.044065,2.177729,0.334811,0.897563,9.185723,7.007994,-17.044065,2.090596,,,,
1,224,224.000000,agent_0,actor_logits,0,1,4,15.926647,-20.386026,13.172430,0.000053,0.999996,15.926647,2.710760,-20.386026,2.754218,,,,
1,224,224.000000,agent_1,actor_logits,0,1,4,15.926647,-20.386026,13.172428,0.000053,0.999996,15.926647,2.710760,-20.386026,2.754219,,,,
1,224,224.000000,agent_2,actor_logits,0,1,4,15.926647,-20.386026,13.172429,0.000053,0.999996,15.926647,2.710759,-20.386026,2.754218,,,,
1,224,224.000000,agent_3,actor_logits,0,1,4,15.926647,-20.386028,13.172428,0.000053,0.999996,15.926647,2.710761,-20.386028,2.754219,,,,
1,224,224.000000,agent_4,actor_logits,0,1,4,15.926647,-20.386028,13.172428,0.000053,0.999996,15.926647,2.710759,-20.386028,2.754219,,,,
1,224,224.000000,agent_5,actor_logits,0,1,4,15.926647,-20.386028,13.172429,0.000053,0.999996,15.926647,2.710760,-20.386028,2.754218,,,,
1,226,226.000000,agent_0,actor_logits,0,1,4,5.788372,-9.803340,2.598204,0.311157,0.920140,5.788372,1.397014,-9.803340,3.190168,,,,
1,226,226.000000,agent_1,actor_logits,0,1,4,5.788372,-9.803339,2.598203,0.311157,0.920140,5.788372,1.397013,-9.803339,3.190168,,,,
1,226,226.000000,agent_2,actor_logits,0,1,4,5.788373,-9.803340,2.598205,0.311157,0.920140,5.788373,1.397014,-9.803340,3.190168,,,,
1,226,226.000000,agent_3,actor_logits,0,1,4,5.788373,-9.803340,2.598205,0.311157,0.920140,5.788373,1.397014,-9.803340,3.190167,,,,
1,226,226.000000,agent_4,actor_logits,0,1,4,5.788372,-9.803340,2.598203,0.311157,0.920140,5.788372,1.397014,-9.803340,3.190169,,,,
1,226,226.000000,agent_5,actor_logits,0,1,4,5.788372,-9.803340,2.598203,0.311157,0.920140,5.788372,1.397014,-9.803340,3.190168,,,,
1,228,228.000000,agent_0,actor_logits,0,1,3,17.024466,-16.411959,22.065529,0.000000,1.000000,17.024466,-5.041064,-16.411959,,,,,
1,228,228.000000,agent_1,actor_logits,0,1,3,17.024466,-16.411957,22.065529,0.000000,1.000000,17.024466,-5.041063,-16.411957,,,,,
1,228,228.000000,agent_2,actor_logits,0,1,3,17.024464,-16.411957,22.065527,0.000000,1.000000,17.024464,-5.041063,-16.411957,,,,,
1,228,228.000000,agent_3,actor_logits,0,1,3,17.024464,-16.411957,22.065527,0.000000,1.000000,17.024464,-5.041063,-16.411957,,,,,
1,228,228.000000,agent_4,actor_logits,0,1,3,17.024464,-16.411957,22.065527,0.000000,1.000000,17.024464,-5.041063,-16.411957,,,,,
1,228,228.000000,agent_5,actor_logits,0,1,3,17.024464,-16.411957,22.065527,0.000000,1.000000,17.024464,-5.041063,-16.411957,,,,,
1,230,230.000000,agent_0,actor_logits,1,1,2,-7.123124,-7.581166,0.458043,0.667594,0.612550,-7.581166,-7.123124,,,,,,
1,230,230.000000,agent_1,actor_logits,1,1,2,-7.123124,-7.581166,0.458043,0.667594,0.612550,-7.581166,-7.123124,,,,,,
1,230,230.000000,agent_2,actor_logits,1,1,2,-7.123123,-7.581166,0.458044,0.667594,0.612550,-7.581166,-7.123123,,,,,,
1,230,230.000000,agent_3,actor_logits,1,1,2,-7.123123,-7.581166,0.458043,0.667594,0.612550,-7.581166,-7.123123,,,,,,
1,230,230.000000,agent_4,actor_logits,1,1,2,-7.123124,-7.581167,0.458043,0.667594,0.612550,-7.581167,-7.123124,,,,,,
1,230,230.000000,agent_5,actor_logits,1,1,2,-7.123123,-7.581167,0.458044,0.667594,0.612550,-7.581167,-7.123123,,,,,,
1,232,232.000000,agent_0,actor_logits,2,1,3,3.914280,-9.792555,6.417336,0.012110,0.998369,-9.792555,-2.503056,3.914280,,,,,
1,232,232.000000,agent_1,actor_logits,2,1,3,3.914280,-9.792556,6.417336,0.012110,0.998369,-9.792556,-2.503056,3.914280,,,,,
1,232,232.000000,agent_2,actor_logits,2,1,3,3.914280,-9.792555,6.417336,0.012110,0.998369,-9.792555,-2.503056,3.914280,,,,,
1,232,232.000000,agent_3,actor_logits,2,1,3,3.914280,-9.792555,6.417336,0.012110,0.998369,-9.792555,-2.503056,3.914280,,,,,
1,232,232.000000,agent_4,actor_logits,2,1,3,3.914280,-9.792555,6.417336,0.012110,0.998369,-9.792555,-2.503056,3.914280,,,,,
1,232,232.000000,agent_5,actor_logits,2,1,3,3.914280,-9.792555,6.417336,0.012110,0.998369,-9.792555,-2.503056,3.914280,,,,,
1,234,234.000000,agent_0,actor_logits,2,1,3,7.212506,-7.987214,12.063735,0.000079,0.999994,-7.987214,-4.851229,7.212506,,,,,
1,234,234.000000,agent_1,actor_logits,2,1,3,7.212505,-7.987215,12.063734,0.000079,0.999994,-7.987215,-4.851229,7.212505,,,,,
1,234,234.000000,agent_2,actor_logits,2,1,3,7.212506,-7.987215,12.063735,0.000079,0.999994,-7.987215,-4.851229,7.212506,,,,,
1,234,234.000000,agent_3,actor_logits,2,1,3,7.212505,-7.987214,12.063734,0.000079,0.999994,-7.987214,-4.851229,7.212505,,,,,
1,234,234.000000,agent_4,actor_logits,2,1,3,7.212505,-7.987214,12.063734,0.000079,0.999994,-7.987214,-4.851229,7.212505,,,,,
1,234,234.000000,agent_5,actor_logits,2,1,3,7.212505,-7.987214,12.063734,0.000079,0.999994,-7.987214,-4.851229,7.212505,,,,,
1,236,236.000000,agent_0,actor_logits,2,1,3,6.053069,-6.904531,8.627550,0.001757,0.999819,-6.904531,-2.574481,6.053069,,,,,
1,236,236.000000,agent_1,actor_logits,2,1,3,6.053069,-6.904531,8.627550,0.001757,0.999819,-6.904531,-2.574481,6.053069,,,,,
1,236,236.000000,agent_2,actor_logits,2,1,3,6.053069,-6.904531,8.627550,0.001757,0.999819,-6.904531,-2.574481,6.053069,,,,,
1,236,236.000000,agent_3,actor_logits,2,1,3,6.053069,-6.904531,8.627550,0.001757,0.999819,-6.904531,-2.574481,6.053069,,,,,
1,236,236.000000,agent_4,actor_logits,2,1,3,6.053069,-6.904531,8.627550,0.001757,0.999819,-6.904531,-2.574481,6.053069,,,,,
1,236,236.000000,agent_5,actor_logits,2,1,3,6.053069,-6.904531,8.627550,0.001757,0.999819,-6.904531,-2.574481,6.053069,,,,,
1,238,238.000000,agent_0,actor_logits,2,1,3,0.979323,-3.290178,0.918918,0.647403,0.707744,0.060405,-3.290178,0.979323,,,,,
1,238,238.000000,agent_1,actor_logits,2,1,3,0.979323,-3.290177,0.918917,0.647403,0.707744,0.060405,-3.290177,0.979323,,,,,
1,238,238.000000,agent_2,actor_logits,2,1,3,0.979322,-3.290178,0.918917,0.647403,0.707744,0.060405,-3.290178,0.979322,,,,,
1,238,238.000000,agent_3,actor_logits,2,1,3,0.979323,-3.290177,0.918917,0.647403,0.707744,0.060405,-3.290177,0.979323,,,,,
1,238,238.000000,agent_4,actor_logits,2,1,3,0.979323,-3.290178,0.918917,0.647403,0.707744,0.060406,-3.290178,0.979323,,,,,
1,238,238.000000,agent_5,actor_logits,2,1,3,0.979323,-3.290177,0.918917,0.647403,0.707744,0.060406,-3.290177,0.979323,,,,,
1,240,240.000000,agent_0,actor_logits,0,1,3,2.333632,-3.456715,0.353500,0.689680,0.586413,2.333632,1.980132,-3.456715,,,,,
1,240,240.000000,agent_1,actor_logits,0,1,3,2.333633,-3.456716,0.353500,0.689680,0.586413,2.333633,1.980133,-3.456716,,,,,
1,240,240.000000,agent_2,actor_logits,0,1,3,2.333632,-3.456716,0.353499,0.689680,0.586413,2.333632,1.980133,-3.456716,,,,,
1,240,240.000000,agent_3,actor_logits,0,1,3,2.333633,-3.456715,0.353501,0.689680,0.586413,2.333633,1.980132,-3.456715,,,,,
1,240,240.000000,agent_4,actor_logits,0,1,3,2.333632,-3.456715,0.353500,0.689680,0.586413,2.333632,1.980132,-3.456715,,,,,
1,240,240.000000,agent_5,actor_logits,0,1,3,2.333633,-3.456716,0.353500,0.689680,0.586413,2.333633,1.980132,-3.456716,,,,,
1,242,242.000000,agent_0,actor_logits,0,1,3,5.574682,-5.418853,7.566724,0.004632,0.999466,5.574682,-1.992042,-5.418853,,,,,
1,242,242.000000,agent_1,actor_logits,0,1,3,5.574681,-5.418853,7.566723,0.004632,0.999466,5.574681,-1.992042,-5.418853,,,,,
1,242,242.000000,agent_2,actor_logits,0,1,3,5.574680,-5.418853,7.566721,0.004632,0.999466,5.574680,-1.992041,-5.418853,,,,,
1,242,242.000000,agent_3,actor_logits,0,1,3,5.574681,-5.418852,7.566722,0.004632,0.999466,5.574681,-1.992042,-5.418852,,,,,
1,242,242.000000,agent_4,actor_logits,0,1,3,5.574681,-5.418852,7.566722,0.004632,0.999466,5.574681,-1.992042,-5.418852,,,,,
1,242,242.000000,agent_5,actor_logits,0,1,3,5.574681,-5.418853,7.566722,0.004632,0.999466,5.574681,-1.992042,-5.418853,,,,,
1,244,244.000000,agent_0,actor_logits,0,1,3,4.871382,-7.396330,3.672219,0.116196,0.975206,4.871382,1.199163,-7.396330,,,,,
1,244,244.000000,agent_1,actor_logits,0,1,3,4.871383,-7.396331,3.672219,0.116196,0.975206,4.871383,1.199164,-7.396331,,,,,
1,244,244.000000,agent_2,actor_logits,0,1,3,4.871382,-7.396331,3.672218,0.116197,0.975206,4.871382,1.199164,-7.396331,,,,,
1,244,244.000000,agent_3,actor_logits,0,1,3,4.871382,-7.396330,3.672219,0.116196,0.975206,4.871382,1.199164,-7.396330,,,,,
1,244,244.000000,agent_4,actor_logits,0,1,3,4.871383,-7.396330,3.672219,0.116196,0.975206,4.871383,1.199164,-7.396330,,,,,
1,244,244.000000,agent_5,actor_logits,0,1,3,4.871382,-7.396331,3.672219,0.116196,0.975206,4.871382,1.199163,-7.396331,,,,,
1,246,246.000000,agent_0,actor_logits,0,1,3,7.255711,-7.727642,7.920953,0.003243,0.999637,7.255711,-0.665242,-7.727642,,,,,
1,246,246.000000,agent_1,actor_logits,0,1,3,7.255711,-7.727641,7.920954,0.003243,0.999637,7.255711,-0.665242,-7.727641,,,,,
1,246,246.000000,agent_2,actor_logits,0,1,3,7.255710,-7.727641,7.920951,0.003243,0.999637,7.255710,-0.665242,-7.727641,,,,,
1,246,246.000000,agent_3,actor_logits,0,1,3,7.255710,-7.727641,7.920952,0.003243,0.999637,7.255710,-0.665242,-7.727641,,,,,
1,246,246.000000,agent_4,actor_logits,0,1,3,7.255711,-7.727640,7.920953,0.003243,0.999637,7.255711,-0.665242,-7.727640,,,,,
1,246,246.000000,agent_5,actor_logits,0,1,3,7.255710,-7.727641,7.920952,0.003243,0.999637,7.255710,-0.665242,-7.727641,,,,,
1,248,248.000000,agent_0,actor_logits,0,1,3,13.256100,-15.732914,12.060170,0.000076,0.999994,13.256100,1.195929,-15.732914,,,,,
1,248,248.000000,agent_1,actor_logits,0,1,3,13.256100,-15.732914,12.060170,0.000076,0.999994,13.256100,1.195929,-15.732914,,,,,
1,248,248.000000,agent_2,actor_logits,0,1,3,13.256099,-15.732915,12.060169,0.000076,0.999994,13.256099,1.195929,-15.732915,,,,,
1,248,248.000000,agent_3,actor_logits,0,1,3,13.256100,-15.732914,12.060171,0.000076,0.999994,13.256100,1.195929,-15.732914,,,,,
1,248,248.000000,agent_4,actor_logits,0,1,3,13.256100,-15.732915,12.060171,0.000076,0.999994,13.256100,1.195929,-15.732915,,,,,
1,248,248.000000,agent_5,actor_logits,0,1,3,13.256100,-15.732914,12.060171,0.000076,0.999994,13.256100,1.195928,-15.732914,,,,,
1,250,250.000000,agent_0,actor_logits,0,1,2,-4.415979,-11.572961,7.156981,0.006353,0.999221,-4.415979,-11.572961,,,,,,
1,250,250.000000,agent_1,actor_logits,0,1,2,-4.415979,-11.572962,7.156983,0.006353,0.999221,-4.415979,-11.572962,,,,,,
1,250,250.000000,agent_2,actor_logits,0,1,2,-4.415979,-11.572962,7.156982,0.006353,0.999221,-4.415979,-11.572962,,,,,,
1,250,250.000000,agent_3,actor_logits,0,1,2,-4.415980,-11.572962,7.156982,0.006353,0.999221,-4.415980,-11.572962,,,,,,
1,250,250.000000,agent_4,actor_logits,0,1,2,-4.415979,-11.572962,7.156982,0.006353,0.999221,-4.415979,-11.572962,,,,,,
1,250,250.000000,agent_5,actor_logits,0,1,2,-4.415980,-11.572961,7.156981,0.006353,0.999221,-4.415980,-11.572961,,,,,,
1,252,252.000000,agent_0,actor_logits,1,1,3,3.272101,-7.029557,6.834806,0.008798,0.998892,-7.029557,3.272101,-3.562706,,,,,
1,252,252.000000,agent_1,actor_logits,1,1,3,3.272101,-7.029557,6.834807,0.008798,0.998892,-7.029557,3.272101,-3.562706,,,,,
1,252,252.000000,agent_2,actor_logits,1,1,3,3.272101,-7.029557,6.834806,0.008798,0.998892,-7.029557,3.272101,-3.562705,,,,,
1,252,252.000000,agent_3,actor_logits,1,1,3,3.272101,-7.029557,6.834806,0.008798,0.998892,-7.029557,3.272101,-3.562705,,,,,
1,252,252.000000,agent_4,actor_logits,1,1,3,3.272101,-7.029557,6.834806,0.008798,0.998892,-7.029557,3.272101,-3.562705,,,,,
1,252,252.000000,agent_5,actor_logits,1,1,3,3.272101,-7.029558,6.834806,0.008798,0.998892,-7.029558,3.272101,-3.562705,,,,,
1,254,254.000000,agent_0,actor_logits,1,1,3,7.102353,-17.289534,9.070147,0.001158,0.999885,-17.289534,7.102353,-1.967794,,,,,
1,254,254.000000,agent_1,actor_logits,1,1,3,7.102353,-17.289534,9.070147,0.001158,0.999885,-17.289534,7.102353,-1.967794,,,,,
1,254,254.000000,agent_2,actor_logits,1,1,3,7.102353,-17.289532,9.070147,0.001158,0.999885,-17.289532,7.102353,-1.967794,,,,,
1,254,254.000000,agent_3,actor_logits,1,1,3,7.102354,-17.289532,9.070148,0.001158,0.999885,-17.289532,7.102354,-1.967794,,,,,
1,254,254.000000,agent_4,actor_logits,1,1,3,7.102354,-17.289534,9.070148,0.001158,0.999885,-17.289534,7.102354,-1.967794,,,,,
1,254,254.000000,agent_5,actor_logits,1,1,3,7.102353,-17.289534,9.070147,0.001158,0.999885,-17.289534,7.102353,-1.967794,,,,,
1,256,256.000000,agent_0,actor_logits,1,1,3,6.385086,-22.524824,2.939386,0.199223,0.949759,-22.524824,6.385086,3.445699,,,,,
1,256,256.000000,agent_1,actor_logits,1,1,3,6.385086,-22.524824,2.939387,0.199223,0.949759,-22.524824,6.385086,3.445699,,,,,
1,256,256.000000,agent_2,actor_logits,1,1,3,6.385086,-22.524824,2.939386,0.199223,0.949759,-22.524824,6.385086,3.445699,,,,,
1,256,256.000000,agent_3,actor_logits,1,1,3,6.385086,-22.524824,2.939387,0.199223,0.949759,-22.524824,6.385086,3.445699,,,,,
1,256,256.000000,agent_4,actor_logits,1,1,3,6.385086,-22.524824,2.939387,0.199223,0.949759,-22.524824,6.385086,3.445699,,,,,
1,256,256.000000,agent_5,actor_logits,1,1,3,6.385085,-22.524824,2.939385,0.199223,0.949759,-22.524824,6.385085,3.445700,,,,,
1,258,258.000000,agent_0,actor_logits,1,1,3,5.293547,-21.504469,0.401364,0.673409,0.599015,-21.504469,5.293547,4.892183,,,,,
1,258,258.000000,agent_1,actor_logits,1,1,3,5.293547,-21.504469,0.401364,0.673409,0.599015,-21.504469,5.293547,4.892183,,,,,
1,258,258.000000,agent_2,actor_logits,1,1,3,5.293546,-21.504471,0.401363,0.673409,0.599015,-21.504471,5.293546,4.892183,,,,,
1,258,258.000000,agent_3,actor_logits,1,1,3,5.293547,-21.504471,0.401364,0.673409,0.599015,-21.504471,5.293547,4.892183,,,,,
1,258,258.000000,agent_4,actor_logits,1,1,3,5.293548,-21.504469,0.401365,0.673409,0.599016,-21.504469,5.293548,4.892183,,,,,
1,258,258.000000,agent_5,actor_logits,1,1,3,5.293546,-21.504471,0.401362,0.673409,0.599015,-21.504471,5.293546,4.892184,,,,,
1,260,260.000000,agent_0,actor_logits,2,1,3,6.966480,-22.413683,0.922613,0.597085,0.715574,-22.413683,6.043867,6.966480,,,,,
1,260,260.000000,agent_1,actor_logits,2,1,3,6.966480,-22.413683,0.922612,0.597085,0.715574,-22.413683,6.043868,6.966480,,,,,
1,260,260.000000,agent_2,actor_logits,2,1,3,6.966480,-22.413681,0.922612,0.597085,0.715574,-22.413681,6.043868,6.966480,,,,,
1,260,260.000000,agent_3,actor_logits,2,1,3,6.966480,-22.413683,0.922613,0.597085,0.715574,-22.413683,6.043867,6.966480,,,,,
1,260,260.000000,agent_4,actor_logits,2,1,3,6.966480,-22.413683,0.922612,0.597085,0.715574,-22.413683,6.043868,6.966480,,,,,
1,260,260.000000,agent_5,actor_logits,2,1,3,6.966480,-22.413681,0.922613,0.597085,0.715574,-22.413681,6.043867,6.966480,,,,,
1,262,262.000000,agent_0,actor_logits,3,1,4,10.589973,-13.300498,3.547803,0.127791,0.972007,-13.300498,-0.810065,7.042170,10.589973,,,,
1,262,262.000000,agent_1,actor_logits,3,1,4,10.589973,-13.300496,3.547804,0.127791,0.972007,-13.300496,-0.810065,7.042169,10.589973,,,,
1,262,262.000000,agent_2,actor_logits,3,1,4,10.589973,-13.300497,3.547804,0.127791,0.972007,-13.300497,-0.810065,7.042169,10.589973,,,,
1,262,262.000000,agent_3,actor_logits,3,1,4,10.589972,-13.300497,3.547803,0.127791,0.972007,-13.300497,-0.810065,7.042169,10.589972,,,,
1,262,262.000000,agent_4,actor_logits,3,1,4,10.589973,-13.300497,3.547804,0.127791,0.972007,-13.300497,-0.810065,7.042170,10.589973,,,,
1,262,262.000000,agent_5,actor_logits,3,1,4,10.589972,-13.300497,3.547803,0.127791,0.972007,-13.300497,-0.810065,7.042169,10.589972,,,,
1,264,264.000000,agent_0,actor_logits,2,1,4,5.295024,-7.198732,4.117774,0.133888,0.974884,-7.198732,1.177250,5.295024,0.636296,,,,
1,264,264.000000,agent_1,actor_logits,2,1,4,5.295025,-7.198732,4.117775,0.133887,0.974884,-7.198732,1.177250,5.295025,0.636296,,,,
1,264,264.000000,agent_2,actor_logits,2,1,4,5.295024,-7.198732,4.117774,0.133888,0.974884,-7.198732,1.177251,5.295024,0.636296,,,,
1,264,264.000000,agent_3,actor_logits,2,1,4,5.295025,-7.198732,4.117775,0.133887,0.974884,-7.198732,1.177251,5.295025,0.636296,,,,
1,264,264.000000,agent_4,actor_logits,2,1,4,5.295025,-7.198732,4.117775,0.133887,0.974884,-7.198732,1.177250,5.295025,0.636296,,,,
1,264,264.000000,agent_5,actor_logits,2,1,4,5.295025,-7.198732,4.117775,0.133888,0.974884,-7.198732,1.177250,5.295025,0.636296,,,,
1,266,266.000000,agent_0,actor_logits,0,1,4,9.356964,-6.251433,10.207642,0.000456,0.999960,9.356964,-6.251433,-0.850678,-3.386692,,,,
1,266,266.000000,agent_1,actor_logits,0,1,4,9.356964,-6.251433,10.207642,0.000456,0.999960,9.356964,-6.251433,-0.850678,-3.386691,,,,
1,266,266.000000,agent_2,actor_logits,0,1,4,9.356964,-6.251433,10.207643,0.000456,0.999960,9.356964,-6.251433,-0.850679,-3.386692,,,,
1,266,266.000000,agent_3,actor_logits,0,1,4,9.356964,-6.251433,10.207642,0.000456,0.999960,9.356964,-6.251433,-0.850678,-3.386692,,,,
1,266,266.000000,agent_4,actor_logits,0,1,4,9.356964,-6.251433,10.207643,0.000456,0.999960,9.356964,-6.251433,-0.850678,-3.386692,,,,
1,266,266.000000,agent_5,actor_logits,0,1,4,9.356964,-6.251433,10.207642,0.000456,0.999960,9.356964,-6.251433,-0.850678,-3.386692,,,,
1,268,268.000000,agent_0,actor_logits,0,1,4,8.509019,-13.531344,4.387419,0.078368,0.986087,8.509019,-13.531344,2.118241,4.121600,,,,
1,268,268.000000,agent_1,actor_logits,0,1,4,8.509018,-13.531343,4.387419,0.078368,0.986087,8.509018,-13.531343,2.118241,4.121599,,,,
1,268,268.000000,agent_2,actor_logits,0,1,4,8.509018,-13.531343,4.387419,0.078368,0.986087,8.509018,-13.531343,2.118241,4.121599,,,,
1,268,268.000000,agent_3,actor_logits,0,1,4,8.509019,-13.531343,4.387420,0.078368,0.986087,8.509019,-13.531343,2.118241,4.121599,,,,
1,268,268.000000,agent_4,actor_logits,0,1,4,8.509019,-13.531343,4.387420,0.078368,0.986087,8.509019,-13.531343,2.118241,4.121599,,,,
1,268,268.000000,agent_5,actor_logits,0,1,4,8.509019,-13.531343,4.387420,0.078368,0.986087,8.509019,-13.531343,2.118241,4.121599,,,,
1,270,270.000000,agent_0,actor_logits,1,1,3,5.975664,-14.447420,4.431040,0.063950,0.988238,-14.447420,5.975664,1.544624,,,,,
1,270,270.000000,agent_1,actor_logits,1,1,3,5.975664,-14.447420,4.431039,0.063950,0.988238,-14.447420,5.975664,1.544625,,,,,
1,270,270.000000,agent_2,actor_logits,1,1,3,5.975664,-14.447420,4.431040,0.063950,0.988238,-14.447420,5.975664,1.544624,,,,,
1,270,270.000000,agent_3,actor_logits,1,1,3,5.975664,-14.447419,4.431040,0.063950,0.988238,-14.447419,5.975664,1.544624,,,,,
1,270,270.000000,agent_4,actor_logits,1,1,3,5.975665,-14.447420,4.431040,0.063950,0.988238,-14.447420,5.975665,1.544625,,,,,
1,270,270.000000,agent_5,actor_logits,1,1,3,5.975665,-14.447420,4.431041,0.063950,0.988238,-14.447420,5.975665,1.544624,,,,,
1,272,272.000000,agent_0,actor_logits,2,1,4,6.244188,-4.799906,4.808066,0.048147,0.991801,-4.799906,-3.101800,6.244188,1.436122,,,,
1,272,272.000000,agent_1,actor_logits,2,1,4,6.244188,-4.799907,4.808066,0.048147,0.991801,-4.799907,-3.101800,6.244188,1.436122,,,,
1,272,272.000000,agent_2,actor_logits,2,1,4,6.244188,-4.799907,4.808066,0.048147,0.991801,-4.799907,-3.101800,6.244188,1.436122,,,,
1,272,272.000000,agent_3,actor_logits,2,1,4,6.244188,-4.799907,4.808066,0.048147,0.991801,-4.799907,-3.101799,6.244188,1.436121,,,,
1,272,272.000000,agent_4,actor_logits,2,1,4,6.244189,-4.799907,4.808067,0.048147,0.991801,-4.799907,-3.101800,6.244189,1.436121,,,,
1,272,272.000000,agent_5,actor_logits,2,1,4,6.244188,-4.799907,4.808066,0.048147,0.991801,-4.799907,-3.101800,6.244188,1.436122,,,,
1,274,274.000000,agent_0,actor_logits,0,1,4,4.422392,-5.565396,4.302658,0.093334,0.983342,4.422392,-1.272865,0.119734,-5.565396,,,,
1,274,274.000000,agent_1,actor_logits,0,1,4,4.422393,-5.565396,4.302659,0.093334,0.983342,4.422393,-1.272865,0.119734,-5.565396,,,,
1,274,274.000000,agent_2,actor_logits,0,1,4,4.422392,-5.565396,4.302658,0.093334,0.983342,4.422392,-1.272865,0.119734,-5.565396,,,,
1,274,274.000000,agent_3,actor_logits,0,1,4,4.422393,-5.565396,4.302660,0.093333,0.983342,4.422393,-1.272864,0.119734,-5.565396,,,,
1,274,274.000000,agent_4,actor_logits,0,1,4,4.422393,-5.565397,4.302659,0.093334,0.983342,4.422393,-1.272864,0.119734,-5.565397,,,,
1,274,274.000000,agent_5,actor_logits,0,1,4,4.422393,-5.565396,4.302659,0.093334,0.983342,4.422393,-1.272865,0.119734,-5.565396,,,,
1,276,276.000000,agent_0,actor_logits,0,1,4,7.914322,-5.116703,5.346272,0.030192,0.995251,7.914322,-5.116703,-4.639106,2.568050,,,,
1,276,276.000000,agent_1,actor_logits,0,1,4,7.914322,-5.116702,5.346272,0.030192,0.995251,7.914322,-5.116702,-4.639106,2.568050,,,,
1,276,276.000000,agent_2,actor_logits,0,1,4,7.914322,-5.116703,5.346272,0.030192,0.995251,7.914322,-5.116703,-4.639106,2.568051,,,,
1,276,276.000000,agent_3,actor_logits,0,1,4,7.914322,-5.116702,5.346272,0.030192,0.995251,7.914322,-5.116702,-4.639106,2.568050,,,,
1,276,276.000000,agent_4,actor_logits,0,1,4,7.914322,-5.116702,5.346272,0.030192,0.995251,7.914322,-5.116702,-4.639106,2.568050,,,,
1,276,276.000000,agent_5,actor_logits,0,1,4,7.914323,-5.116703,5.346272,0.030192,0.995251,7.914323,-5.116703,-4.639106,2.568050,,,,
1,278,278.000000,agent_0,actor_logits,2,1,3,6.341499,-10.447237,5.738218,0.021637,0.996790,0.603281,-10.447237,6.341499,,,,,
1,278,278.000000,agent_1,actor_logits,2,1,3,6.341500,-10.447237,5.738219,0.021637,0.996790,0.603281,-10.447237,6.341500,,,,,
1,278,278.000000,agent_2,actor_logits,2,1,3,6.341499,-10.447237,5.738219,0.021637,0.996790,0.603281,-10.447237,6.341499,,,,,
1,278,278.000000,agent_3,actor_logits,2,1,3,6.341499,-10.447237,5.738218,0.021637,0.996790,0.603281,-10.447237,6.341499,,,,,
1,278,278.000000,agent_4,actor_logits,2,1,3,6.341499,-10.447236,5.738218,0.021637,0.996790,0.603281,-10.447236,6.341499,,,,,
1,278,278.000000,agent_5,actor_logits,2,1,3,6.341500,-10.447237,5.738219,0.021637,0.996790,0.603281,-10.447237,6.341500,,,,,
1,284,284.000000,agent_0,actor_logits,0,1,7,6.176219,-5.864835,0.338354,0.701492,0.581929,6.176219,-5.453227,-5.864835,5.837865,0.431143,-0.392496,-0.877444,
1,284,284.000000,agent_1,actor_logits,0,1,7,6.176220,-5.864836,0.338356,0.701492,0.581929,6.176220,-5.453227,-5.864836,5.837864,0.431144,-0.392496,-0.877444,
1,284,284.000000,agent_2,actor_logits,0,1,7,6.176219,-5.864835,0.338355,0.701492,0.581929,6.176219,-5.453228,-5.864835,5.837864,0.431144,-0.392496,-0.877444,
1,284,284.000000,agent_3,actor_logits,0,1,7,6.176219,-5.864836,0.338353,0.701492,0.581928,6.176219,-5.453227,-5.864836,5.837865,0.431144,-0.392496,-0.877445,
1,284,284.000000,agent_4,actor_logits,0,1,7,6.176220,-5.864837,0.338356,0.701492,0.581929,6.176220,-5.453227,-5.864837,5.837864,0.431144,-0.392496,-0.877444,
1,284,284.000000,agent_5,actor_logits,0,1,7,6.176219,-5.864835,0.338355,0.701492,0.581929,6.176219,-5.453228,-5.864835,5.837864,0.431144,-0.392496,-0.877444,
1,290,290.000000,agent_0,actor_logits,2,1,3,2.834552,-8.121284,9.324319,0.001130,0.999893,-6.489767,-8.121284,2.834552,,,,,
1,290,290.000000,agent_1,actor_logits,2,1,3,2.834551,-8.121284,9.324318,0.001130,0.999893,-6.489767,-8.121284,2.834551,,,,,
1,290,290.000000,agent_2,actor_logits,2,1,3,2.834552,-8.121284,9.324320,0.001130,0.999893,-6.489768,-8.121284,2.834552,,,,,
1,290,290.000000,agent_3,actor_logits,2,1,3,2.834551,-8.121283,9.324319,0.001130,0.999893,-6.489768,-8.121283,2.834551,,,,,
1,290,290.000000,agent_4,actor_logits,2,1,3,2.834551,-8.121284,9.324317,0.001130,0.999893,-6.489766,-8.121284,2.834551,,,,,
1,290,290.000000,agent_5,actor_logits,2,1,3,2.834551,-8.121283,9.324318,0.001130,0.999893,-6.489767,-8.121283,2.834551,,,,,
1,296,296.000000,agent_0,actor_logits,3,1,7,11.796405,-9.681776,5.224491,0.034403,0.994551,-9.681776,-0.593403,2.143455,11.796405,6.571914,1.126418,-0.536856,
1,296,296.000000,agent_1,actor_logits,3,1,7,11.796405,-9.681776,5.224490,0.034403,0.994551,-9.681776,-0.593403,2.143454,11.796405,6.571915,1.126418,-0.536856,
1,296,296.000000,agent_2,actor_logits,3,1,7,11.796405,-9.681776,5.224490,0.034403,0.994551,-9.681776,-0.593403,2.143454,11.796405,6.571915,1.126418,-0.536856,
1,296,296.000000,agent_3,actor_logits,3,1,7,11.796405,-9.681777,5.224490,0.034403,0.994551,-9.681777,-0.593403,2.143454,11.796405,6.571915,1.126418,-0.536856,
1,296,296.000000,agent_4,actor_logits,3,1,7,11.796405,-9.681777,5.224491,0.034403,0.994551,-9.681777,-0.593402,2.143454,11.796405,6.571914,1.126418,-0.536856,
1,296,296.000000,agent_5,actor_logits,3,1,7,11.796405,-9.681776,5.224490,0.034403,0.994551,-9.681776,-0.593403,2.143454,11.796405,6.571915,1.126418,-0.536856,
1,298,298.000000,agent_0,actor_logits,2,1,4,7.490946,-10.609260,3.140972,0.172535,0.958551,-6.290099,4.349974,7.490946,-10.609260,,,,
1,298,298.000000,agent_1,actor_logits,2,1,4,7.490946,-10.609260,3.140972,0.172535,0.958551,-6.290099,4.349974,7.490946,-10.609260,,,,
1,298,298.000000,agent_2,actor_logits,2,1,4,7.490946,-10.609260,3.140972,0.172535,0.958551,-6.290099,4.349974,7.490946,-10.609260,,,,
1,298,298.000000,agent_3,actor_logits,2,1,4,7.490946,-10.609260,3.140972,0.172535,0.958551,-6.290098,4.349974,7.490946,-10.609260,,,,
1,298,298.000000,agent_4,actor_logits,2,1,4,7.490947,-10.609260,3.140973,0.172535,0.958551,-6.290099,4.349974,7.490947,-10.609260,,,,
1,298,298.000000,agent_5,actor_logits,2,1,4,7.490946,-10.609260,3.140971,0.172535,0.958551,-6.290099,4.349975,7.490946,-10.609260,,,,
1,300,300.000000,agent_0,actor_logits,1,1,4,7.703519,-11.225326,3.905307,0.097034,0.980261,-5.844258,7.703519,3.798213,-11.225326,,,,
1,300,300.000000,agent_1,actor_logits,1,1,4,7.703520,-11.225327,3.905308,0.097034,0.980261,-5.844258,7.703520,3.798212,-11.225327,,,,
1,300,300.000000,agent_2,actor_logits,1,1,4,7.703520,-11.225327,3.905307,0.097034,0.980261,-5.844258,7.703520,3.798213,-11.225327,,,,
1,300,300.000000,agent_3,actor_logits,1,1,4,7.703519,-11.225327,3.905308,0.097034,0.980261,-5.844258,7.703519,3.798212,-11.225327,,,,
1,300,300.000000,agent_4,actor_logits,1,1,4,7.703519,-11.225327,3.905308,0.097034,0.980261,-5.844258,7.703519,3.798212,-11.225327,,,,
1,300,300.000000,agent_5,actor_logits,1,1,4,7.703520,-11.225327,3.905308,0.097034,0.980261,-5.844258,7.703520,3.798212,-11.225327,,,,
1,302,302.000000,agent_0,actor_logits,1,1,4,5.572497,-6.318323,4.639821,0.073065,0.987675,-0.301080,5.572497,-6.318323,0.932677,,,,
1,302,302.000000,agent_1,actor_logits,1,1,4,5.572497,-6.318322,4.639821,0.073065,0.987675,-0.301080,5.572497,-6.318322,0.932677,,,,
1,302,302.000000,agent_2,actor_logits,1,1,4,5.572497,-6.318322,4.639820,0.073065,0.987675,-0.301080,5.572497,-6.318322,0.932677,,,,
1,302,302.000000,agent_3,actor_logits,1,1,4,5.572497,-6.318323,4.639820,0.073065,0.987675,-0.301079,5.572497,-6.318323,0.932677,,,,
1,302,302.000000,agent_4,actor_logits,1,1,4,5.572497,-6.318323,4.639820,0.073065,0.987675,-0.301079,5.572497,-6.318323,0.932677,,,,
1,302,302.000000,agent_5,actor_logits,1,1,4,5.572497,-6.318323,4.639821,0.073065,0.987675,-0.301080,5.572497,-6.318323,0.932677,,,,
1,304,304.000000,agent_0,actor_logits,3,1,4,4.264954,-9.336792,1.240572,0.905493,0.637945,2.985948,3.024382,-9.336792,4.264954,,,,
1,304,304.000000,agent_1,actor_logits,3,1,4,4.264955,-9.336792,1.240573,0.905492,0.637945,2.985947,3.024382,-9.336792,4.264955,,,,
1,304,304.000000,agent_2,actor_logits,3,1,4,4.264955,-9.336793,1.240573,0.905492,0.637945,2.985947,3.024382,-9.336793,4.264955,,,,
1,304,304.000000,agent_3,actor_logits,3,1,4,4.264955,-9.336793,1.240573,0.905492,0.637945,2.985948,3.024381,-9.336793,4.264955,,,,
1,304,304.000000,agent_4,actor_logits,3,1,4,4.264955,-9.336793,1.240573,0.905492,0.637945,2.985947,3.024382,-9.336793,4.264955,,,,
1,304,304.000000,agent_5,actor_logits,3,1,4,4.264955,-9.336791,1.240572,0.905493,0.637945,2.985947,3.024382,-9.336791,4.264955,,,,
1,306,306.000000,agent_0,actor_logits,1,1,4,5.025055,-3.212208,4.412902,0.069842,0.987490,-3.212208,5.025055,-3.143416,0.612153,,,,
1,306,306.000000,agent_1,actor_logits,1,1,4,5.025056,-3.212208,4.412903,0.069842,0.987490,-3.212208,5.025056,-3.143417,0.612154,,,,
1,306,306.000000,agent_2,actor_logits,1,1,4,5.025056,-3.212208,4.412903,0.069842,0.987490,-3.212208,5.025056,-3.143416,0.612153,,,,
1,306,306.000000,agent_3,actor_logits,1,1,4,5.025056,-3.212208,4.412903,0.069842,0.987490,-3.212208,5.025056,-3.143417,0.612153,,,,
1,306,306.000000,agent_4,actor_logits,1,1,4,5.025056,-3.212208,4.412904,0.069842,0.987490,-3.212208,5.025056,-3.143416,0.612153,,,,
1,306,306.000000,agent_5,actor_logits,1,1,4,5.025056,-3.212208,4.412903,0.069842,0.987490,-3.212208,5.025056,-3.143417,0.612153,,,,
1,308,308.000000,agent_0,actor_logits,1,1,4,6.299567,-10.779920,3.521078,0.187949,0.960913,2.778490,6.299567,-10.779920,1.799568,,,,
1,308,308.000000,agent_1,actor_logits,1,1,4,6.299567,-10.779919,3.521079,0.187948,0.960913,2.778488,6.299567,-10.779919,1.799568,,,,
1,308,308.000000,agent_2,actor_logits,1,1,4,6.299568,-10.779919,3.521079,0.187948,0.960913,2.778489,6.299568,-10.779919,1.799568,,,,
1,308,308.000000,agent_3,actor_logits,1,1,4,6.299568,-10.779920,3.521078,0.187949,0.960913,2.778490,6.299568,-10.779920,1.799567,,,,
1,308,308.000000,agent_4,actor_logits,1,1,4,6.299567,-10.779919,3.521077,0.187949,0.960913,2.778490,6.299567,-10.779919,1.799568,,,,
1,308,308.000000,agent_5,actor_logits,1,1,4,6.299567,-10.779920,3.521077,0.187949,0.960913,2.778490,6.299567,-10.779920,1.799568,,,,
1,310,310.000000,agent_0,actor_logits,1,1,4,6.501554,-9.698592,3.708869,0.120085,0.975195,2.792685,6.501554,-9.698592,-0.478274,,,,
1,310,310.000000,agent_1,actor_logits,1,1,4,6.501554,-9.698592,3.708870,0.120085,0.975195,2.792684,6.501554,-9.698592,-0.478274,,,,
1,310,310.000000,agent_2,actor_logits,1,1,4,6.501554,-9.698591,3.708870,0.120085,0.975195,2.792684,6.501554,-9.698591,-0.478274,,,,
1,310,310.000000,agent_3,actor_logits,1,1,4,6.501554,-9.698593,3.708869,0.120085,0.975195,2.792686,6.501554,-9.698593,-0.478274,,,,
1,310,310.000000,agent_4,actor_logits,1,1,4,6.501553,-9.698592,3.708868,0.120085,0.975195,2.792686,6.501553,-9.698592,-0.478274,,,,
1,310,310.000000,agent_5,actor_logits,1,1,4,6.501554,-9.698592,3.708868,0.120085,0.975195,2.792686,6.501554,-9.698592,-0.478274,,,,
1,312,312.000000,agent_0,actor_logits,0,1,4,4.231596,-4.580299,0.662340,0.648887,0.659113,4.231596,-2.341527,-4.580299,3.569256,,,,
1,312,312.000000,agent_1,actor_logits,0,1,4,4.231596,-4.580300,0.662340,0.648887,0.659113,4.231596,-2.341527,-4.580300,3.569256,,,,
1,312,312.000000,agent_2,actor_logits,0,1,4,4.231595,-4.580299,0.662339,0.648887,0.659113,4.231595,-2.341526,-4.580299,3.569256,,,,
1,312,312.000000,agent_3,actor_logits,0,1,4,4.231597,-4.580299,0.662342,0.648887,0.659114,4.231597,-2.341527,-4.580299,3.569256,,,,
1,312,312.000000,agent_4,actor_logits,0,1,4,4.231597,-4.580299,0.662341,0.648887,0.659114,4.231597,-2.341527,-4.580299,3.569256,,,,
1,312,312.000000,agent_5,actor_logits,0,1,4,4.231596,-4.580299,0.662341,0.648887,0.659114,4.231596,-2.341527,-4.580299,3.569256,,,,
1,314,314.000000,agent_0,actor_logits,3,1,4,5.403740,-12.733597,0.301225,0.887825,0.534513,3.370794,-12.733597,5.102516,5.403740,,,,
1,314,314.000000,agent_1,actor_logits,3,1,4,5.403739,-12.733599,0.301224,0.887825,0.534513,3.370795,-12.733599,5.102516,5.403739,,,,
1,314,314.000000,agent_2,actor_logits,3,1,4,5.403739,-12.733597,0.301224,0.887825,0.534513,3.370794,-12.733597,5.102516,5.403739,,,,
1,314,314.000000,agent_3,actor_logits,3,1,4,5.403739,-12.733597,0.301224,0.887825,0.534513,3.370795,-12.733597,5.102515,5.403739,,,,
1,314,314.000000,agent_4,actor_logits,3,1,4,5.403739,-12.733597,0.301224,0.887825,0.534513,3.370794,-12.733597,5.102516,5.403739,,,,
1,314,314.000000,agent_5,actor_logits,3,1,4,5.403739,-12.733597,0.301224,0.887825,0.534513,3.370794,-12.733597,5.102515,5.403739,,,,
1,316,316.000000,agent_0,actor_logits,0,1,4,4.952983,-7.630099,2.668669,0.363107,0.908408,4.952983,1.494565,-7.630099,2.284314,,,,
1,316,316.000000,agent_1,actor_logits,0,1,4,4.952984,-7.630101,2.668672,0.363106,0.908408,4.952984,1.494564,-7.630101,2.284312,,,,
1,316,316.000000,agent_2,actor_logits,0,1,4,4.952984,-7.630101,2.668671,0.363106,0.908408,4.952984,1.494564,-7.630101,2.284313,,,,
1,316,316.000000,agent_3,actor_logits,0,1,4,4.952984,-7.630100,2.668671,0.363106,0.908408,4.952984,1.494564,-7.630100,2.284313,,,,
1,316,316.000000,agent_4,actor_logits,0,1,4,4.952984,-7.630101,2.668670,0.363106,0.908408,4.952984,1.494565,-7.630101,2.284313,,,,
1,316,316.000000,agent_5,actor_logits,0,1,4,4.952984,-7.630101,2.668671,0.363106,0.908408,4.952984,1.494564,-7.630101,2.284313,,,,
1,318,318.000000,agent_0,actor_logits,0,1,4,4.947454,-10.942211,0.080144,0.723855,0.517024,4.947454,-10.942211,4.867310,0.452253,,,,
1,318,318.000000,agent_1,actor_logits,0,1,4,4.947454,-10.942211,0.080144,0.723855,0.517024,4.947454,-10.942211,4.867311,0.452252,,,,
1,318,318.000000,agent_2,actor_logits,0,1,4,4.947455,-10.942212,0.080145,0.723855,0.517024,4.947455,-10.942212,4.867310,0.452252,,,,
1,318,318.000000,agent_3,actor_logits,0,1,4,4.947454,-10.942211,0.080144,0.723855,0.517024,4.947454,-10.942211,4.867310,0.452253,,,,
1,318,318.000000,agent_4,actor_logits,0,1,4,4.947454,-10.942211,0.080143,0.723855,0.517024,4.947454,-10.942211,4.867311,0.452253,,,,
1,318,318.000000,agent_5,actor_logits,0,1,4,4.947455,-10.942211,0.080145,0.723855,0.517024,4.947455,-10.942211,4.867310,0.452252,,,,
1,320,320.000000,agent_0,actor_logits,0,1,4,4.692639,-8.039310,0.131684,0.719107,0.530199,4.692639,0.032153,-8.039310,4.560955,,,,
1,320,320.000000,agent_1,actor_logits,0,1,4,4.692640,-8.039310,0.131684,0.719106,0.530199,4.692640,0.032152,-8.039310,4.560956,,,,
1,320,320.000000,agent_2,actor_logits,0,1,4,4.692640,-8.039310,0.131685,0.719107,0.530200,4.692640,0.032153,-8.039310,4.560955,,,,
1,320,320.000000,agent_3,actor_logits,0,1,4,4.692638,-8.039310,0.131683,0.719107,0.530199,4.692638,0.032153,-8.039310,4.560955,,,,
1,320,320.000000,agent_4,actor_logits,0,1,4,4.692639,-8.039310,0.131684,0.719107,0.530199,4.692639,0.032153,-8.039310,4.560956,,,,
1,320,320.000000,agent_5,actor_logits,0,1,4,4.692639,-8.039310,0.131685,0.719107,0.530200,4.692639,0.032153,-8.039310,4.560955,,,,
1,322,322.000000,agent_0,actor_logits,0,1,4,13.649858,-7.730071,12.001539,0.000080,0.999994,13.649858,-7.730071,-7.310847,1.648319,,,,
1,322,322.000000,agent_1,actor_logits,0,1,4,13.649858,-7.730071,12.001539,0.000080,0.999994,13.649858,-7.730071,-7.310846,1.648319,,,,
1,322,322.000000,agent_2,actor_logits,0,1,4,13.649858,-7.730070,12.001540,0.000080,0.999994,13.649858,-7.730070,-7.310846,1.648319,,,,
1,322,322.000000,agent_3,actor_logits,0,1,4,13.649858,-7.730071,12.001538,0.000080,0.999994,13.649858,-7.730071,-7.310846,1.648320,,,,
1,322,322.000000,agent_4,actor_logits,0,1,4,13.649858,-7.730072,12.001539,0.000080,0.999994,13.649858,-7.730072,-7.310846,1.648320,,,,
1,322,322.000000,agent_5,actor_logits,0,1,4,13.649858,-7.730071,12.001539,0.000080,0.999994,13.649858,-7.730071,-7.310846,1.648319,,,,
1,324,324.000000,agent_0,actor_logits,1,1,4,2.077602,-2.911642,2.964076,0.397061,0.905382,-0.886475,2.077602,-0.999627,-2.911642,,,,
1,324,324.000000,agent_1,actor_logits,1,1,4,2.077601,-2.911643,2.964076,0.397061,0.905382,-0.886475,2.077601,-0.999627,-2.911643,,,,
1,324,324.000000,agent_2,actor_logits,1,1,4,2.077602,-2.911642,2.964077,0.397061,0.905382,-0.886475,2.077602,-0.999627,-2.911642,,,,
1,324,324.000000,agent_3,actor_logits,1,1,4,2.077602,-2.911642,2.964078,0.397061,0.905382,-0.886476,2.077602,-0.999627,-2.911642,,,,
1,324,324.000000,agent_4,actor_logits,1,1,4,2.077601,-2.911642,2.964076,0.397061,0.905382,-0.886475,2.077601,-0.999627,-2.911642,,,,
1,324,324.000000,agent_5,actor_logits,1,1,4,2.077601,-2.911643,2.964076,0.397061,0.905382,-0.886475,2.077601,-0.999627,-2.911643,,,,
1,326,326.000000,agent_0,actor_logits,0,1,3,8.042435,-13.257819,6.719634,0.009307,0.998794,8.042435,1.322801,-13.257819,,,,,
1,326,326.000000,agent_1,actor_logits,0,1,3,8.042435,-13.257819,6.719634,0.009307,0.998794,8.042435,1.322801,-13.257819,,,,,
1,326,326.000000,agent_2,actor_logits,0,1,3,8.042434,-13.257819,6.719633,0.009307,0.998794,8.042434,1.322801,-13.257819,,,,,
1,326,326.000000,agent_3,actor_logits,0,1,3,8.042434,-13.257819,6.719633,0.009307,0.998794,8.042434,1.322800,-13.257819,,,,,
1,326,326.000000,agent_4,actor_logits,0,1,3,8.042435,-13.257819,6.719635,0.009307,0.998794,8.042435,1.322800,-13.257819,,,,,
1,326,326.000000,agent_5,actor_logits,0,1,3,8.042435,-13.257819,6.719635,0.009307,0.998794,8.042435,1.322800,-13.257819,,,,,
1,328,328.000000,agent_0,actor_logits,0,1,2,-4.052485,-9.708155,5.655670,0.023204,0.996515,-4.052485,-9.708155,,,,,,
1,328,328.000000,agent_1,actor_logits,0,1,2,-4.052485,-9.708153,5.655668,0.023204,0.996515,-4.052485,-9.708153,,,,,,
1,328,328.000000,agent_2,actor_logits,0,1,2,-4.052485,-9.708155,5.655670,0.023204,0.996515,-4.052485,-9.708155,,,,,,
1,328,328.000000,agent_3,actor_logits,0,1,2,-4.052485,-9.708155,5.655670,0.023204,0.996515,-4.052485,-9.708155,,,,,,
1,328,328.000000,agent_4,actor_logits,0,1,2,-4.052485,-9.708153,5.655668,0.023204,0.996515,-4.052485,-9.708153,,,,,,
1,328,328.000000,agent_5,actor_logits,0,1,2,-4.052484,-9.708155,5.655671,0.023204,0.996515,-4.052484,-9.708155,,,,,,
1,330,330.000000,agent_0,actor_logits,1,1,3,5.840337,-6.666129,11.746006,0.000151,0.999988,-5.905668,5.840337,-6.666129,,,,,
1,330,330.000000,agent_1,actor_logits,1,1,3,5.840337,-6.666128,11.746006,0.000151,0.999988,-5.905669,5.840337,-6.666128,,,,,
1,330,330.000000,agent_2,actor_logits,1,1,3,5.840337,-6.666127,11.746006,0.000151,0.999988,-5.905669,5.840337,-6.666127,,,,,
1,330,330.000000,agent_3,actor_logits,1,1,3,5.840337,-6.666128,11.746006,0.000151,0.999988,-5.905669,5.840337,-6.666128,,,,,
1,330,330.000000,agent_4,actor_logits,1,1,3,5.840337,-6.666127,11.746006,0.000151,0.999988,-5.905669,5.840337,-6.666127,,,,,
1,330,330.000000,agent_5,actor_logits,1,1,3,5.840337,-6.666128,11.746006,0.000151,0.999988,-5.905668,5.840337,-6.666128,,,,,
1,332,332.000000,agent_0,actor_logits,1,1,3,9.236054,-19.839357,11.197874,0.000167,0.999986,-19.839357,9.236054,-1.961820,,,,,
1,332,332.000000,agent_1,actor_logits,1,1,3,9.236054,-19.839357,11.197874,0.000167,0.999986,-19.839357,9.236054,-1.961820,,,,,
1,332,332.000000,agent_2,actor_logits,1,1,3,9.236053,-19.839357,11.197873,0.000167,0.999986,-19.839357,9.236053,-1.961819,,,,,
1,332,332.000000,agent_3,actor_logits,1,1,3,9.236054,-19.839357,11.197874,0.000167,0.999986,-19.839357,9.236054,-1.961820,,,,,
1,332,332.000000,agent_4,actor_logits,1,1,3,9.236053,-19.839357,11.197873,0.000167,0.999986,-19.839357,9.236053,-1.961820,,,,,
1,332,332.000000,agent_5,actor_logits,1,1,3,9.236054,-19.839357,11.197874,0.000167,0.999986,-19.839357,9.236054,-1.961820,,,,,
1,334,334.000000,agent_0,actor_logits,1,1,3,6.791646,-21.520403,3.516781,0.130681,0.971161,-21.520403,6.791646,3.274865,,,,,
1,334,334.000000,agent_1,actor_logits,1,1,3,6.791646,-21.520401,3.516780,0.130681,0.971161,-21.520401,6.791646,3.274866,,,,,
1,334,334.000000,agent_2,actor_logits,1,1,3,6.791645,-21.520401,3.516778,0.130682,0.971161,-21.520401,6.791645,3.274867,,,,,
1,334,334.000000,agent_3,actor_logits,1,1,3,6.791646,-21.520401,3.516781,0.130681,0.971161,-21.520401,6.791646,3.274865,,,,,
1,334,334.000000,agent_4,actor_logits,1,1,3,6.791646,-21.520401,3.516780,0.130681,0.971161,-21.520401,6.791646,3.274866,,,,,
1,334,334.000000,agent_5,actor_logits,1,1,3,6.791646,-21.520403,3.516780,0.130681,0.971161,-21.520403,6.791646,3.274866,,,,,
1,336,336.000000,agent_0,actor_logits,2,1,3,6.396626,-21.244081,1.780329,0.412626,0.855738,-21.244081,4.616298,6.396626,,,,,
1,336,336.000000,agent_1,actor_logits,2,1,3,6.396627,-21.244081,1.780330,0.412626,0.855738,-21.244081,4.616297,6.396627,,,,,
1,336,336.000000,agent_2,actor_logits,2,1,3,6.396628,-21.244081,1.780332,0.412626,0.855738,-21.244081,4.616296,6.396628,,,,,
1,336,336.000000,agent_3,actor_logits,2,1,3,6.396627,-21.244081,1.780330,0.412626,0.855738,-21.244081,4.616297,6.396627,,,,,
1,336,336.000000,agent_4,actor_logits,2,1,3,6.396627,-21.244081,1.780330,0.412626,0.855738,-21.244081,4.616297,6.396627,,,,,
1,336,336.000000,agent_5,actor_logits,2,1,3,6.396627,-21.244081,1.780331,0.412626,0.855738,-21.244081,4.616297,6.396627,,,,,
1,338,338.000000,agent_0,actor_logits,3,1,4,11.239626,-16.333052,5.839446,0.023189,0.996723,-16.333052,3.358164,5.400180,11.239626,,,,
1,338,338.000000,agent_1,actor_logits,3,1,4,11.239626,-16.333052,5.839446,0.023189,0.996723,-16.333052,3.358164,5.400180,11.239626,,,,
1,338,338.000000,agent_2,actor_logits,3,1,4,11.239627,-16.333052,5.839446,0.023189,0.996723,-16.333052,3.358163,5.400181,11.239627,,,,
1,338,338.000000,agent_3,actor_logits,3,1,4,11.239626,-16.333052,5.839446,0.023189,0.996723,-16.333052,3.358163,5.400180,11.239626,,,,
1,338,338.000000,agent_4,actor_logits,3,1,4,11.239626,-16.333052,5.839446,0.023189,0.996723,-16.333052,3.358164,5.400180,11.239626,,,,
1,338,338.000000,agent_5,actor_logits,3,1,4,11.239626,-16.333052,5.839446,0.023189,0.996723,-16.333052,3.358164,5.400180,11.239626,,,,
1,340,340.000000,agent_0,actor_logits,3,1,4,7.025106,-2.878116,7.672554,0.007474,0.999165,-2.878116,-0.647448,-1.020757,7.025106,,,,
1,340,340.000000,agent_1,actor_logits,3,1,4,7.025107,-2.878116,7.672555,0.007474,0.999165,-2.878116,-0.647449,-1.020757,7.025107,,,,
1,340,340.000000,agent_2,actor_logits,3,1,4,7.025107,-2.878116,7.672556,0.007474,0.999165,-2.878116,-0.647449,-1.020757,7.025107,,,,
1,340,340.000000,agent_3,actor_logits,3,1,4,7.025106,-2.878115,7.672554,0.007474,0.999165,-2.878115,-0.647448,-1.020757,7.025106,,,,
1,340,340.000000,agent_4,actor_logits,3,1,4,7.025106,-2.878116,7.672554,0.007474,0.999165,-2.878116,-0.647448,-1.020757,7.025106,,,,
1,340,340.000000,agent_5,actor_logits,3,1,4,7.025106,-2.878115,7.672555,0.007474,0.999165,-2.878115,-0.647449,-1.020758,7.025106,,,,
1,342,342.000000,agent_0,actor_logits,1,1,4,6.334859,-2.987897,8.214787,0.005113,0.999464,-1.879927,6.334859,-2.987897,-2.309136,,,,
1,342,342.000000,agent_1,actor_logits,1,1,4,6.334858,-2.987897,8.214786,0.005113,0.999464,-1.879927,6.334858,-2.987897,-2.309137,,,,
1,342,342.000000,agent_2,actor_logits,1,1,4,6.334858,-2.987897,8.214785,0.005113,0.999464,-1.879927,6.334858,-2.987897,-2.309136,,,,
1,342,342.000000,agent_3,actor_logits,1,1,4,6.334858,-2.987898,8.214786,0.005113,0.999464,-1.879928,6.334858,-2.987898,-2.309136,,,,
1,342,342.000000,agent_4,actor_logits,1,1,4,6.334858,-2.987897,8.214786,0.005113,0.999464,-1.879927,6.334858,-2.987897,-2.309137,,,,
1,342,342.000000,agent_5,actor_logits,1,1,4,6.334858,-2.987897,8.214786,0.005113,0.999464,-1.879927,6.334858,-2.987897,-2.309137,,,,
1,344,344.000000,agent_0,actor_logits,0,1,4,12.519753,-13.113924,8.528679,0.001889,0.999802,12.519753,-13.113924,-2.342014,3.991074,,,,
1,344,344.000000,agent_1,actor_logits,0,1,4,12.519753,-13.113924,8.528679,0.001889,0.999802,12.519753,-13.113924,-2.342014,3.991075,,,,
1,344,344.000000,agent_2,actor_logits,0,1,4,12.519753,-13.113924,8.528679,0.001889,0.999802,12.519753,-13.113924,-2.342014,3.991074,,,,
1,344,344.000000,agent_3,actor_logits,0,1,4,12.519753,-13.113924,8.528679,0.001889,0.999802,12.519753,-13.113924,-2.342014,3.991075,,,,
1,344,344.000000,agent_4,actor_logits,0,1,4,12.519753,-13.113924,8.528679,0.001889,0.999802,12.519753,-13.113924,-2.342014,3.991074,,,,
1,344,344.000000,agent_5,actor_logits,0,1,4,12.519754,-13.113925,8.528680,0.001889,0.999802,12.519754,-13.113925,-2.342014,3.991075,,,,
1,346,346.000000,agent_0,actor_logits,0,1,4,14.087612,-16.712410,8.516495,0.001910,0.999800,14.087612,-16.712410,-0.656640,5.571117,,,,
1,346,346.000000,agent_1,actor_logits,0,1,4,14.087611,-16.712410,8.516495,0.001910,0.999800,14.087611,-16.712410,-0.656639,5.571117,,,,
1,346,346.000000,agent_2,actor_logits,0,1,4,14.087611,-16.712410,8.516494,0.001910,0.999800,14.087611,-16.712410,-0.656640,5.571117,,,,
1,346,346.000000,agent_3,actor_logits,0,1,4,14.087612,-16.712410,8.516495,0.001910,0.999800,14.087612,-16.712410,-0.656640,5.571117,,,,
1,346,346.000000,agent_4,actor_logits,0,1,4,14.087612,-16.712410,8.516496,0.001910,0.999800,14.087612,-16.712410,-0.656640,5.571116,,,,
1,346,346.000000,agent_5,actor_logits,0,1,4,14.087612,-16.712410,8.516495,0.001910,0.999800,14.087612,-16.712410,-0.656639,5.571117,,,,
1,348,348.000000,agent_0,actor_logits,3,1,4,3.136129,-5.334543,0.778988,0.697955,0.674024,-5.334543,-0.571033,2.357141,3.136129,,,,
1,348,348.000000,agent_1,actor_logits,3,1,4,3.136129,-5.334544,0.778988,0.697955,0.674024,-5.334544,-0.571033,2.357141,3.136129,,,,
1,348,348.000000,agent_2,actor_logits,3,1,4,3.136130,-5.334543,0.778989,0.697955,0.674024,-5.334543,-0.571033,2.357141,3.136130,,,,
1,348,348.000000,agent_3,actor_logits,3,1,4,3.136129,-5.334543,0.778989,0.697955,0.674024,-5.334543,-0.571032,2.357141,3.136129,,,,
1,348,348.000000,agent_4,actor_logits,3,1,4,3.136129,-5.334543,0.778988,0.697955,0.674024,-5.334543,-0.571033,2.357141,3.136129,,,,
1,348,348.000000,agent_5,actor_logits,3,1,4,3.136129,-5.334543,0.778987,0.697955,0.674024,-5.334543,-0.571033,2.357141,3.136129,,,,
1,350,350.000000,agent_0,actor_logits,0,1,4,9.427437,-9.174901,5.934006,0.018387,0.997354,9.427437,-9.174901,-2.690722,3.493431,,,,
1,350,350.000000,agent_1,actor_logits,0,1,4,9.427437,-9.174902,5.934006,0.018387,0.997354,9.427437,-9.174902,-2.690721,3.493431,,,,
1,350,350.000000,agent_2,actor_logits,0,1,4,9.427437,-9.174902,5.934005,0.018387,0.997354,9.427437,-9.174902,-2.690722,3.493432,,,,
1,350,350.000000,agent_3,actor_logits,0,1,4,9.427437,-9.174901,5.934005,0.018387,0.997354,9.427437,-9.174901,-2.690722,3.493432,,,,
1,350,350.000000,agent_4,actor_logits,0,1,4,9.427437,-9.174900,5.934005,0.018387,0.997354,9.427437,-9.174900,-2.690722,3.493432,,,,
1,350,350.000000,agent_5,actor_logits,0,1,4,9.427437,-9.174902,5.934005,0.018387,0.997354,9.427437,-9.174902,-2.690722,3.493432,,,,
1,352,352.000000,agent_0,actor_logits,1,1,4,1.301066,-2.118516,0.447597,0.960785,0.553675,-2.118516,1.301066,-0.707171,0.853469,,,,
1,352,352.000000,agent_1,actor_logits,1,1,4,1.301066,-2.118515,0.447597,0.960785,0.553675,-2.118515,1.301066,-0.707171,0.853469,,,,
1,352,352.000000,agent_2,actor_logits,1,1,4,1.301066,-2.118516,0.447597,0.960785,0.553675,-2.118516,1.301066,-0.707170,0.853469,,,,
1,352,352.000000,agent_3,actor_logits,1,1,4,1.301065,-2.118515,0.447596,0.960785,0.553675,-2.118515,1.301065,-0.707171,0.853469,,,,
1,352,352.000000,agent_4,actor_logits,1,1,4,1.301065,-2.118516,0.447596,0.960785,0.553675,-2.118516,1.301065,-0.707171,0.853469,,,,
1,352,352.000000,agent_5,actor_logits,1,1,4,1.301065,-2.118515,0.447596,0.960785,0.553675,-2.118515,1.301065,-0.707171,0.853469,,,,
1,354,354.000000,agent_0,actor_logits,3,1,4,3.574065,-5.472227,1.561278,0.611702,0.793410,2.012787,0.586253,-5.472227,3.574065,,,,
1,354,354.000000,agent_1,actor_logits,3,1,4,3.574064,-5.472227,1.561276,0.611702,0.793409,2.012787,0.586253,-5.472227,3.574064,,,,
1,354,354.000000,agent_2,actor_logits,3,1,4,3.574064,-5.472228,1.561277,0.611702,0.793409,2.012787,0.586253,-5.472228,3.574064,,,,
1,354,354.000000,agent_3,actor_logits,3,1,4,3.574064,-5.472228,1.561277,0.611702,0.793409,2.012787,0.586253,-5.472228,3.574064,,,,
1,354,354.000000,agent_4,actor_logits,3,1,4,3.574065,-5.472227,1.561279,0.611702,0.793410,2.012786,0.586253,-5.472227,3.574065,,,,
1,354,354.000000,agent_5,actor_logits,3,1,4,3.574064,-5.472228,1.561277,0.611702,0.793409,2.012787,0.586253,-5.472228,3.574064,,,,
1,356,356.000000,agent_0,actor_logits,0,1,4,9.700251,-6.629757,7.237112,0.005929,0.999281,9.700251,-6.629757,-5.024869,2.463139,,,,
1,356,356.000000,agent_1,actor_logits,0,1,4,9.700250,-6.629757,7.237111,0.005929,0.999281,9.700250,-6.629757,-5.024868,2.463139,,,,
1,356,356.000000,agent_2,actor_logits,0,1,4,9.700249,-6.629756,7.237110,0.005929,0.999281,9.700249,-6.629756,-5.024868,2.463139,,,,
1,356,356.000000,agent_3,actor_logits,0,1,4,9.700250,-6.629756,7.237111,0.005929,0.999281,9.700250,-6.629756,-5.024869,2.463139,,,,
1,356,356.000000,agent_4,actor_logits,0,1,4,9.700249,-6.629757,7.237110,0.005929,0.999281,9.700249,-6.629757,-5.024868,2.463139,,,,
1,356,356.000000,agent_5,actor_logits,0,1,4,9.700249,-6.629756,7.237110,0.005929,0.999281,9.700249,-6.629756,-5.024869,2.463139,,,,
1,358,358.000000,agent_0,actor_logits,1,1,4,3.405477,-3.538006,2.392558,0.302922,0.914442,1.012919,3.405477,-3.538006,-3.317748,,,,
1,358,358.000000,agent_1,actor_logits,1,1,4,3.405477,-3.538006,2.392558,0.302922,0.914442,1.012919,3.405477,-3.538006,-3.317747,,,,
1,358,358.000000,agent_2,actor_logits,1,1,4,3.405477,-3.538006,2.392558,0.302922,0.914442,1.012919,3.405477,-3.538006,-3.317747,,,,
1,358,358.000000,agent_3,actor_logits,1,1,4,3.405477,-3.538006,2.392558,0.302922,0.914442,1.012919,3.405477,-3.538006,-3.317747,,,,
1,358,358.000000,agent_4,actor_logits,1,1,4,3.405477,-3.538006,2.392558,0.302922,0.914442,1.012919,3.405477,-3.538006,-3.317748,,,,
1,358,358.000000,agent_5,actor_logits,1,1,4,3.405477,-3.538006,2.392558,0.302922,0.914442,1.012919,3.405477,-3.538006,-3.317748,,,,
1,360,360.000000,agent_0,actor_logits,0,1,4,6.913328,-10.533364,3.812434,0.116209,0.976785,6.913328,0.519596,-10.533364,3.100894,,,,
1,360,360.000000,agent_1,actor_logits,0,1,4,6.913328,-10.533364,3.812434,0.116209,0.976785,6.913328,0.519595,-10.533364,3.100894,,,,
1,360,360.000000,agent_2,actor_logits,0,1,4,6.913329,-10.533364,3.812434,0.116209,0.976785,6.913329,0.519595,-10.533364,3.100895,,,,
1,360,360.000000,agent_3,actor_logits,0,1,4,6.913328,-10.533364,3.812433,0.116209,0.976785,6.913328,0.519595,-10.533364,3.100895,,,,
1,360,360.000000,agent_4,actor_logits,0,1,4,6.913329,-10.533364,3.812434,0.116209,0.976785,6.913329,0.519594,-10.533364,3.100894,,,,
1,360,360.000000,agent_5,actor_logits,0,1,4,6.913329,-10.533365,3.812434,0.116209,0.976785,6.913329,0.519595,-10.533365,3.100895,,,,
1,362,362.000000,agent_0,actor_logits,0,1,3,10.138752,-16.583479,8.755445,0.001537,0.999842,10.138752,1.383307,-16.583479,,,,,
1,362,362.000000,agent_1,actor_logits,0,1,3,10.138752,-16.583479,8.755445,0.001537,0.999842,10.138752,1.383307,-16.583479,,,,,
1,362,362.000000,agent_2,actor_logits,0,1,3,10.138751,-16.583479,8.755444,0.001537,0.999842,10.138751,1.383307,-16.583479,,,,,
1,362,362.000000,agent_3,actor_logits,0,1,3,10.138751,-16.583479,8.755444,0.001537,0.999842,10.138751,1.383308,-16.583479,,,,,
1,362,362.000000,agent_4,actor_logits,0,1,3,10.138751,-16.583479,8.755444,0.001537,0.999842,10.138751,1.383307,-16.583479,,,,,
1,362,362.000000,agent_5,actor_logits,0,1,3,10.138751,-16.583479,8.755444,0.001537,0.999842,10.138751,1.383307,-16.583479,,,,,
1,364,364.000000,agent_0,actor_logits,0,1,2,-6.346082,-9.590167,3.244085,0.160046,0.962460,-6.346082,-9.590167,,,,,,
1,364,364.000000,agent_1,actor_logits,0,1,2,-6.346083,-9.590167,3.244084,0.160046,0.962460,-6.346083,-9.590167,,,,,,
1,364,364.000000,agent_2,actor_logits,0,1,2,-6.346083,-9.590167,3.244084,0.160046,0.962460,-6.346083,-9.590167,,,,,,
1,364,364.000000,agent_3,actor_logits,0,1,2,-6.346083,-9.590168,3.244085,0.160046,0.962460,-6.346083,-9.590168,,,,,,
1,364,364.000000,agent_4,actor_logits,0,1,2,-6.346083,-9.590167,3.244084,0.160046,0.962460,-6.346083,-9.590167,,,,,,
1,364,364.000000,agent_5,actor_logits,0,1,2,-6.346082,-9.590167,3.244085,0.160046,0.962460,-6.346082,-9.590167,,,,,,
1,366,366.000000,agent_0,actor_logits,1,1,3,2.937214,-6.042305,7.197541,0.007386,0.999126,-4.260327,2.937214,-6.042305,,,,,
1,366,366.000000,agent_1,actor_logits,1,1,3,2.937214,-6.042305,7.197542,0.007386,0.999126,-4.260328,2.937214,-6.042305,,,,,
1,366,366.000000,agent_2,actor_logits,1,1,3,2.937214,-6.042305,7.197541,0.007386,0.999126,-4.260327,2.937214,-6.042305,,,,,
1,366,366.000000,agent_3,actor_logits,1,1,3,2.937214,-6.042306,7.197540,0.007386,0.999126,-4.260326,2.937214,-6.042306,,,,,
1,366,366.000000,agent_4,actor_logits,1,1,3,2.937214,-6.042305,7.197542,0.007386,0.999126,-4.260328,2.937214,-6.042305,,,,,
1,366,366.000000,agent_5,actor_logits,1,1,3,2.937215,-6.042306,7.197542,0.007386,0.999126,-4.260328,2.937215,-6.042306,,,,,
1,368,368.000000,agent_0,actor_logits,1,1,3,7.738688,-15.840570,11.706860,0.000105,0.999992,-15.840570,7.738688,-3.968172,,,,,
1,368,368.000000,agent_1,actor_logits,1,1,3,7.738687,-15.840571,11.706859,0.000105,0.999992,-15.840571,7.738687,-3.968172,,,,,
1,368,368.000000,agent_2,actor_logits,1,1,3,7.738687,-15.840570,11.706859,0.000105,0.999992,-15.840570,7.738687,-3.968171,,,,,
1,368,368.000000,agent_3,actor_logits,1,1,3,7.738688,-15.840570,11.706861,0.000105,0.999992,-15.840570,7.738688,-3.968173,,,,,
1,368,368.000000,agent_4,actor_logits,1,1,3,7.738688,-15.840571,11.706860,0.000105,0.999992,-15.840571,7.738688,-3.968172,,,,,
1,368,368.000000,agent_5,actor_logits,1,1,3,7.738688,-15.840571,11.706860,0.000105,0.999992,-15.840571,7.738688,-3.968171,,,,,
1,370,370.000000,agent_0,actor_logits,1,1,3,7.262914,-20.635607,7.344644,0.005388,0.999354,-20.635607,7.262914,-0.081730,,,,,
1,370,370.000000,agent_1,actor_logits,1,1,3,7.262914,-20.635607,7.344643,0.005388,0.999354,-20.635607,7.262914,-0.081730,,,,,
1,370,370.000000,agent_2,actor_logits,1,1,3,7.262914,-20.635607,7.344643,0.005388,0.999354,-20.635607,7.262914,-0.081729,,,,,
1,370,370.000000,agent_3,actor_logits,1,1,3,7.262914,-20.635605,7.344645,0.005388,0.999354,-20.635605,7.262914,-0.081730,,,,,
1,370,370.000000,agent_4,actor_logits,1,1,3,7.262914,-20.635607,7.344644,0.005388,0.999354,-20.635607,7.262914,-0.081730,,,,,
1,370,370.000000,agent_5,actor_logits,1,1,3,7.262913,-20.635607,7.344642,0.005388,0.999354,-20.635607,7.262913,-0.081729,,,,,
1,372,372.000000,agent_0,actor_logits,1,1,3,7.269520,-22.184240,4.101808,0.083158,0.983726,-22.184240,7.269520,3.167713,,,,,
1,372,372.000000,agent_1,actor_logits,1,1,3,7.269520,-22.184244,4.101807,0.083158,0.983726,-22.184244,7.269520,3.167713,,,,,
1,372,372.000000,agent_2,actor_logits,1,1,3,7.269519,-22.184242,4.101806,0.083158,0.983726,-22.184242,7.269519,3.167713,,,,,
1,372,372.000000,agent_3,actor_logits,1,1,3,7.269520,-22.184242,4.101808,0.083158,0.983726,-22.184242,7.269520,3.167713,,,,,
1,372,372.000000,agent_4,actor_logits,1,1,3,7.269520,-22.184240,4.101807,0.083158,0.983726,-22.184240,7.269520,3.167713,,,,,
1,372,372.000000,agent_5,actor_logits,1,1,3,7.269519,-22.184242,4.101806,0.083158,0.983726,-22.184242,7.269519,3.167714,,,,,
1,374,374.000000,agent_0,actor_logits,2,1,3,9.455441,-18.452814,10.036366,0.000483,0.999956,-18.452814,-0.580925,9.455441,,,,,
1,374,374.000000,agent_1,actor_logits,2,1,3,9.455441,-18.452814,10.036366,0.000483,0.999956,-18.452814,-0.580925,9.455441,,,,,
1,374,374.000000,agent_2,actor_logits,2,1,3,9.455441,-18.452814,10.036367,0.000483,0.999956,-18.452814,-0.580926,9.455441,,,,,
1,374,374.000000,agent_3,actor_logits,2,1,3,9.455441,-18.452814,10.036366,0.000483,0.999956,-18.452814,-0.580925,9.455441,,,,,
1,374,374.000000,agent_4,actor_logits,2,1,3,9.455441,-18.452814,10.036366,0.000483,0.999956,-18.452814,-0.580925,9.455441,,,,,
1,374,374.000000,agent_5,actor_logits,2,1,3,9.455441,-18.452812,10.036366,0.000483,0.999956,-18.452812,-0.580926,9.455441,,,,,
1,376,376.000000,agent_0,actor_logits,3,1,4,8.834150,-6.874563,6.328249,0.013318,0.998196,-6.874563,2.505901,-1.901335,8.834150,,,,
1,376,376.000000,agent_1,actor_logits,3,1,4,8.834150,-6.874563,6.328249,0.013318,0.998196,-6.874563,2.505901,-1.901335,8.834150,,,,
1,376,376.000000,agent_2,actor_logits,3,1,4,8.834150,-6.874563,6.328250,0.013318,0.998196,-6.874563,2.505901,-1.901334,8.834150,,,,
1,376,376.000000,agent_3,actor_logits,3,1,4,8.834150,-6.874563,6.328249,0.013318,0.998196,-6.874563,2.505901,-1.901335,8.834150,,,,
1,376,376.000000,agent_4,actor_logits,3,1,4,8.834151,-6.874563,6.328250,0.013318,0.998196,-6.874563,2.505901,-1.901335,8.834151,,,,
1,376,376.000000,agent_5,actor_logits,3,1,4,8.834150,-6.874563,6.328250,0.013318,0.998196,-6.874563,2.505900,-1.901334,8.834150,,,,
1,378,378.000000,agent_0,actor_logits,3,1,4,5.698453,-3.324697,5.296511,0.041086,0.993812,-1.116619,0.401942,-3.324697,5.698453,,,,
1,378,378.000000,agent_1,actor_logits,3,1,4,5.698453,-3.324697,5.296511,0.041086,0.993812,-1.116619,0.401942,-3.324697,5.698453,,,,
1,378,378.000000,agent_2,actor_logits,3,1,4,5.698453,-3.324697,5.296512,0.041086,0.993812,-1.116619,0.401942,-3.324697,5.698453,,,,
1,378,378.000000,agent_3,actor_logits,3,1,4,5.698453,-3.324697,5.296511,0.041086,0.993812,-1.116619,0.401943,-3.324697,5.698453,,,,
1,378,378.000000,agent_4,actor_logits,3,1,4,5.698453,-3.324696,5.296511,0.041086,0.993812,-1.116619,0.401942,-3.324696,5.698453,,,,
1,378,378.000000,agent_5,actor_logits,3,1,4,5.698454,-3.324697,5.296512,0.041086,0.993812,-1.116619,0.401942,-3.324697,5.698454,,,,
1,380,380.000000,agent_0,actor_logits,1,1,4,3.807899,-5.966308,2.624358,0.467648,0.873545,1.183541,3.807899,-5.966308,1.179826,,,,
1,380,380.000000,agent_1,actor_logits,1,1,4,3.807899,-5.966307,2.624358,0.467649,0.873545,1.183541,3.807899,-5.966307,1.179827,,,,
1,380,380.000000,agent_2,actor_logits,1,1,4,3.807898,-5.966307,2.624357,0.467649,0.873545,1.183541,3.807898,-5.966307,1.179827,,,,
1,380,380.000000,agent_3,actor_logits,1,1,4,3.807899,-5.966308,2.624357,0.467649,0.873545,1.183541,3.807899,-5.966308,1.179827,,,,
1,380,380.000000,agent_4,actor_logits,1,1,4,3.807899,-5.966307,2.624357,0.467649,0.873545,1.183541,3.807899,-5.966307,1.179826,,,,
1,380,380.000000,agent_5,actor_logits,1,1,4,3.807898,-5.966307,2.624357,0.467649,0.873545,1.183541,3.807898,-5.966307,1.179827,,,,
1,382,382.000000,agent_0,actor_logits,0,1,4,7.076458,-10.341908,4.717752,0.071069,0.988150,7.076458,2.358707,-10.341908,1.286263,,,,
1,382,382.000000,agent_1,actor_logits,0,1,4,7.076459,-10.341908,4.717752,0.071069,0.988150,7.076459,2.358706,-10.341908,1.286263,,,,
1,382,382.000000,agent_2,actor_logits,0,1,4,7.076458,-10.341908,4.717752,0.071069,0.988150,7.076458,2.358706,-10.341908,1.286263,,,,
1,382,382.000000,agent_3,actor_logits,0,1,4,7.076458,-10.341908,4.717752,0.071069,0.988150,7.076458,2.358706,-10.341908,1.286263,,,,
1,382,382.000000,agent_4,actor_logits,0,1,4,7.076459,-10.341908,4.717752,0.071069,0.988150,7.076459,2.358707,-10.341908,1.286263,,,,
1,382,382.000000,agent_5,actor_logits,0,1,4,7.076459,-10.341908,4.717753,0.071069,0.988150,7.076459,2.358706,-10.341908,1.286263,,,,
1,384,384.000000,agent_0,actor_logits,0,1,4,10.539557,-11.586422,6.752076,0.009088,0.998830,10.539557,-11.586422,-2.217046,3.787480,,,,
1,384,384.000000,agent_1,actor_logits,0,1,4,10.539557,-11.586422,6.752077,0.009088,0.998830,10.539557,-11.586422,-2.217047,3.787481,,,,
1,384,384.000000,agent_2,actor_logits,0,1,4,10.539557,-11.586422,6.752077,0.009088,0.998830,10.539557,-11.586422,-2.217046,3.787480,,,,
1,384,384.000000,agent_3,actor_logits,0,1,4,10.539557,-11.586422,6.752077,0.009088,0.998830,10.539557,-11.586422,-2.217047,3.787480,,,,
1,384,384.000000,agent_4,actor_logits,0,1,4,10.539557,-11.586422,6.752076,0.009088,0.998830,10.539557,-11.586422,-2.217046,3.787480,,,,
1,384,384.000000,agent_5,actor_logits,0,1,4,10.539557,-11.586422,6.752077,0.009088,0.998830,10.539557,-11.586422,-2.217046,3.787480,,,,
1,386,386.000000,agent_0,actor_logits,3,1,4,4.049204,-4.736596,0.521825,0.666804,0.627044,-4.736596,-2.679590,3.527379,4.049204,,,,
1,386,386.000000,agent_1,actor_logits,3,1,4,4.049204,-4.736597,0.521825,0.666804,0.627044,-4.736597,-2.679590,3.527379,4.049204,,,,
1,386,386.000000,agent_2,actor_logits,3,1,4,4.049205,-4.736596,0.521826,0.666804,0.627044,-4.736596,-2.679590,3.527379,4.049205,,,,
1,386,386.000000,agent_3,actor_logits,3,1,4,4.049204,-4.736597,0.521825,0.666804,0.627043,-4.736597,-2.679589,3.527379,4.049204,,,,
1,386,386.000000,agent_4,actor_logits,3,1,4,4.049204,-4.736596,0.521825,0.666804,0.627044,-4.736596,-2.679590,3.527379,4.049204,,,,
1,386,386.000000,agent_5,actor_logits,3,1,4,4.049204,-4.736596,0.521824,0.666804,0.627043,-4.736596,-2.679590,3.527380,4.049204,,,,
1,388,388.000000,agent_0,actor_logits,0,1,4,7.560338,-7.455149,5.132248,0.036521,0.994085,7.560338,-2.405314,-7.455149,2.428089,,,,
1,388,388.000000,agent_1,actor_logits,0,1,4,7.560338,-7.455149,5.132248,0.036521,0.994085,7.560338,-2.405314,-7.455149,2.428090,,,,
1,388,388.000000,agent_2,actor_logits,0,1,4,7.560338,-7.455149,5.132247,0.036521,0.994085,7.560338,-2.405314,-7.455149,2.428090,,,,
1,388,388.000000,agent_3,actor_logits,0,1,4,7.560337,-7.455149,5.132247,0.036521,0.994085,7.560337,-2.405314,-7.455149,2.428090,,,,
1,388,388.000000,agent_4,actor_logits,0,1,4,7.560338,-7.455149,5.132247,0.036521,0.994085,7.560338,-2.405315,-7.455149,2.428090,,,,
1,388,388.000000,agent_5,actor_logits,0,1,4,7.560338,-7.455149,5.132249,0.036521,0.994085,7.560338,-2.405315,-7.455149,2.428090,,,,
1,390,390.000000,agent_0,actor_logits,2,1,4,2.661294,-2.857750,1.789434,0.488326,0.844435,-1.669356,-2.857750,2.661294,0.871860,,,,
1,390,390.000000,agent_1,actor_logits,2,1,4,2.661294,-2.857750,1.789433,0.488326,0.844435,-1.669356,-2.857750,2.661294,0.871860,,,,
1,390,390.000000,agent_2,actor_logits,2,1,4,2.661294,-2.857751,1.789434,0.488326,0.844435,-1.669356,-2.857751,2.661294,0.871860,,,,
1,390,390.000000,agent_3,actor_logits,2,1,4,2.661293,-2.857750,1.789433,0.488326,0.844435,-1.669355,-2.857750,2.661293,0.871861,,,,
1,390,390.000000,agent_4,actor_logits,2,1,4,2.661294,-2.857751,1.789433,0.488326,0.844435,-1.669356,-2.857751,2.661294,0.871861,,,,
1,390,390.000000,agent_5,actor_logits,2,1,4,2.661295,-2.857751,1.789435,0.488326,0.844435,-1.669356,-2.857751,2.661295,0.871860,,,,
1,392,392.000000,agent_0,actor_logits,0,1,4,13.444401,-10.843525,13.133743,0.000029,0.999998,13.444401,-10.843525,-3.188542,0.310658,,,,
1,392,392.000000,agent_1,actor_logits,0,1,4,13.444401,-10.843525,13.133743,0.000029,0.999998,13.444401,-10.843525,-3.188543,0.310657,,,,
1,392,392.000000,agent_2,actor_logits,0,1,4,13.444401,-10.843523,13.133743,0.000029,0.999998,13.444401,-10.843523,-3.188542,0.310657,,,,
1,392,392.000000,agent_3,actor_logits,0,1,4,13.444401,-10.843525,13.133743,0.000029,0.999998,13.444401,-10.843525,-3.188543,0.310657,,,,
1,392,392.000000,agent_4,actor_logits,0,1,4,13.444399,-10.843524,13.133741,0.000029,0.999998,13.444399,-10.843524,-3.188542,0.310658,,,,
1,392,392.000000,agent_5,actor_logits,0,1,4,13.444401,-10.843525,13.133743,0.000029,0.999998,13.444401,-10.843525,-3.188542,0.310658,,,,
1,394,394.000000,agent_0,actor_logits,1,1,3,9.082466,-7.437289,15.714726,0.000004,1.000000,-7.437289,9.082466,-6.632260,,,,,
1,394,394.000000,agent_1,actor_logits,1,1,3,9.082466,-7.437289,15.714726,0.000004,1.000000,-7.437289,9.082466,-6.632260,,,,,
1,394,394.000000,agent_2,actor_logits,1,1,3,9.082466,-7.437289,15.714725,0.000004,1.000000,-7.437289,9.082466,-6.632260,,,,,
1,394,394.000000,agent_3,actor_logits,1,1,3,9.082465,-7.437289,15.714725,0.000004,1.000000,-7.437289,9.082465,-6.632260,,,,,
1,394,394.000000,agent_4,actor_logits,1,1,3,9.082467,-7.437290,15.714727,0.000004,1.000000,-7.437290,9.082467,-6.632260,,,,,
1,394,394.000000,agent_5,actor_logits,1,1,3,9.082466,-7.437289,15.714725,0.000004,1.000000,-7.437289,9.082466,-6.632259,,,,,
1,396,396.000000,agent_0,actor_logits,1,1,3,10.826258,-13.363622,17.410025,0.000000,1.000000,-13.363622,10.826258,-6.583766,,,,,
1,396,396.000000,agent_1,actor_logits,1,1,3,10.826259,-13.363622,17.410025,0.000000,1.000000,-13.363622,10.826259,-6.583766,,,,,
1,396,396.000000,agent_2,actor_logits,1,1,3,10.826259,-13.363622,17.410025,0.000000,1.000000,-13.363622,10.826259,-6.583766,,,,,
1,396,396.000000,agent_3,actor_logits,1,1,3,10.826258,-13.363622,17.410023,0.000000,1.000000,-13.363622,10.826258,-6.583766,,,,,
1,396,396.000000,agent_4,actor_logits,1,1,3,10.826259,-13.363623,17.410025,0.000000,1.000000,-13.363623,10.826259,-6.583766,,,,,
1,396,396.000000,agent_5,actor_logits,1,1,3,10.826259,-13.363622,17.410025,0.000000,1.000000,-13.363622,10.826259,-6.583766,,,,,
1,398,398.000000,agent_0,actor_logits,2,1,4,7.412296,-4.538865,9.163799,0.001564,0.999852,-2.788464,-4.538865,7.412296,-1.751503,,,,
1,398,398.000000,agent_1,actor_logits,2,1,4,7.412296,-4.538866,9.163800,0.001564,0.999852,-2.788464,-4.538866,7.412296,-1.751504,,,,
1,398,398.000000,agent_2,actor_logits,2,1,4,7.412296,-4.538866,9.163799,0.001564,0.999852,-2.788464,-4.538866,7.412296,-1.751504,,,,
1,398,398.000000,agent_3,actor_logits,2,1,4,7.412296,-4.538865,9.163800,0.001564,0.999852,-2.788464,-4.538865,7.412296,-1.751504,,,,
1,398,398.000000,agent_4,actor_logits,2,1,4,7.412296,-4.538865,9.163800,0.001564,0.999852,-2.788464,-4.538865,7.412296,-1.751504,,,,
1,398,398.000000,agent_5,actor_logits,2,1,4,7.412296,-4.538865,9.163800,0.001564,0.999852,-2.788464,-4.538865,7.412296,-1.751504,,,,
1,400,400.000000,agent_0,actor_logits,1,1,4,5.124635,-9.313542,1.437546,0.490158,0.807977,-3.686232,5.124635,3.687089,-9.313542,,,,
1,400,400.000000,agent_1,actor_logits,1,1,4,5.124635,-9.313542,1.437546,0.490158,0.807977,-3.686233,5.124635,3.687089,-9.313542,,,,
1,400,400.000000,agent_2,actor_logits,1,1,4,5.124635,-9.313542,1.437546,0.490158,0.807977,-3.686232,5.124635,3.687089,-9.313542,,,,
1,400,400.000000,agent_3,actor_logits,1,1,4,5.124636,-9.313543,1.437547,0.490158,0.807977,-3.686232,5.124636,3.687088,-9.313543,,,,
1,400,400.000000,agent_4,actor_logits,1,1,4,5.124637,-9.313543,1.437549,0.490158,0.807977,-3.686232,5.124637,3.687088,-9.313543,,,,
1,400,400.000000,agent_5,actor_logits,1,1,4,5.124635,-9.313543,1.437547,0.490158,0.807977,-3.686232,5.124635,3.687088,-9.313543,,,,
1,402,402.000000,agent_0,actor_logits,0,1,4,9.145432,-6.432041,6.632211,0.010065,0.998683,9.145432,-4.302120,-6.432041,2.513221,,,,
1,402,402.000000,agent_1,actor_logits,0,1,4,9.145432,-6.432041,6.632211,0.010065,0.998683,9.145432,-4.302120,-6.432041,2.513221,,,,
1,402,402.000000,agent_2,actor_logits,0,1,4,9.145432,-6.432041,6.632211,0.010065,0.998683,9.145432,-4.302120,-6.432041,2.513221,,,,
1,402,402.000000,agent_3,actor_logits,0,1,4,9.145432,-6.432040,6.632211,0.010065,0.998683,9.145432,-4.302120,-6.432040,2.513221,,,,
1,402,402.000000,agent_4,actor_logits,0,1,4,9.145432,-6.432041,6.632211,0.010065,0.998683,9.145432,-4.302119,-6.432041,2.513221,,,,
1,402,402.000000,agent_5,actor_logits,0,1,4,9.145432,-6.432041,6.632211,0.010065,0.998683,9.145432,-4.302120,-6.432041,2.513220,,,,
1,404,404.000000,agent_0,actor_logits,0,1,4,10.489532,-10.457411,8.073728,0.002882,0.999684,10.489532,-10.457411,-1.913503,2.415804,,,,
1,404,404.000000,agent_1,actor_logits,0,1,4,10.489532,-10.457411,8.073729,0.002882,0.999684,10.489532,-10.457411,-1.913502,2.415804,,,,
1,404,404.000000,agent_2,actor_logits,0,1,4,10.489532,-10.457411,8.073729,0.002882,0.999684,10.489532,-10.457411,-1.913503,2.415804,,,,
1,404,404.000000,agent_3,actor_logits,0,1,4,10.489532,-10.457411,8.073729,0.002882,0.999684,10.489532,-10.457411,-1.913502,2.415804,,,,
1,404,404.000000,agent_4,actor_logits,0,1,4,10.489532,-10.457411,8.073729,0.002882,0.999684,10.489532,-10.457411,-1.913503,2.415804,,,,
1,404,404.000000,agent_5,actor_logits,0,1,4,10.489532,-10.457411,8.073729,0.002882,0.999684,10.489532,-10.457411,-1.913503,2.415804,,,,
1,406,406.000000,agent_0,actor_logits,0,1,3,1.272117,-6.985832,0.355293,0.679002,0.587811,1.272117,0.916824,-6.985832,,,,,
1,406,406.000000,agent_1,actor_logits,0,1,3,1.272118,-6.985832,0.355294,0.679002,0.587811,1.272118,0.916824,-6.985832,,,,,
1,406,406.000000,agent_2,actor_logits,0,1,3,1.272118,-6.985832,0.355294,0.679002,0.587811,1.272118,0.916824,-6.985832,,,,,
1,406,406.000000,agent_3,actor_logits,0,1,3,1.272118,-6.985832,0.355294,0.679002,0.587811,1.272118,0.916823,-6.985832,,,,,
1,406,406.000000,agent_4,actor_logits,0,1,3,1.272118,-6.985832,0.355294,0.679002,0.587811,1.272118,0.916824,-6.985832,,,,,
1,406,406.000000,agent_5,actor_logits,0,1,3,1.272118,-6.985832,0.355294,0.679002,0.587811,1.272118,0.916824,-6.985832,,,,,
1,408,408.000000,agent_0,actor_logits,0,1,3,5.622556,-6.270394,9.215221,0.001105,0.999894,5.622556,-3.592666,-6.270394,,,,,
1,408,408.000000,agent_1,actor_logits,0,1,3,5.622555,-6.270393,9.215220,0.001105,0.999894,5.622555,-3.592665,-6.270393,,,,,
1,408,408.000000,agent_2,actor_logits,0,1,3,5.622555,-6.270393,9.215221,0.001105,0.999894,5.622555,-3.592666,-6.270393,,,,,
1,408,408.000000,agent_3,actor_logits,0,1,3,5.622556,-6.270393,9.215221,0.001105,0.999894,5.622556,-3.592666,-6.270393,,,,,
1,408,408.000000,agent_4,actor_logits,0,1,3,5.622556,-6.270393,9.215222,0.001105,0.999894,5.622556,-3.592666,-6.270393,,,,,
1,408,408.000000,agent_5,actor_logits,0,1,3,5.622555,-6.270393,9.215221,0.001105,0.999894,5.622555,-3.592666,-6.270393,,,,,
1,410,410.000000,agent_0,actor_logits,0,1,3,3.339480,-4.004940,5.756824,0.026657,0.996207,3.339480,-4.004940,-2.417344,,,,,
1,410,410.000000,agent_1,actor_logits,0,1,3,3.339480,-4.004940,5.756824,0.026657,0.996207,3.339480,-4.004940,-2.417344,,,,,
1,410,410.000000,agent_2,actor_logits,0,1,3,3.339479,-4.004941,5.756824,0.026657,0.996207,3.339479,-4.004941,-2.417344,,,,,
1,410,410.000000,agent_3,actor_logits,0,1,3,3.339480,-4.004940,5.756824,0.026657,0.996207,3.339480,-4.004940,-2.417344,,,,,
1,410,410.000000,agent_4,actor_logits,0,1,3,3.339480,-4.004941,5.756824,0.026657,0.996207,3.339480,-4.004941,-2.417344,,,,,
1,410,410.000000,agent_5,actor_logits,0,1,3,3.339479,-4.004941,5.756824,0.026657,0.996207,3.339479,-4.004941,-2.417344,,,,,
1,412,412.000000,agent_0,actor_logits,1,1,3,2.268236,-7.121553,2.341107,0.298136,0.912155,-0.072871,2.268236,-7.121553,,,,,
1,412,412.000000,agent_1,actor_logits,1,1,3,2.268237,-7.121554,2.341107,0.298136,0.912155,-0.072870,2.268237,-7.121554,,,,,
1,412,412.000000,agent_2,actor_logits,1,1,3,2.268237,-7.121554,2.341108,0.298136,0.912155,-0.072872,2.268237,-7.121554,,,,,
1,412,412.000000,agent_3,actor_logits,1,1,3,2.268237,-7.121554,2.341108,0.298136,0.912155,-0.072871,2.268237,-7.121554,,,,,
1,412,412.000000,agent_4,actor_logits,1,1,3,2.268237,-7.121554,2.341107,0.298136,0.912155,-0.072870,2.268237,-7.121554,,,,,
1,412,412.000000,agent_5,actor_logits,1,1,3,2.268237,-7.121553,2.341109,0.298136,0.912155,-0.072872,2.268237,-7.121553,,,,,
1,414,414.000000,agent_0,actor_logits,2,1,3,-0.364147,-3.571738,0.970983,0.700613,0.704640,-3.571738,-1.335129,-0.364147,,,,,
1,414,414.000000,agent_1,actor_logits,2,1,3,-0.364146,-3.571739,0.970983,0.700613,0.704640,-3.571739,-1.335129,-0.364146,,,,,
1,414,414.000000,agent_2,actor_logits,2,1,3,-0.364147,-3.571739,0.970982,0.700614,0.704640,-3.571739,-1.335129,-0.364147,,,,,
1,414,414.000000,agent_3,actor_logits,2,1,3,-0.364147,-3.571739,0.970982,0.700613,0.704640,-3.571739,-1.335128,-0.364147,,,,,
1,414,414.000000,agent_4,actor_logits,2,1,3,-0.364147,-3.571738,0.970982,0.700614,0.704640,-3.571738,-1.335129,-0.364147,,,,,
1,414,414.000000,agent_5,actor_logits,2,1,3,-0.364147,-3.571739,0.970982,0.700613,0.704640,-3.571739,-1.335129,-0.364147,,,,,
1,416,416.000000,agent_0,actor_logits,3,1,4,3.662488,-6.131490,2.332704,0.556394,0.837684,-6.131490,1.326126,1.329784,3.662488,,,,
1,416,416.000000,agent_1,actor_logits,3,1,4,3.662489,-6.131491,2.332704,0.556394,0.837684,-6.131491,1.326125,1.329785,3.662489,,,,
1,416,416.000000,agent_2,actor_logits,3,1,4,3.662489,-6.131492,2.332704,0.556394,0.837684,-6.131492,1.326125,1.329786,3.662489,,,,
1,416,416.000000,agent_3,actor_logits,3,1,4,3.662490,-6.131491,2.332705,0.556394,0.837684,-6.131491,1.326125,1.329785,3.662490,,,,
1,416,416.000000,agent_4,actor_logits,3,1,4,3.662488,-6.131491,2.332704,0.556394,0.837684,-6.131491,1.326126,1.329785,3.662488,,,,
1,416,416.000000,agent_5,actor_logits,3,1,4,3.662489,-6.131491,2.332703,0.556394,0.837684,-6.131491,1.326125,1.329786,3.662489,,,,
1,418,418.000000,agent_0,actor_logits,0,1,4,5.849986,-6.971155,2.069605,0.355635,0.887390,5.849986,-6.971155,-1.471358,3.780381,,,,
1,418,418.000000,agent_1,actor_logits,0,1,4,5.849985,-6.971156,2.069604,0.355635,0.887390,5.849985,-6.971156,-1.471357,3.780381,,,,
1,418,418.000000,agent_2,actor_logits,0,1,4,5.849985,-6.971156,2.069602,0.355636,0.887390,5.849985,-6.971156,-1.471357,3.780383,,,,
1,418,418.000000,agent_3,actor_logits,0,1,4,5.849985,-6.971156,2.069603,0.355635,0.887390,5.849985,-6.971156,-1.471357,3.780382,,,,
1,418,418.000000,agent_4,actor_logits,0,1,4,5.849986,-6.971156,2.069604,0.355635,0.887390,5.849986,-6.971156,-1.471358,3.780382,,,,
1,418,418.000000,agent_5,actor_logits,0,1,4,5.849985,-6.971156,2.069602,0.355635,0.887390,5.849985,-6.971156,-1.471357,3.780382,,,,
1,420,420.000000,agent_0,actor_logits,2,1,4,3.489856,-5.484313,2.516996,0.401215,0.895194,-5.484313,0.172492,3.489856,0.972860,,,,
1,420,420.000000,agent_1,actor_logits,2,1,4,3.489857,-5.484313,2.516998,0.401215,0.895194,-5.484313,0.172492,3.489857,0.972859,,,,
1,420,420.000000,agent_2,actor_logits,2,1,4,3.489858,-5.484313,2.516999,0.401215,0.895194,-5.484313,0.172491,3.489858,0.972859,,,,
1,420,420.000000,agent_3,actor_logits,2,1,4,3.489856,-5.484313,2.516998,0.401215,0.895194,-5.484313,0.172492,3.489856,0.972859,,,,
1,420,420.000000,agent_4,actor_logits,2,1,4,3.489856,-5.484312,2.516996,0.401215,0.895194,-5.484312,0.172493,3.489856,0.972860,,,,
1,420,420.000000,agent_5,actor_logits,2,1,4,3.489857,-5.484313,2.516998,0.401215,0.895194,-5.484313,0.172492,3.489857,0.972859,,,,
1,422,422.000000,agent_0,actor_logits,0,1,4,6.358044,-9.860520,3.402466,0.162602,0.964838,6.358044,-9.860520,0.598336,2.955579,,,,
1,422,422.000000,agent_1,actor_logits,0,1,4,6.358043,-9.860519,3.402465,0.162602,0.964838,6.358043,-9.860519,0.598336,2.955578,,,,
1,422,422.000000,agent_2,actor_logits,0,1,4,6.358043,-9.860519,3.402466,0.162602,0.964838,6.358043,-9.860519,0.598337,2.955577,,,,
1,422,422.000000,agent_3,actor_logits,0,1,4,6.358044,-9.860519,3.402466,0.162602,0.964838,6.358044,-9.860519,0.598336,2.955578,,,,
1,422,422.000000,agent_4,actor_logits,0,1,4,6.358045,-9.860519,3.402466,0.162602,0.964838,6.358045,-9.860519,0.598336,2.955579,,,,
1,422,422.000000,agent_5,actor_logits,0,1,4,6.358044,-9.860519,3.402466,0.162602,0.964838,6.358044,-9.860519,0.598336,2.955578,,,,
1,424,424.000000,agent_0,actor_logits,1,1,3,6.020148,-6.995150,12.096533,0.000104,0.999992,-6.995150,6.020148,-6.076384,,,,,
1,424,424.000000,agent_1,actor_logits,1,1,3,6.020149,-6.995150,12.096532,0.000104,0.999992,-6.995150,6.020149,-6.076383,,,,,
1,424,424.000000,agent_2,actor_logits,1,1,3,6.020148,-6.995150,12.096533,0.000104,0.999992,-6.995150,6.020148,-6.076384,,,,,
1,424,424.000000,agent_3,actor_logits,1,1,3,6.020149,-6.995149,12.096533,0.000104,0.999992,-6.995149,6.020149,-6.076384,,,,,
1,424,424.000000,agent_4,actor_logits,1,1,3,6.020149,-6.995150,12.096534,0.000104,0.999992,-6.995150,6.020149,-6.076385,,,,,
1,424,424.000000,agent_5,actor_logits,1,1,3,6.020149,-6.995149,12.096533,0.000104,0.999992,-6.995149,6.020149,-6.076384,,,,,
1,426,426.000000,agent_0,actor_logits,1,1,3,9.264711,-13.574733,14.426214,0.000008,0.999999,-13.574733,9.264711,-5.161503,,,,,
1,426,426.000000,agent_1,actor_logits,1,1,3,9.264711,-13.574733,14.426214,0.000008,0.999999,-13.574733,9.264711,-5.161502,,,,,
1,426,426.000000,agent_2,actor_logits,1,1,3,9.264712,-13.574734,14.426216,0.000008,0.999999,-13.574734,9.264712,-5.161503,,,,,
1,426,426.000000,agent_3,actor_logits,1,1,3,9.264710,-13.574731,14.426212,0.000008,0.999999,-13.574731,9.264710,-5.161502,,,,,
1,426,426.000000,agent_4,actor_logits,1,1,3,9.264711,-13.574733,14.426214,0.000008,0.999999,-13.574733,9.264711,-5.161503,,,,,
1,426,426.000000,agent_5,actor_logits,1,1,3,9.264711,-13.574733,14.426214,0.000008,0.999999,-13.574733,9.264711,-5.161502,,,,,
1,428,428.000000,agent_0,actor_logits,1,1,3,9.078728,-17.195107,11.206780,0.000166,0.999986,-17.195107,9.078728,-2.128052,,,,,
1,428,428.000000,agent_1,actor_logits,1,1,3,9.078728,-17.195107,11.206780,0.000166,0.999986,-17.195107,9.078728,-2.128052,,,,,
1,428,428.000000,agent_2,actor_logits,1,1,3,9.078729,-17.195105,11.206781,0.000166,0.999986,-17.195105,9.078729,-2.128053,,,,,
1,428,428.000000,agent_3,actor_logits,1,1,3,9.078728,-17.195107,11.206779,0.000166,0.999986,-17.195107,9.078728,-2.128052,,,,,
1,428,428.000000,agent_4,actor_logits,1,1,3,9.078728,-17.195105,11.206779,0.000166,0.999986,-17.195105,9.078728,-2.128052,,,,,
1,428,428.000000,agent_5,actor_logits,1,1,3,9.078729,-17.195107,11.206781,0.000166,0.999986,-17.195107,9.078729,-2.128053,,,,,
1,430,430.000000,agent_0,actor_logits,2,1,4,7.760660,-6.531042,4.417756,0.064709,0.988077,-4.504454,-6.531042,7.760660,3.342904,,,,
1,430,430.000000,agent_1,actor_logits,2,1,4,7.760661,-6.531043,4.417757,0.064709,0.988077,-4.504454,-6.531043,7.760661,3.342904,,,,
1,430,430.000000,agent_2,actor_logits,2,1,4,7.760660,-6.531042,4.417756,0.064709,0.988077,-4.504454,-6.531042,7.760660,3.342904,,,,
1,430,430.000000,agent_3,actor_logits,2,1,4,7.760661,-6.531043,4.417758,0.064709,0.988077,-4.504455,-6.531043,7.760661,3.342904,,,,
1,430,430.000000,agent_4,actor_logits,2,1,4,7.760660,-6.531042,4.417756,0.064709,0.988077,-4.504455,-6.531042,7.760660,3.342904,,,,
1,430,430.000000,agent_5,actor_logits,2,1,4,7.760660,-6.531042,4.417755,0.064709,0.988077,-4.504454,-6.531042,7.760660,3.342904,,,,
1,432,432.000000,agent_0,actor_logits,2,1,4,6.470054,-6.602608,4.826760,0.046883,0.992003,-6.602608,1.643294,6.470054,-3.501234,,,,
1,432,432.000000,agent_1,actor_logits,2,1,4,6.470055,-6.602609,4.826761,0.046883,0.992003,-6.602609,1.643294,6.470055,-3.501234,,,,
1,432,432.000000,agent_2,actor_logits,2,1,4,6.470055,-6.602609,4.826761,0.046883,0.992003,-6.602609,1.643294,6.470055,-3.501234,,,,
1,432,432.000000,agent_3,actor_logits,2,1,4,6.470056,-6.602609,4.826763,0.046883,0.992003,-6.602609,1.643293,6.470056,-3.501234,,,,
1,432,432.000000,agent_4,actor_logits,2,1,4,6.470055,-6.602609,4.826761,0.046883,0.992003,-6.602609,1.643294,6.470055,-3.501234,,,,
1,432,432.000000,agent_5,actor_logits,2,1,4,6.470054,-6.602609,4.826760,0.046883,0.992003,-6.602609,1.643294,6.470054,-3.501234,,,,
1,434,434.000000,agent_0,actor_logits,2,1,4,3.794095,-9.516473,2.458835,0.380303,0.899666,0.143927,1.335259,3.794095,-9.516473,,,,
1,434,434.000000,agent_1,actor_logits,2,1,4,3.794095,-9.516473,2.458836,0.380303,0.899667,0.143927,1.335259,3.794095,-9.516473,,,,
1,434,434.000000,agent_2,actor_logits,2,1,4,3.794095,-9.516473,2.458836,0.380303,0.899667,0.143927,1.335259,3.794095,-9.516473,,,,
1,434,434.000000,agent_3,actor_logits,2,1,4,3.794096,-9.516473,2.458838,0.380303,0.899667,0.143927,1.335258,3.794096,-9.516473,,,,
1,434,434.000000,agent_4,actor_logits,2,1,4,3.794095,-9.516473,2.458835,0.380303,0.899667,0.143927,1.335260,3.794095,-9.516473,,,,
1,434,434.000000,agent_5,actor_logits,2,1,4,3.794094,-9.516473,2.458835,0.380304,0.899666,0.143928,1.335259,3.794094,-9.516473,,,,
1,436,436.000000,agent_0,actor_logits,0,1,4,3.042723,-12.978694,0.399507,1.011260,0.499207,3.042723,2.643216,1.941691,-12.978694,,,,
1,436,436.000000,agent_1,actor_logits,0,1,4,3.042724,-12.978693,0.399508,1.011260,0.499207,3.042724,2.643216,1.941691,-12.978693,,,,
1,436,436.000000,agent_2,actor_logits,0,1,4,3.042724,-12.978694,0.399508,1.011260,0.499207,3.042724,2.643216,1.941691,-12.978694,,,,
1,436,436.000000,agent_3,actor_logits,0,1,4,3.042724,-12.978694,0.399508,1.011260,0.499207,3.042724,2.643216,1.941692,-12.978694,,,,
1,436,436.000000,agent_4,actor_logits,0,1,4,3.042724,-12.978693,0.399508,1.011260,0.499207,3.042724,2.643216,1.941691,-12.978693,,,,
1,436,436.000000,agent_5,actor_logits,0,1,4,3.042724,-12.978693,0.399508,1.011259,0.499207,3.042724,2.643216,1.941691,-12.978693,,,,
1,438,438.000000,agent_0,actor_logits,1,1,4,9.886553,-10.745996,10.333168,0.000396,0.999966,-0.446615,9.886553,-3.256636,-10.745996,,,,
1,438,438.000000,agent_1,actor_logits,1,1,4,9.886553,-10.745996,10.333167,0.000396,0.999966,-0.446615,9.886553,-3.256636,-10.745996,,,,
1,438,438.000000,agent_2,actor_logits,1,1,4,9.886553,-10.745996,10.333166,0.000396,0.999966,-0.446614,9.886553,-3.256636,-10.745996,,,,
1,438,438.000000,agent_3,actor_logits,1,1,4,9.886553,-10.745997,10.333166,0.000396,0.999966,-0.446613,9.886553,-3.256637,-10.745997,,,,
1,438,438.000000,agent_4,actor_logits,1,1,4,9.886553,-10.745996,10.333167,0.000396,0.999966,-0.446614,9.886553,-3.256636,-10.745996,,,,
1,438,438.000000,agent_5,actor_logits,1,1,4,9.886553,-10.745996,10.333167,0.000396,0.999966,-0.446614,9.886553,-3.256636,-10.745996,,,,
1,440,440.000000,agent_0,actor_logits,0,1,4,8.238143,-16.875566,1.562731,0.516854,0.817575,8.238143,6.675412,-16.875566,3.937947,,,,
1,440,440.000000,agent_1,actor_logits,0,1,4,8.238142,-16.875566,1.562731,0.516855,0.817575,8.238142,6.675411,-16.875566,3.937947,,,,
1,440,440.000000,agent_2,actor_logits,0,1,4,8.238143,-16.875566,1.562731,0.516854,0.817575,8.238143,6.675412,-16.875566,3.937948,,,,
1,440,440.000000,agent_3,actor_logits,0,1,4,8.238145,-16.875568,1.562734,0.516854,0.817576,8.238145,6.675411,-16.875568,3.937947,,,,
1,440,440.000000,agent_4,actor_logits,0,1,4,8.238143,-16.875566,1.562732,0.516854,0.817575,8.238143,6.675411,-16.875566,3.937947,,,,
1,440,440.000000,agent_5,actor_logits,0,1,4,8.238144,-16.875566,1.562733,0.516854,0.817576,8.238144,6.675411,-16.875566,3.937947,,,,
1,442,442.000000,agent_0,actor_logits,3,1,4,6.390213,-6.243073,2.182464,0.328663,0.898608,-3.239727,4.207749,-6.243073,6.390213,,,,
1,442,442.000000,agent_1,actor_logits,3,1,4,6.390213,-6.243072,2.182464,0.328663,0.898608,-3.239727,4.207749,-6.243072,6.390213,,,,
1,442,442.000000,agent_2,actor_logits,3,1,4,6.390213,-6.243072,2.182464,0.328663,0.898608,-3.239726,4.207749,-6.243072,6.390213,,,,
1,442,442.000000,agent_3,actor_logits,3,1,4,6.390213,-6.243072,2.182464,0.328663,0.898608,-3.239725,4.207749,-6.243072,6.390213,,,,
1,442,442.000000,agent_4,actor_logits,3,1,4,6.390213,-6.243072,2.182464,0.328663,0.898608,-3.239726,4.207749,-6.243072,6.390213,,,,
1,442,442.000000,agent_5,actor_logits,3,1,4,6.390213,-6.243072,2.182464,0.328663,0.898608,-3.239726,4.207749,-6.243072,6.390213,,,,
1,444,444.000000,agent_0,actor_logits,1,1,4,11.839886,-15.827065,6.630095,0.010216,0.998669,0.570095,11.839886,-15.827065,5.209790,,,,
1,444,444.000000,agent_1,actor_logits,1,1,4,11.839886,-15.827065,6.630095,0.010216,0.998669,0.570095,11.839886,-15.827065,5.209791,,,,
1,444,444.000000,agent_2,actor_logits,1,1,4,11.839886,-15.827065,6.630095,0.010216,0.998669,0.570095,11.839886,-15.827065,5.209791,,,,
1,444,444.000000,agent_3,actor_logits,1,1,4,11.839885,-15.827065,6.630094,0.010216,0.998669,0.570097,11.839885,-15.827065,5.209791,,,,
1,444,444.000000,agent_4,actor_logits,1,1,4,11.839886,-15.827065,6.630095,0.010216,0.998669,0.570096,11.839886,-15.827065,5.209791,,,,
1,444,444.000000,agent_5,actor_logits,1,1,4,11.839886,-15.827065,6.630095,0.010216,0.998669,0.570097,11.839886,-15.827065,5.209791,,,,
1,446,446.000000,agent_0,actor_logits,1,1,4,15.925134,-19.694796,11.210161,0.000171,0.999986,1.030151,15.925134,-19.694796,4.714972,,,,
1,446,446.000000,agent_1,actor_logits,1,1,4,15.925135,-19.694796,11.210162,0.000171,0.999986,1.030151,15.925135,-19.694796,4.714972,,,,
1,446,446.000000,agent_2,actor_logits,1,1,4,15.925134,-19.694796,11.210161,0.000171,0.999986,1.030151,15.925134,-19.694796,4.714973,,,,
1,446,446.000000,agent_3,actor_logits,1,1,4,15.925133,-19.694796,11.210161,0.000171,0.999986,1.030152,15.925133,-19.694796,4.714972,,,,
1,446,446.000000,agent_4,actor_logits,1,1,4,15.925134,-19.694796,11.210161,0.000171,0.999986,1.030151,15.925134,-19.694796,4.714973,,,,
1,446,446.000000,agent_5,actor_logits,1,1,4,15.925134,-19.694796,11.210161,0.000171,0.999986,1.030152,15.925134,-19.694796,4.714972,,,,
1,448,448.000000,agent_0,actor_logits,3,1,4,9.000965,-8.349563,7.279409,0.006529,0.999232,-0.447071,1.721556,-8.349563,9.000965,,,,
1,448,448.000000,agent_1,actor_logits,3,1,4,9.000965,-8.349563,7.279409,0.006529,0.999232,-0.447072,1.721556,-8.349563,9.000965,,,,
1,448,448.000000,agent_2,actor_logits,3,1,4,9.000965,-8.349563,7.279409,0.006529,0.999232,-0.447072,1.721556,-8.349563,9.000965,,,,
1,448,448.000000,agent_3,actor_logits,3,1,4,9.000964,-8.349562,7.279409,0.006529,0.999232,-0.447071,1.721555,-8.349562,9.000964,,,,
1,448,448.000000,agent_4,actor_logits,3,1,4,9.000964,-8.349563,7.279408,0.006529,0.999232,-0.447071,1.721555,-8.349563,9.000964,,,,
1,448,448.000000,agent_5,actor_logits,3,1,4,9.000965,-8.349563,7.279410,0.006529,0.999232,-0.447071,1.721555,-8.349563,9.000965,,,,
1,450,450.000000,agent_0,actor_logits,1,1,4,13.409799,-7.311852,16.078054,0.000002,1.000000,-5.473111,13.409799,-7.311852,-2.668256,,,,
1,450,450.000000,agent_1,actor_logits,1,1,4,13.409799,-7.311851,16.078054,0.000002,1.000000,-5.473112,13.409799,-7.311851,-2.668256,,,,
1,450,450.000000,agent_2,actor_logits,1,1,4,13.409800,-7.311852,16.078056,0.000002,1.000000,-5.473111,13.409800,-7.311852,-2.668256,,,,
1,450,450.000000,agent_3,actor_logits,1,1,4,13.409798,-7.311852,16.078054,0.000002,1.000000,-5.473110,13.409798,-7.311852,-2.668257,,,,
1,450,450.000000,agent_4,actor_logits,1,1,4,13.409798,-7.311851,16.078054,0.000002,1.000000,-5.473110,13.409798,-7.311851,-2.668256,,,,
1,450,450.000000,agent_5,actor_logits,1,1,4,13.409798,-7.311852,16.078053,0.000002,1.000000,-5.473110,13.409798,-7.311852,-2.668256,,,,
1,452,452.000000,agent_0,actor_logits,0,1,4,9.584477,-10.393564,5.686257,0.022676,0.996614,9.584477,-10.393564,-2.618588,3.898221,,,,
1,452,452.000000,agent_1,actor_logits,0,1,4,9.584478,-10.393564,5.686257,0.022676,0.996614,9.584478,-10.393564,-2.618588,3.898221,,,,
1,452,452.000000,agent_2,actor_logits,0,1,4,9.584477,-10.393564,5.686256,0.022677,0.996614,9.584477,-10.393564,-2.618588,3.898221,,,,
1,452,452.000000,agent_3,actor_logits,0,1,4,9.584478,-10.393564,5.686258,0.022676,0.996614,9.584478,-10.393564,-2.618588,3.898221,,,,
1,452,452.000000,agent_4,actor_logits,0,1,4,9.584478,-10.393565,5.686258,0.022676,0.996614,9.584478,-10.393565,-2.618588,3.898220,,,,
1,452,452.000000,agent_5,actor_logits,0,1,4,9.584477,-10.393564,5.686257,0.022676,0.996614,9.584477,-10.393564,-2.618588,3.898220,,,,
1,454,454.000000,agent_0,actor_logits,3,1,4,7.887229,-2.451348,9.362355,0.001896,0.999822,-1.840565,-1.475126,-2.451348,7.887229,,,,
1,454,454.000000,agent_1,actor_logits,3,1,4,7.887229,-2.451348,9.362355,0.001896,0.999822,-1.840564,-1.475126,-2.451348,7.887229,,,,
1,454,454.000000,agent_2,actor_logits,3,1,4,7.887229,-2.451348,9.362355,0.001896,0.999822,-1.840565,-1.475126,-2.451348,7.887229,,,,
1,454,454.000000,agent_3,actor_logits,3,1,4,7.887229,-2.451348,9.362355,0.001896,0.999822,-1.840564,-1.475126,-2.451348,7.887229,,,,
1,454,454.000000,agent_4,actor_logits,3,1,4,7.887228,-2.451349,9.362354,0.001896,0.999822,-1.840564,-1.475126,-2.451349,7.887228,,,,
1,454,454.000000,agent_5,actor_logits,3,1,4,7.887228,-2.451348,9.362354,0.001896,0.999822,-1.840564,-1.475126,-2.451348,7.887228,,,,
1,456,456.000000,agent_0,actor_logits,0,1,4,7.188733,-5.581365,4.342240,0.068851,0.987146,7.188733,-4.238543,-5.581365,2.846493,,,,
1,456,456.000000,agent_1,actor_logits,0,1,4,7.188735,-5.581365,4.342243,0.068851,0.987146,7.188735,-4.238543,-5.581365,2.846492,,,,
1,456,456.000000,agent_2,actor_logits,0,1,4,7.188735,-5.581365,4.342242,0.068851,0.987146,7.188735,-4.238543,-5.581365,2.846492,,,,
1,456,456.000000,agent_3,actor_logits,0,1,4,7.188735,-5.581365,4.342243,0.068851,0.987146,7.188735,-4.238543,-5.581365,2.846492,,,,
1,456,456.000000,agent_4,actor_logits,0,1,4,7.188735,-5.581365,4.342243,0.068851,0.987146,7.188735,-4.238543,-5.581365,2.846492,,,,
1,456,456.000000,agent_5,actor_logits,0,1,4,7.188734,-5.581366,4.342242,0.068851,0.987146,7.188734,-4.238543,-5.581366,2.846492,,,,
1,458,458.000000,agent_0,actor_logits,3,1,4,4.591612,-3.689777,4.597891,0.103899,0.981948,-0.006279,-0.229560,-3.689777,4.591612,,,,
1,458,458.000000,agent_1,actor_logits,3,1,4,4.591612,-3.689778,4.597890,0.103899,0.981948,-0.006278,-0.229560,-3.689778,4.591612,,,,
1,458,458.000000,agent_2,actor_logits,3,1,4,4.591612,-3.689778,4.597890,0.103899,0.981948,-0.006278,-0.229560,-3.689778,4.591612,,,,
1,458,458.000000,agent_3,actor_logits,3,1,4,4.591612,-3.689778,4.597890,0.103899,0.981948,-0.006278,-0.229561,-3.689778,4.591612,,,,
1,458,458.000000,agent_4,actor_logits,3,1,4,4.591612,-3.689778,4.597891,0.103899,0.981948,-0.006278,-0.229560,-3.689778,4.591612,,,,
1,458,458.000000,agent_5,actor_logits,3,1,4,4.591612,-3.689777,4.597890,0.103899,0.981948,-0.006278,-0.229561,-3.689777,4.591612,,,,
1,460,460.000000,agent_0,actor_logits,0,1,4,4.649395,-5.815748,3.162462,0.190135,0.956483,4.649395,-1.111894,-5.815748,1.486933,,,,
1,460,460.000000,agent_1,actor_logits,0,1,4,4.649395,-5.815748,3.162463,0.190135,0.956483,4.649395,-1.111894,-5.815748,1.486932,,,,
1,460,460.000000,agent_2,actor_logits,0,1,4,4.649395,-5.815748,3.162463,0.190135,0.956483,4.649395,-1.111894,-5.815748,1.486932,,,,
1,460,460.000000,agent_3,actor_logits,0,1,4,4.649395,-5.815749,3.162462,0.190135,0.956483,4.649395,-1.111894,-5.815749,1.486933,,,,
1,460,460.000000,agent_4,actor_logits,0,1,4,4.649396,-5.815749,3.162464,0.190135,0.956483,4.649396,-1.111894,-5.815749,1.486932,,,,
1,460,460.000000,agent_5,actor_logits,0,1,4,4.649395,-5.815748,3.162462,0.190135,0.956483,4.649395,-1.111893,-5.815748,1.486932,,,,
1,462,462.000000,agent_0,actor_logits,3,1,4,1.824994,-4.938561,0.242172,1.047041,0.452578,1.582821,0.965762,-4.938561,1.824994,,,,
1,462,462.000000,agent_1,actor_logits,3,1,4,1.824993,-4.938561,0.242172,1.047041,0.452578,1.582821,0.965764,-4.938561,1.824993,,,,
1,462,462.000000,agent_2,actor_logits,3,1,4,1.824994,-4.938561,0.242173,1.047041,0.452578,1.582821,0.965762,-4.938561,1.824994,,,,
1,462,462.000000,agent_3,actor_logits,3,1,4,1.824994,-4.938561,0.242173,1.047041,0.452578,1.582821,0.965762,-4.938561,1.824994,,,,
1,462,462.000000,agent_4,actor_logits,3,1,4,1.824994,-4.938562,0.242172,1.047041,0.452578,1.582821,0.965763,-4.938562,1.824994,,,,
1,462,462.000000,agent_5,actor_logits,3,1,4,1.824994,-4.938562,0.242173,1.047041,0.452578,1.582821,0.965763,-4.938562,1.824994,,,,
1,464,464.000000,agent_0,actor_logits,3,1,4,1.980080,-4.210084,0.834138,0.971490,0.578999,0.745027,1.145942,-4.210084,1.980080,,,,
1,464,464.000000,agent_1,actor_logits,3,1,4,1.980081,-4.210085,0.834138,0.971490,0.578999,0.745027,1.145943,-4.210085,1.980081,,,,
1,464,464.000000,agent_2,actor_logits,3,1,4,1.980079,-4.210084,0.834137,0.971490,0.578999,0.745027,1.145943,-4.210084,1.980079,,,,
1,464,464.000000,agent_3,actor_logits,3,1,4,1.980080,-4.210084,0.834137,0.971490,0.578999,0.745026,1.145943,-4.210084,1.980080,,,,
1,464,464.000000,agent_4,actor_logits,3,1,4,1.980081,-4.210085,0.834138,0.971490,0.578999,0.745027,1.145943,-4.210085,1.980081,,,,
1,464,464.000000,agent_5,actor_logits,3,1,4,1.980080,-4.210084,0.834137,0.971490,0.578999,0.745027,1.145943,-4.210084,1.980080,,,,
1,466,466.000000,agent_0,actor_logits,0,1,4,8.805365,-9.535864,7.690130,0.004317,0.999513,8.805365,1.115235,-9.535864,-1.600522,,,,
1,466,466.000000,agent_1,actor_logits,0,1,4,8.805365,-9.535865,7.690130,0.004317,0.999513,8.805365,1.115235,-9.535865,-1.600522,,,,
1,466,466.000000,agent_2,actor_logits,0,1,4,8.805365,-9.535863,7.690130,0.004317,0.999513,8.805365,1.115235,-9.535863,-1.600523,,,,
1,466,466.000000,agent_3,actor_logits,0,1,4,8.805365,-9.535864,7.690130,0.004317,0.999513,8.805365,1.115235,-9.535864,-1.600522,,,,
1,466,466.000000,agent_4,actor_logits,0,1,4,8.805365,-9.535865,7.690130,0.004317,0.999513,8.805365,1.115235,-9.535865,-1.600522,,,,
1,466,466.000000,agent_5,actor_logits,0,1,4,8.805365,-9.535865,7.690129,0.004317,0.999513,8.805365,1.115235,-9.535865,-1.600522,,,,
1,468,468.000000,agent_0,actor_logits,0,1,4,2.313550,-3.588516,2.149312,0.611791,0.817539,2.313550,-3.588516,0.164238,0.049084,,,,
1,468,468.000000,agent_1,actor_logits,0,1,4,2.313550,-3.588516,2.149312,0.611791,0.817539,2.313550,-3.588516,0.164238,0.049085,,,,
1,468,468.000000,agent_2,actor_logits,0,1,4,2.313550,-3.588517,2.149312,0.611791,0.817539,2.313550,-3.588517,0.164238,0.049085,,,,
1,468,468.000000,agent_3,actor_logits,0,1,4,2.313550,-3.588517,2.149313,0.611791,0.817539,2.313550,-3.588517,0.164237,0.049085,,,,
1,468,468.000000,agent_4,actor_logits,0,1,4,2.313550,-3.588516,2.149312,0.611791,0.817539,2.313550,-3.588516,0.164238,0.049085,,,,
1,468,468.000000,agent_5,actor_logits,0,1,4,2.313550,-3.588516,2.149313,0.611791,0.817539,2.313550,-3.588516,0.164237,0.049085,,,,
1,470,470.000000,agent_0,actor_logits,1,1,4,3.536892,-8.532413,2.070562,0.428277,0.873529,-0.444427,3.536892,1.466330,-8.532413,,,,
1,470,470.000000,agent_1,actor_logits,1,1,4,3.536892,-8.532412,2.070562,0.428277,0.873529,-0.444427,3.536892,1.466330,-8.532412,,,,
1,470,470.000000,agent_2,actor_logits,1,1,4,3.536892,-8.532413,2.070563,0.428277,0.873529,-0.444427,3.536892,1.466330,-8.532413,,,,
1,470,470.000000,agent_3,actor_logits,1,1,4,3.536892,-8.532412,2.070562,0.428277,0.873529,-0.444427,3.536892,1.466329,-8.532412,,,,
1,470,470.000000,agent_4,actor_logits,1,1,4,3.536892,-8.532412,2.070563,0.428277,0.873529,-0.444427,3.536892,1.466329,-8.532412,,,,
1,470,470.000000,agent_5,actor_logits,1,1,4,3.536892,-8.532413,2.070563,0.428277,0.873529,-0.444427,3.536892,1.466329,-8.532413,,,,
1,472,472.000000,agent_0,actor_logits,0,1,4,11.777958,-22.290524,2.703840,0.237412,0.936937,11.777958,9.074118,-22.290524,3.847239,,,,
1,472,472.000000,agent_1,actor_logits,0,1,4,11.777958,-22.290522,2.703839,0.237412,0.936937,11.777958,9.074119,-22.290522,3.847239,,,,
1,472,472.000000,agent_2,actor_logits,0,1,4,11.777958,-22.290522,2.703840,0.237412,0.936937,11.777958,9.074118,-22.290522,3.847239,,,,
1,472,472.000000,agent_3,actor_logits,0,1,4,11.777958,-22.290522,2.703840,0.237412,0.936937,11.777958,9.074118,-22.290522,3.847239,,,,
1,472,472.000000,agent_4,actor_logits,0,1,4,11.777958,-22.290524,2.703839,0.237412,0.936937,11.777958,9.074119,-22.290524,3.847239,,,,
1,472,472.000000,agent_5,actor_logits,0,1,4,11.777958,-22.290524,2.703840,0.237412,0.936937,11.777958,9.074118,-22.290524,3.847239,,,,
1,474,474.000000,agent_0,actor_logits,3,1,4,6.408146,-6.270309,5.756813,0.035406,0.994903,0.172651,0.651333,-6.270309,6.408146,,,,
1,474,474.000000,agent_1,actor_logits,3,1,4,6.408147,-6.270309,5.756814,0.035406,0.994903,0.172650,0.651333,-6.270309,6.408147,,,,
1,474,474.000000,agent_2,actor_logits,3,1,4,6.408147,-6.270309,5.756814,0.035406,0.994903,0.172650,0.651333,-6.270309,6.408147,,,,
1,474,474.000000,agent_3,actor_logits,3,1,4,6.408146,-6.270309,5.756813,0.035406,0.994903,0.172651,0.651333,-6.270309,6.408146,,,,
1,474,474.000000,agent_4,actor_logits,3,1,4,6.408146,-6.270309,5.756813,0.035406,0.994903,0.172650,0.651334,-6.270309,6.408146,,,,
1,474,474.000000,agent_5,actor_logits,3,1,4,6.408146,-6.270310,5.756813,0.035406,0.994903,0.172650,0.651334,-6.270310,6.408146,,,,
1,476,476.000000,agent_0,actor_logits,1,1,4,12.687845,-20.113337,6.221099,0.015661,0.997882,3.782336,12.687845,-20.113337,6.466746,,,,
1,476,476.000000,agent_1,actor_logits,1,1,4,12.687845,-20.113335,6.221098,0.015661,0.997882,3.782335,12.687845,-20.113335,6.466747,,,,
1,476,476.000000,agent_2,actor_logits,1,1,4,12.687844,-20.113335,6.221098,0.015661,0.997882,3.782336,12.687844,-20.113335,6.466746,,,,
1,476,476.000000,agent_3,actor_logits,1,1,4,12.687845,-20.113337,6.221099,0.015661,0.997882,3.782336,12.687845,-20.113337,6.466746,,,,
1,476,476.000000,agent_4,actor_logits,1,1,4,12.687845,-20.113335,6.221099,0.015661,0.997882,3.782336,12.687845,-20.113335,6.466746,,,,
1,476,476.000000,agent_5,actor_logits,1,1,4,12.687845,-20.113335,6.221099,0.015661,0.997882,3.782335,12.687845,-20.113335,6.466746,,,,
1,478,478.000000,agent_0,actor_logits,0,1,3,6.714163,-12.141048,7.581827,0.004372,0.999491,6.714163,-12.141048,-0.867664,,,,,
1,478,478.000000,agent_1,actor_logits,0,1,3,6.714163,-12.141047,7.581828,0.004372,0.999491,6.714163,-12.141047,-0.867665,,,,,
1,478,478.000000,agent_2,actor_logits,0,1,3,6.714165,-12.141048,7.581829,0.004372,0.999491,6.714165,-12.141048,-0.867664,,,,,
1,478,478.000000,agent_3,actor_logits,0,1,3,6.714164,-12.141048,7.581829,0.004372,0.999491,6.714164,-12.141048,-0.867664,,,,,
1,478,478.000000,agent_4,actor_logits,0,1,3,6.714164,-12.141048,7.581828,0.004372,0.999491,6.714164,-12.141048,-0.867664,,,,,
1,478,478.000000,agent_5,actor_logits,0,1,3,6.714164,-12.141047,7.581829,0.004372,0.999491,6.714164,-12.141047,-0.867665,,,,,
1,480,480.000000,agent_0,actor_logits,0,1,3,3.932209,-5.841209,7.345454,0.005997,0.999298,3.932209,-3.413244,-5.841209,,,,,
1,480,480.000000,agent_1,actor_logits,0,1,3,3.932209,-5.841208,7.345453,0.005997,0.999298,3.932209,-3.413245,-5.841208,,,,,
1,480,480.000000,agent_2,actor_logits,0,1,3,3.932210,-5.841209,7.345454,0.005997,0.999298,3.932210,-3.413244,-5.841209,,,,,
1,480,480.000000,agent_3,actor_logits,0,1,3,3.932209,-5.841208,7.345454,0.005997,0.999298,3.932209,-3.413245,-5.841208,,,,,
1,480,480.000000,agent_4,actor_logits,0,1,3,3.932209,-5.841208,7.345453,0.005997,0.999298,3.932209,-3.413245,-5.841208,,,,,
1,480,480.000000,agent_5,actor_logits,0,1,3,3.932209,-5.841208,7.345454,0.005997,0.999298,3.932209,-3.413245,-5.841208,,,,,
1,482,482.000000,agent_0,actor_logits,0,1,3,5.126423,-10.030287,4.925082,0.042749,0.992790,5.126423,0.201341,-10.030287,,,,,
1,482,482.000000,agent_1,actor_logits,0,1,3,5.126422,-10.030286,4.925081,0.042749,0.992790,5.126422,0.201341,-10.030286,,,,,
1,482,482.000000,agent_2,actor_logits,0,1,3,5.126423,-10.030287,4.925082,0.042749,0.992790,5.126423,0.201341,-10.030287,,,,,
1,482,482.000000,agent_3,actor_logits,0,1,3,5.126423,-10.030287,4.925082,0.042749,0.992790,5.126423,0.201341,-10.030287,,,,,
1,482,482.000000,agent_4,actor_logits,0,1,3,5.126423,-10.030287,4.925081,0.042749,0.992790,5.126423,0.201341,-10.030287,,,,,
1,482,482.000000,agent_5,actor_logits,0,1,3,5.126423,-10.030287,4.925081,0.042749,0.992790,5.126423,0.201341,-10.030287,,,,,
1,484,484.000000,agent_0,actor_logits,1,1,2,-7.948763,-8.755877,0.807113,0.617900,0.691494,-8.755877,-7.948763,,,,,,
1,484,484.000000,agent_1,actor_logits,1,1,2,-7.948764,-8.755877,0.807112,0.617900,0.691494,-8.755877,-7.948764,,,,,,
1,484,484.000000,agent_2,actor_logits,1,1,2,-7.948763,-8.755877,0.807113,0.617900,0.691494,-8.755877,-7.948763,,,,,,
1,484,484.000000,agent_3,actor_logits,1,1,2,-7.948764,-8.755877,0.807112,0.617900,0.691494,-8.755877,-7.948764,,,,,,
1,484,484.000000,agent_4,actor_logits,1,1,2,-7.948763,-8.755877,0.807113,0.617900,0.691494,-8.755877,-7.948763,,,,,,
1,484,484.000000,agent_5,actor_logits,1,1,2,-7.948763,-8.755877,0.807113,0.617900,0.691494,-8.755877,-7.948763,,,,,,
1,486,486.000000,agent_0,actor_logits,2,1,3,2.116590,-11.750270,0.919669,0.597647,0.714974,-11.750270,1.196921,2.116590,,,,,
1,486,486.000000,agent_1,actor_logits,2,1,3,2.116589,-11.750269,0.919669,0.597647,0.714974,-11.750269,1.196920,2.116589,,,,,
1,486,486.000000,agent_2,actor_logits,2,1,3,2.116590,-11.750270,0.919670,0.597647,0.714974,-11.750270,1.196921,2.116590,,,,,
1,486,486.000000,agent_3,actor_logits,2,1,3,2.116590,-11.750271,0.919669,0.597647,0.714974,-11.750271,1.196921,2.116590,,,,,
1,486,486.000000,agent_4,actor_logits,2,1,3,2.116590,-11.750271,0.919669,0.597647,0.714974,-11.750271,1.196921,2.116590,,,,,
1,486,486.000000,agent_5,actor_logits,2,1,3,2.116589,-11.750270,0.919668,0.597647,0.714974,-11.750270,1.196921,2.116589,,,,,
1,488,488.000000,agent_0,actor_logits,2,1,3,6.554865,-10.614136,10.239285,0.000402,0.999964,-10.614136,-3.684420,6.554865,,,,,
1,488,488.000000,agent_1,actor_logits,2,1,3,6.554865,-10.614136,10.239285,0.000402,0.999964,-10.614136,-3.684420,6.554865,,,,,
1,488,488.000000,agent_2,actor_logits,2,1,3,6.554864,-10.614136,10.239285,0.000402,0.999964,-10.614136,-3.684420,6.554864,,,,,
1,488,488.000000,agent_3,actor_logits,2,1,3,6.554864,-10.614136,10.239285,0.000402,0.999964,-10.614136,-3.684420,6.554864,,,,,
1,488,488.000000,agent_4,actor_logits,2,1,3,6.554865,-10.614136,10.239285,0.000402,0.999964,-10.614136,-3.684420,6.554865,,,,,
1,488,488.000000,agent_5,actor_logits,2,1,3,6.554865,-10.614136,10.239285,0.000402,0.999964,-10.614136,-3.684420,6.554865,,,,,
1,490,490.000000,agent_0,actor_logits,2,1,3,5.955671,-6.216034,12.012579,0.000147,0.999989,-6.056908,-6.216034,5.955671,,,,,
1,490,490.000000,agent_1,actor_logits,2,1,3,5.955670,-6.216033,12.012578,0.000147,0.999989,-6.056908,-6.216033,5.955670,,,,,
1,490,490.000000,agent_2,actor_logits,2,1,3,5.955670,-6.216034,12.012577,0.000147,0.999989,-6.056907,-6.216034,5.955670,,,,,
1,490,490.000000,agent_3,actor_logits,2,1,3,5.955670,-6.216034,12.012579,0.000147,0.999989,-6.056908,-6.216034,5.955670,,,,,
1,490,490.000000,agent_4,actor_logits,2,1,3,5.955671,-6.216034,12.012579,0.000147,0.999989,-6.056909,-6.216034,5.955671,,,,,
1,490,490.000000,agent_5,actor_logits,2,1,3,5.955671,-6.216033,12.012579,0.000147,0.999989,-6.056909,-6.216033,5.955671,,,,,
1,492,492.000000,agent_0,actor_logits,2,1,3,5.504880,-6.639377,8.456018,0.002080,0.999782,-6.639377,-2.951138,5.504880,,,,,
1,492,492.000000,agent_1,actor_logits,2,1,3,5.504879,-6.639377,8.456017,0.002080,0.999782,-6.639377,-2.951138,5.504879,,,,,
1,492,492.000000,agent_2,actor_logits,2,1,3,5.504880,-6.639377,8.456018,0.002080,0.999782,-6.639377,-2.951138,5.504880,,,,,
1,492,492.000000,agent_3,actor_logits,2,1,3,5.504879,-6.639377,8.456018,0.002080,0.999782,-6.639377,-2.951138,5.504879,,,,,
1,492,492.000000,agent_4,actor_logits,2,1,3,5.504879,-6.639377,8.456018,0.002080,0.999782,-6.639377,-2.951138,5.504879,,,,,
1,492,492.000000,agent_5,actor_logits,2,1,3,5.504879,-6.639377,8.456017,0.002080,0.999782,-6.639377,-2.951138,5.504879,,,,,
1,494,494.000000,agent_0,actor_logits,2,1,3,1.640383,-4.108637,2.582356,0.273769,0.926972,-0.941973,-4.108637,1.640383,,,,,
1,494,494.000000,agent_1,actor_logits,2,1,3,1.640382,-4.108636,2.582355,0.273769,0.926972,-0.941973,-4.108636,1.640382,,,,,
1,494,494.000000,agent_2,actor_logits,2,1,3,1.640383,-4.108636,2.582355,0.273769,0.926972,-0.941973,-4.108636,1.640383,,,,,
1,494,494.000000,agent_3,actor_logits,2,1,3,1.640382,-4.108636,2.582355,0.273769,0.926972,-0.941973,-4.108636,1.640382,,,,,
1,494,494.000000,agent_4,actor_logits,2,1,3,1.640383,-4.108636,2.582357,0.273769,0.926972,-0.941973,-4.108636,1.640383,,,,,
1,494,494.000000,agent_5,actor_logits,2,1,3,1.640383,-4.108636,2.582356,0.273769,0.926972,-0.941973,-4.108636,1.640383,,,,,
1,496,496.000000,agent_0,actor_logits,0,1,2,3.994939,-3.494933,7.489872,0.004741,0.999442,3.994939,-3.494933,,,,,,
1,496,496.000000,agent_1,actor_logits,0,1,2,3.994938,-3.494932,7.489871,0.004741,0.999442,3.994938,-3.494932,,,,,,
1,496,496.000000,agent_2,actor_logits,0,1,2,3.994939,-3.494933,7.489872,0.004741,0.999442,3.994939,-3.494933,,,,,,
1,496,496.000000,agent_3,actor_logits,0,1,2,3.994938,-3.494933,7.489871,0.004741,0.999442,3.994938,-3.494933,,,,,,
1,496,496.000000,agent_4,actor_logits,0,1,2,3.994938,-3.494933,7.489871,0.004741,0.999442,3.994938,-3.494933,,,,,,
1,496,496.000000,agent_5,actor_logits,0,1,2,3.994938,-3.494933,7.489871,0.004741,0.999442,3.994938,-3.494933,,,,,,
1,498,498.000000,agent_0,actor_logits,0,1,3,4.850363,-4.551453,7.516246,0.005490,0.999374,4.850363,-4.551453,-2.665883,,,,,
1,498,498.000000,agent_1,actor_logits,0,1,3,4.850362,-4.551454,7.516245,0.005490,0.999374,4.850362,-4.551454,-2.665883,,,,,
1,498,498.000000,agent_2,actor_logits,0,1,3,4.850363,-4.551454,7.516245,0.005490,0.999374,4.850363,-4.551454,-2.665882,,,,,
1,498,498.000000,agent_3,actor_logits,0,1,3,4.850362,-4.551454,7.516244,0.005490,0.999374,4.850362,-4.551454,-2.665882,,,,,
1,498,498.000000,agent_4,actor_logits,0,1,3,4.850362,-4.551454,7.516244,0.005490,0.999374,4.850362,-4.551454,-2.665882,,,,,
1,498,498.000000,agent_5,actor_logits,0,1,3,4.850363,-4.551454,7.516245,0.005490,0.999374,4.850363,-4.551454,-2.665883,,,,,
2,0,0.000000,agent_0,actor_logits,0,1,2,1.750134,-2.708004,4.458138,0.062569,0.988549,1.750134,-2.708004,,,,,,
2,0,0.000000,agent_1,actor_logits,3,1,4,4.275782,-4.192782,0.598823,0.658950,0.644635,3.676959,-2.163707,-4.192782,4.275782,,,,
2,0,0.000000,agent_2,actor_logits,3,1,4,4.275782,-4.192782,0.598823,0.658950,0.644635,3.676959,-2.163707,-4.192782,4.275782,,,,
2,0,0.000000,agent_3,actor_logits,3,1,4,4.275782,-4.192782,0.598823,0.658950,0.644635,3.676959,-2.163707,-4.192782,4.275782,,,,
2,0,0.000000,agent_4,actor_logits,3,1,4,4.275782,-4.192782,0.598823,0.658950,0.644635,3.676959,-2.163707,-4.192782,4.275782,,,,
2,0,0.000000,agent_5,actor_logits,3,1,4,4.275782,-4.192782,0.598823,0.658950,0.644635,3.676959,-2.163707,-4.192782,4.275782,,,,
2,2,2.000000,agent_0,actor_logits,0,1,3,8.712852,-10.546273,11.830924,0.000093,0.999993,8.712852,-3.118073,-10.546273,,,,,
2,2,2.000000,agent_1,actor_logits,0,1,4,9.283766,-10.214175,1.782147,0.412253,0.855960,9.283766,-3.726804,-10.214175,7.501619,,,,
2,2,2.000000,agent_2,actor_logits,0,1,4,9.283766,-10.214175,1.782147,0.412253,0.855960,9.283766,-3.726804,-10.214175,7.501619,,,,
2,2,2.000000,agent_3,actor_logits,0,1,4,9.283766,-10.214175,1.782147,0.412253,0.855960,9.283766,-3.726804,-10.214175,7.501619,,,,
2,2,2.000000,agent_4,actor_logits,0,1,4,9.283766,-10.214175,1.782147,0.412253,0.855960,9.283766,-3.726804,-10.214175,7.501619,,,,
2,2,2.000000,agent_5,actor_logits,0,1,3,9.015912,-10.135222,13.051483,0.000030,0.999998,9.015912,-4.035571,-10.135222,,,,,
2,4,4.000000,agent_0,actor_logits,0,1,2,2.494239,-0.016915,2.511154,0.266585,0.924920,2.494239,-0.016915,,,,,,
2,4,4.000000,agent_1,actor_logits,3,1,4,7.876810,-10.040870,4.281576,0.084309,0.984723,3.595234,1.495948,-10.040870,7.876810,,,,
2,4,4.000000,agent_2,actor_logits,3,1,4,8.646394,-11.595740,0.576625,0.653459,0.640279,8.069769,-1.802688,-11.595740,8.646394,,,,
2,4,4.000000,agent_3,actor_logits,3,1,4,8.646394,-11.595740,0.576625,0.653459,0.640279,8.069769,-1.802688,-11.595740,8.646394,,,,
2,4,4.000000,agent_4,actor_logits,3,1,4,8.646394,-11.595740,0.576625,0.653459,0.640279,8.069769,-1.802688,-11.595740,8.646394,,,,
2,4,4.000000,agent_5,actor_logits,3,1,4,8.457970,-11.825717,0.017014,0.693308,0.504245,8.440956,-1.811011,-11.825717,8.457970,,,,
2,6,6.000000,agent_0,actor_logits,0,1,3,10.263895,-11.435867,13.089073,0.000029,0.999998,10.263895,-2.825178,-11.435867,,,,,
2,6,6.000000,agent_1,actor_logits,0,1,4,8.756479,-10.080455,2.843277,0.213207,0.944959,8.756479,-2.565063,-10.080455,5.913203,,,,
2,6,6.000000,agent_2,actor_logits,0,1,4,9.162502,-11.534616,3.006512,0.190295,0.952841,9.162502,-1.291708,-11.534616,6.155991,,,,
2,6,6.000000,agent_3,actor_logits,0,1,4,9.162502,-11.534616,3.006512,0.190295,0.952841,9.162502,-1.291708,-11.534616,6.155991,,,,
2,6,6.000000,agent_4,actor_logits,0,1,4,9.162502,-11.534616,3.006512,0.190295,0.952841,9.162502,-1.291708,-11.534616,6.155991,,,,
2,6,6.000000,agent_5,actor_logits,0,1,3,7.807025,-9.489247,10.019696,0.000491,0.999956,7.807025,-2.212671,-9.489247,,,,,
2,8,8.000000,agent_0,actor_logits,0,1,2,3.660542,0.089232,3.571311,0.125406,0.972650,3.660542,0.089232,,,,,,
2,8,8.000000,agent_1,actor_logits,3,1,4,4.097706,-7.639593,1.631742,0.786326,0.720466,2.449498,2.465964,-7.639593,4.097706,,,,
2,8,8.000000,agent_2,actor_logits,0,1,4,9.866840,-11.012746,2.477314,0.272556,0.922534,9.866840,-3.307977,-11.012746,7.389526,,,,
2,8,8.000000,agent_3,actor_logits,0,1,4,9.866840,-11.012746,2.477314,0.272556,0.922534,9.866840,-3.307977,-11.012746,7.389526,,,,
2,8,8.000000,agent_4,actor_logits,0,1,4,9.866840,-11.012746,2.477314,0.272556,0.922534,9.866840,-3.307977,-11.012746,7.389526,,,,
2,8,8.000000,agent_5,actor_logits,0,1,4,10.412739,-10.990374,3.169433,0.169009,0.959667,10.412739,-3.796030,-10.990374,7.243306,,,,
2,10,10.000000,agent_0,actor_logits,0,1,3,10.113424,-11.402928,12.746233,0.000040,0.999997,10.113424,-2.632808,-11.402928,,,,,
2,10,10.000000,agent_1,actor_logits,0,1,4,7.503531,-9.375761,1.926673,0.381353,0.872841,7.503531,-2.369144,-9.375761,5.576858,,,,
2,10,10.000000,agent_2,actor_logits,0,1,4,8.924381,-9.503350,3.597423,0.123060,0.973327,8.924381,-9.503350,-2.660438,5.326958,,,,
2,10,10.000000,agent_3,actor_logits,0,1,4,8.924381,-9.503350,3.597423,0.123060,0.973327,8.924381,-9.503350,-2.660438,5.326958,,,,
2,10,10.000000,agent_4,actor_logits,0,1,4,8.924381,-9.503350,3.597423,0.123060,0.973327,8.924381,-9.503350,-2.660438,5.326958,,,,
2,10,10.000000,agent_5,actor_logits,0,1,4,9.451141,-9.422253,4.218692,0.075848,0.985492,9.451141,-9.422253,-3.078888,5.232450,,,,
2,12,12.000000,agent_0,actor_logits,0,1,2,0.700005,-2.263186,2.963192,0.195906,0.950883,0.700005,-2.263186,,,,,,
2,12,12.000000,agent_1,actor_logits,1,1,4,5.370199,-4.249525,6.241550,0.026371,0.996438,-1.091555,5.370199,-4.249525,-0.871351,,,,
2,12,12.000000,agent_2,actor_logits,0,1,3,1.538725,-9.600599,0.323845,0.680309,0.580256,1.538725,1.214879,-9.600599,,,,,
2,12,12.000000,agent_3,actor_logits,3,1,4,8.471861,-6.708388,0.584143,0.652254,0.642020,7.887718,-6.708388,-6.174830,8.471861,,,,
2,12,12.000000,agent_4,actor_logits,3,1,4,8.471861,-6.708388,0.584143,0.652254,0.642020,7.887718,-6.708388,-6.174830,8.471861,,,,
2,12,12.000000,agent_5,actor_logits,3,1,4,8.247816,-6.785709,0.103884,0.691807,0.525947,8.143932,-6.785709,-6.209245,8.247816,,,,
2,14,14.000000,agent_0,actor_logits,0,1,3,8.284451,-16.439379,5.904520,0.018782,0.997280,8.284451,2.379931,-16.439379,,,,,
2,14,14.000000,agent_1,actor_logits,0,1,3,7.280117,-7.290826,14.256008,0.000017,0.999999,7.280117,-6.975892,-7.290826,,,,,
2,14,14.000000,agent_2,actor_logits,0,1,3,4.200356,-15.157709,0.478615,0.665313,0.617421,4.200356,3.721741,-15.157709,,,,,
2,14,14.000000,agent_3,actor_logits,3,1,4,10.737622,-11.266816,4.168776,0.078910,0.984761,6.568846,-1.878631,-11.266816,10.737622,,,,
2,14,14.000000,agent_4,actor_logits,3,1,4,10.737622,-11.266816,4.168776,0.078910,0.984761,6.568846,-1.878631,-11.266816,10.737622,,,,
2,14,14.000000,agent_5,actor_logits,3,1,4,10.775647,-7.260365,5.558271,0.025200,0.996159,5.217376,-4.297355,-7.260365,10.775647,,,,
2,16,16.000000,agent_0,actor_logits,1,1,2,3.811403,-3.130301,6.941703,0.007670,0.999034,-3.130301,3.811403,,,,,,
2,16,16.000000,agent_1,actor_logits,1,1,2,6.140621,-2.134479,8.275100,0.002363,0.999745,-2.134479,6.140621,,,,,,
2,16,16.000000,agent_2,actor_logits,1,1,2,4.396390,-7.882054,12.278444,0.000062,0.999995,-7.882054,4.396390,,,,,,
2,16,16.000000,agent_3,actor_logits,3,1,4,12.338194,-14.517941,6.673563,0.009942,0.998716,1.601610,5.664631,-14.517941,12.338194,,,,
2,16,16.000000,agent_4,actor_logits,3,1,4,12.338194,-14.517941,6.673563,0.009942,0.998716,1.601610,5.664631,-14.517941,12.338194,,,,
2,16,16.000000,agent_5,actor_logits,3,1,4,12.419692,-9.705635,10.008255,0.000549,0.999951,-0.015924,2.411437,-9.705635,12.419692,,,,
2,18,18.000000,agent_0,actor_logits,0,1,3,6.257314,-11.346297,6.221115,0.014322,0.998017,6.257314,0.036198,-11.346297,,,,,
2,18,18.000000,agent_1,actor_logits,0,1,3,7.473300,-12.271223,7.084083,0.006772,0.999162,7.473300,0.389217,-12.271223,,,,,
2,18,18.000000,agent_2,actor_logits,0,1,3,5.611001,-12.228298,4.254015,0.073698,0.985992,5.611001,1.356986,-12.228298,,,,,
2,18,18.000000,agent_3,actor_logits,3,1,4,9.286947,-18.700312,2.533090,0.448156,0.880107,6.418932,6.753857,-18.700312,9.286947,,,,
2,18,18.000000,agent_4,actor_logits,3,1,4,9.286947,-18.700312,2.533090,0.448156,0.880107,6.418932,6.753857,-18.700312,9.286947,,,,
2,18,18.000000,agent_5,actor_logits,1,1,3,4.456395,-14.380240,0.028300,0.693047,0.507075,4.428095,4.456395,-14.380240,,,,,
2,20,20.000000,agent_0,actor_logits,0,1,2,3.127893,1.914684,1.213210,0.538227,0.770866,3.127893,1.914684,,,,,,
2,20,20.000000,agent_1,actor_logits,0,1,2,3.452239,1.335670,2.116569,0.341250,0.892503,3.452239,1.335670,,,,,,
2,20,20.000000,agent_2,actor_logits,0,1,2,3.522620,2.625144,0.897476,0.601766,0.710430,3.522620,2.625144,,,,,,
2,20,20.000000,agent_3,actor_logits,1,1,4,11.845337,-17.501608,3.236916,0.160983,0.962193,0.087250,11.845337,-17.501608,8.608421,,,,
2,20,20.000000,agent_4,actor_logits,1,1,3,11.078306,-17.374594,10.565446,0.000298,0.999974,0.512861,11.078306,-17.374594,,,,,
2,20,20.000000,agent_5,actor_logits,1,1,3,11.808539,-19.326267,9.466817,0.000810,0.999923,2.341722,11.808539,-19.326267,,,,,
2,22,22.000000,agent_0,actor_logits,1,1,3,10.063456,-16.890326,7.749028,0.003771,0.999569,2.314428,10.063456,-16.890326,,,,,
2,22,22.000000,agent_1,actor_logits,1,1,3,9.674559,-16.577114,7.210917,0.006059,0.999262,2.463642,9.674559,-16.577114,,,,,
2,22,22.000000,agent_2,actor_logits,1,1,3,10.110783,-17.299479,7.566309,0.004432,0.999483,2.544473,10.110783,-17.299479,,,,,
2,22,22.000000,agent_3,actor_logits,3,1,4,9.693488,-15.903289,0.930212,0.596259,0.717076,0.299092,8.763276,-15.903289,9.693488,,,,
2,22,22.000000,agent_4,actor_logits,1,1,3,8.807441,-16.861937,7.570495,0.004415,0.999485,1.236946,8.807441,-16.861937,,,,,
2,22,22.000000,agent_5,actor_logits,1,1,3,9.493932,-19.312033,5.468549,0.027174,0.995800,4.025383,9.493932,-19.312033,,,,,
2,24,24.000000,agent_0,actor_logits,1,1,3,9.649392,-15.445539,8.373344,0.002164,0.999769,1.276048,9.649392,-15.445539,,,,,
2,24,24.000000,agent_1,actor_logits,1,1,3,9.650658,-15.357617,8.463837,0.001996,0.999789,1.186821,9.650658,-15.357617,,,,,
2,24,24.000000,agent_2,actor_logits,1,1,3,9.334400,-15.398324,7.608771,0.004269,0.999504,1.725629,9.334400,-15.398324,,,,,
2,24,24.000000,agent_3,actor_logits,1,1,3,10.104364,-18.983957,6.498915,0.011271,0.998497,3.605449,10.104364,-18.983957,,,,,
2,24,24.000000,agent_4,actor_logits,1,1,3,9.848946,-19.451754,5.363758,0.029675,0.995339,4.485188,9.848946,-19.451754,,,,,
2,24,24.000000,agent_5,actor_logits,1,1,3,9.690284,-20.934916,2.906796,0.203836,0.948181,6.783488,9.690284,-20.934916,,,,,
2,26,26.000000,agent_0,actor_logits,1,1,3,7.293378,-16.998375,1.825684,0.402694,0.861247,5.467694,7.293378,-16.998375,,,,,
2,26,26.000000,agent_1,actor_logits,1,1,3,7.469381,-17.049660,2.234221,0.317814,0.903281,5.235160,7.469381,-17.049660,,,,,
2,26,26.000000,agent_2,actor_logits,1,1,3,7.147874,-17.048607,1.339421,0.510767,0.792395,5.808453,7.147874,-17.048607,,,,,
2,26,26.000000,agent_3,actor_logits,1,1,3,9.736261,-21.697016,2.716182,0.232504,0.937975,7.020079,9.736261,-21.697016,,,,,
2,26,26.000000,agent_4,actor_logits,1,1,3,9.543922,-21.711695,2.230993,0.318445,0.902998,7.312930,9.543922,-21.711695,,,,,
2,26,26.000000,agent_5,actor_logits,1,1,3,9.183186,-22.132940,0.751040,0.627317,0.679405,8.432146,9.183186,-22.132940,,,,,
2,28,28.000000,agent_0,actor_logits,1,1,3,6.104023,-15.843036,0.324419,0.680162,0.580401,5.779604,6.104023,-15.843036,,,,,
2,28,28.000000,agent_1,actor_logits,1,1,3,6.325039,-15.920753,0.805973,0.618096,0.691251,5.519066,6.325039,-15.920753,,,,,
2,28,28.000000,agent_2,actor_logits,1,1,3,6.054286,-15.937875,0.054408,0.692777,0.513599,5.999877,6.054286,-15.937875,,,,,
2,28,28.000000,agent_3,actor_logits,0,1,2,6.818256,-0.081963,6.900220,0.007952,0.998993,6.818256,-0.081963,,,,,,
2,28,28.000000,agent_4,actor_logits,0,1,2,7.022426,-0.200590,7.223016,0.005995,0.999271,7.022426,-0.200590,,,,,,
2,28,28.000000,agent_5,actor_logits,0,1,2,8.178225,-0.485585,8.663809,0.001669,0.999827,8.178225,-0.485585,,,,,,
2,30,30.000000,agent_0,actor_logits,0,1,3,5.874002,-15.306114,0.110271,0.691630,0.527540,5.874002,5.763731,-15.306114,,,,,
2,30,30.000000,agent_1,actor_logits,1,1,3,5.963938,-15.381227,0.283375,0.683209,0.570374,5.680563,5.963938,-15.381227,,,,,
2,30,30.000000,agent_2,actor_logits,0,1,3,5.980992,-15.394872,0.236053,0.686230,0.558741,5.980992,5.744939,-15.394872,,,,,
2,30,30.000000,agent_3,actor_logits,0,1,3,10.229115,-22.244846,1.543809,0.465246,0.824018,10.229115,8.685306,-22.244846,,,,,
2,30,30.000000,agent_4,actor_logits,0,1,3,10.194997,-22.193789,1.512765,0.472195,0.819471,10.194997,8.682232,-22.193789,,,,,
2,30,30.000000,agent_5,actor_logits,0,1,3,10.350352,-22.356352,1.495568,0.476043,0.816913,10.350352,8.854784,-22.356352,,,,,
2,32,32.000000,agent_0,actor_logits,0,1,3,8.949489,-10.988486,11.745974,0.000101,0.999992,8.949489,-2.796485,-10.988486,,,,,
2,32,32.000000,agent_1,actor_logits,1,1,3,5.843332,-14.344860,1.124626,0.556949,0.754846,4.718706,5.843332,-14.344860,,,,,
2,32,32.000000,agent_2,actor_logits,0,1,3,8.928259,-11.052178,11.649857,0.000110,0.999991,8.928259,-2.721597,-11.052178,,,,,
2,32,32.000000,agent_3,actor_logits,1,1,3,9.782623,-21.891935,2.022779,0.360565,0.883168,7.759845,9.782623,-21.891935,,,,,
2,32,32.000000,agent_4,actor_logits,1,1,3,9.795187,-21.818094,2.118737,0.340810,0.892711,7.676450,9.795187,-21.818094,,,,,
2,32,32.000000,agent_5,actor_logits,1,1,3,9.878879,-21.927004,2.062066,0.352410,0.887161,7.816813,9.878879,-21.927004,,,,,
2,34,34.000000,agent_0,actor_logits,0,1,3,14.706240,-10.184505,22.892509,0.000000,1.000000,14.706240,-8.186270,-10.184505,,,,,
2,34,34.000000,agent_1,actor_logits,0,1,4,7.965585,-15.373621,3.070825,0.288648,0.933191,7.965585,4.285041,-15.373621,4.894760,,,,
2,34,34.000000,agent_2,actor_logits,0,1,3,14.584129,-10.145144,22.705776,0.000000,1.000000,14.584129,-8.121647,-10.145144,,,,,
2,34,34.000000,agent_3,actor_logits,0,1,4,9.501150,-11.158446,0.313017,0.681055,0.577621,9.501150,-4.515275,-11.158446,9.188133,,,,
2,34,34.000000,agent_4,actor_logits,0,1,4,9.491995,-11.133815,0.299858,0.682040,0.574408,9.491995,-4.529508,-11.133815,9.192137,,,,
2,34,34.000000,agent_5,actor_logits,0,1,4,9.767841,-11.200355,0.757848,0.626205,0.680886,9.767841,-4.629209,-11.200355,9.009994,,,,
2,36,36.000000,agent_0,actor_logits,0,1,3,2.483498,-5.581255,4.712595,0.053702,0.990790,2.483498,-2.229096,-5.581255,,,,,
2,36,36.000000,agent_1,actor_logits,0,1,3,4.877048,-11.145675,3.360756,0.146858,0.966455,4.877048,1.516292,-11.145675,,,,,
2,36,36.000000,agent_2,actor_logits,0,1,3,2.513719,-5.619053,4.729679,0.052831,0.990959,2.513719,-2.215960,-5.619053,,,,,
2,36,36.000000,agent_3,actor_logits,1,1,4,13.449037,-15.869383,8.416096,0.002094,0.999778,-0.694622,13.449037,-15.869383,5.032940,,,,
2,36,36.000000,agent_4,actor_logits,1,1,4,13.389227,-15.847473,8.375961,0.002171,0.999769,-0.639294,13.389227,-15.847473,5.013266,,,,
2,36,36.000000,agent_5,actor_logits,1,1,4,13.426198,-15.955287,8.643848,0.001713,0.999823,-0.418749,13.426198,-15.955287,4.782350,,,,
2,38,38.000000,agent_0,actor_logits,0,1,3,-0.206521,-6.339868,0.790538,0.630997,0.686922,-0.206521,-0.997059,-6.339868,,,,,
2,38,38.000000,agent_1,actor_logits,1,1,3,0.015562,-5.018020,1.436379,0.519425,0.803663,-1.420817,0.015562,-5.018020,,,,,
2,38,38.000000,agent_2,actor_logits,0,1,3,-0.160557,-6.384713,0.844067,0.621082,0.698354,-0.160557,-1.004624,-6.384713,,,,,
2,38,38.000000,agent_3,actor_logits,0,1,3,9.839436,-17.501087,7.799395,0.003606,0.999590,9.839436,2.040040,-17.501087,,,,,
2,38,38.000000,agent_4,actor_logits,0,1,3,9.877197,-17.470289,7.894330,0.003315,0.999627,9.877197,1.982868,-17.470289,,,,,
2,38,38.000000,agent_5,actor_logits,0,1,3,10.149487,-17.530092,8.296090,0.002319,0.999751,10.149487,1.853397,-17.530092,,,,,
2,40,40.000000,agent_0,actor_logits,1,1,2,1.069709,-11.431063,12.500772,0.000050,0.999996,-11.431063,1.069709,,,,,,
2,40,40.000000,agent_1,actor_logits,1,1,3,2.146192,-4.827999,5.872688,0.026717,0.996263,-3.726496,2.146192,-4.827999,,,,,
2,40,40.000000,agent_2,actor_logits,1,1,2,1.055959,-11.412896,12.468856,0.000052,0.999996,-11.412896,1.055959,,,,,,
2,40,40.000000,agent_3,actor_logits,0,1,3,4.470748,-15.169965,1.278945,0.524020,0.782270,4.470748,3.191803,-15.169965,,,,,
2,40,40.000000,agent_4,actor_logits,0,1,3,4.480578,-15.148215,1.315969,0.515924,0.788510,4.480578,3.164609,-15.148215,,,,,
2,40,40.000000,agent_5,actor_logits,0,1,3,4.761479,-15.283868,1.532533,0.467771,0.822377,4.761479,3.228946,-15.283868,,,,,
2,42,42.000000,agent_0,actor_logits,1,1,3,7.446662,-7.786650,11.454071,0.000136,0.999989,-7.786650,7.446662,-4.007410,,,,,
2,42,42.000000,agent_1,actor_logits,0,1,4,3.328403,-4.130277,2.043887,0.373788,0.883150,3.328403,1.284516,-2.786562,-4.130277,,,,
2,42,42.000000,agent_2,actor_logits,1,1,3,7.475139,-7.793208,11.495934,0.000131,0.999990,-7.793208,7.475139,-4.020794,,,,,
2,42,42.000000,agent_3,actor_logits,1,1,3,7.057148,-9.842691,11.668127,0.000109,0.999991,-9.842691,7.057148,-4.610978,,,,,
2,42,42.000000,agent_4,actor_logits,1,1,3,7.020801,-9.789632,11.625356,0.000114,0.999991,-9.789632,7.020801,-4.604555,,,,,
2,42,42.000000,agent_5,actor_logits,1,1,3,7.110357,-9.591664,11.816140,0.000096,0.999993,-9.591664,7.110357,-4.705783,,,,,
2,44,44.000000,agent_0,actor_logits,2,1,4,5.768302,-12.362722,1.923045,0.539771,0.835865,3.845257,-12.362722,5.768302,2.776649,,,,
2,44,44.000000,agent_1,actor_logits,0,1,3,7.509468,-7.120668,9.756043,0.000630,0.999942,7.509468,-7.120668,-2.246576,,,,,
2,44,44.000000,agent_2,actor_logits,2,1,4,5.773332,-12.385387,1.884249,0.541913,0.833504,3.889083,-12.385387,5.773332,2.732825,,,,
2,44,44.000000,agent_3,actor_logits,2,1,4,7.123047,-12.217762,2.775233,0.236664,0.939538,0.917121,-12.217762,7.123047,4.347815,,,,
2,44,44.000000,agent_4,actor_logits,2,1,4,7.115546,-12.185808,2.736770,0.242192,0.937446,0.874912,-12.185808,7.115546,4.378776,,,,
2,44,44.000000,agent_5,actor_logits,2,1,4,6.972857,-12.083754,2.640958,0.259948,0.931365,0.940636,-12.083754,6.972857,4.331900,,,,
2,46,46.000000,agent_0,actor_logits,0,1,4,11.920515,-13.119429,8.786081,0.001529,0.999845,11.920515,-13.119429,-1.017313,3.134434,,,,
2,46,46.000000,agent_1,actor_logits,0,1,3,7.046846,-9.461533,6.509559,0.011168,0.998513,7.046846,-9.461533,0.537287,,,,,
2,46,46.000000,agent_2,actor_logits,0,1,4,11.950339,-13.105431,8.856283,0.001436,0.999855,11.950339,-13.105431,-1.031682,3.094056,,,,
2,46,46.000000,agent_3,actor_logits,0,1,4,10.192389,-12.291182,6.621473,0.010396,0.998648,10.192389,-12.291182,-0.515923,3.570917,,,,
2,46,46.000000,agent_4,actor_logits,0,1,4,10.173132,-12.274935,6.599056,0.010600,0.998618,10.173132,-12.274935,-0.516699,3.574076,,,,
2,46,46.000000,agent_5,actor_logits,0,1,4,10.223896,-12.156517,6.692636,0.009754,0.998743,10.223896,-12.156517,-0.643180,3.531260,,,,
2,48,48.000000,agent_0,actor_logits,1,1,3,4.543826,-6.707533,9.146254,0.001241,0.999880,-6.707533,4.543826,-4.602428,,,,,
2,48,48.000000,agent_1,actor_logits,2,1,3,10.483489,-13.139366,11.716983,0.000104,0.999992,-1.233494,-13.139366,10.483489,,,,,
2,48,48.000000,agent_2,actor_logits,1,1,3,4.560646,-6.691467,9.188253,0.001201,0.999885,-6.691467,4.560646,-4.627607,,,,,
2,48,48.000000,agent_3,actor_logits,1,1,3,5.553526,-7.944292,10.324244,0.000392,0.999966,-7.944292,5.553526,-4.770717,,,,,
2,48,48.000000,agent_4,actor_logits,1,1,3,5.558631,-7.945087,10.334579,0.000388,0.999966,-7.945087,5.558631,-4.775949,,,,,
2,48,48.000000,agent_5,actor_logits,1,1,3,5.600193,-7.862798,10.535013,0.000327,0.999972,-7.862798,5.600193,-4.934821,,,,,
2,50,50.000000,agent_0,actor_logits,2,1,3,4.640253,-9.105375,5.368784,0.029566,0.995361,-9.105375,-0.728531,4.640253,,,,,
2,50,50.000000,agent_1,actor_logits,1,1,4,3.575387,-7.443210,1.342344,0.811531,0.700072,-7.443210,3.575387,2.233044,1.786680,,,,
2,50,50.000000,agent_2,actor_logits,2,1,3,4.625268,-9.091840,5.348069,0.030084,0.995264,-9.091840,-0.722801,4.625268,,,,,
2,50,50.000000,agent_3,actor_logits,2,1,3,4.039809,-9.571969,4.445533,0.063225,0.988404,-9.571969,-0.405724,4.039809,,,,,
2,50,50.000000,agent_4,actor_logits,2,1,3,4.030738,-9.569862,4.434643,0.063783,0.988279,-9.569862,-0.403905,4.030738,,,,,
2,50,50.000000,agent_5,actor_logits,2,1,3,3.952731,-9.509628,4.342074,0.068709,0.987156,-9.509628,-0.389343,3.952731,,,,,
2,52,52.000000,agent_0,actor_logits,0,1,4,2.633858,-5.655696,0.714211,0.886673,0.608170,2.633858,-5.655696,1.919647,0.765956,,,,
2,52,52.000000,agent_1,actor_logits,0,1,4,3.879824,-5.847748,2.261143,0.453535,0.873976,3.879824,-5.847748,0.658584,1.618682,,,,
2,52,52.000000,agent_2,actor_logits,0,1,4,2.650138,-5.661009,0.734024,0.880673,0.613401,2.650138,-5.661009,1.916114,0.753261,,,,
2,52,52.000000,agent_3,actor_logits,0,1,4,2.542289,-5.014287,1.057916,0.797351,0.686297,2.542289,-5.014287,1.484373,0.329482,,,,
2,52,52.000000,agent_4,actor_logits,0,1,4,2.542307,-5.006648,1.064019,0.795765,0.687551,2.542307,-5.006648,1.478288,0.324467,,,,
2,52,52.000000,agent_5,actor_logits,0,1,4,2.566290,-4.986821,1.118676,0.779702,0.699239,2.566290,-4.986821,1.447614,0.292190,,,,
2,54,54.000000,agent_0,actor_logits,1,1,3,2.290005,-4.761356,6.068729,0.023263,0.996830,-4.761356,2.290005,-3.778724,,,,,
2,54,54.000000,agent_1,actor_logits,1,1,3,2.706178,-4.202518,6.858717,0.016124,0.997955,-4.152539,2.706178,-4.202518,,,,,
2,54,54.000000,agent_2,actor_logits,1,1,3,2.299270,-4.757424,6.083328,0.023028,0.996868,-4.757424,2.299270,-3.784058,,,,,
2,54,54.000000,agent_3,actor_logits,1,1,3,3.261566,-5.263014,7.666809,0.005944,0.999334,-5.263014,3.261566,-4.405242,,,,,
2,54,54.000000,agent_4,actor_logits,1,1,3,3.268979,-5.265460,7.680692,0.005878,0.999342,-5.265460,3.268979,-4.411714,,,,,
2,54,54.000000,agent_5,actor_logits,1,1,3,3.301205,-5.265459,7.746671,0.005598,0.999378,-5.265459,3.301205,-4.445467,,,,,
2,56,56.000000,agent_0,actor_logits,2,1,3,7.536821,-16.670738,4.142896,0.080500,0.984371,-16.670738,3.393926,7.536821,,,,,
2,56,56.000000,agent_1,actor_logits,2,1,3,7.549680,-16.409300,4.204405,0.076666,0.985290,-16.409300,3.345275,7.549680,,,,,
2,56,56.000000,agent_2,actor_logits,2,1,3,7.531631,-16.667185,4.133990,0.081070,0.984234,-16.667185,3.397641,7.531631,,,,,
2,56,56.000000,agent_3,actor_logits,2,1,3,6.863364,-17.011145,2.626925,0.246928,0.932574,-17.011145,4.236439,6.863364,,,,,
2,56,56.000000,agent_4,actor_logits,2,1,3,6.856607,-17.012695,2.613396,0.249170,0.931719,-17.012695,4.243212,6.856607,,,,,
2,56,56.000000,agent_5,actor_logits,2,1,3,6.826458,-17.017992,2.552800,0.259391,0.927761,-17.017992,4.273658,6.826458,,,,,
2,58,58.000000,agent_0,actor_logits,2,1,4,5.984577,-4.863752,0.832835,0.613806,0.696931,-4.464086,-4.863752,5.984577,5.151742,,,,
2,58,58.000000,agent_1,actor_logits,2,1,4,6.185789,-4.905904,1.233194,0.534269,0.774355,-4.529650,-4.905904,6.185789,4.952595,,,,
2,58,58.000000,agent_2,actor_logits,2,1,4,5.984732,-4.866769,0.841553,0.612270,0.698768,-4.455516,-4.866769,5.984732,5.143179,,,,
2,58,58.000000,agent_3,actor_logits,2,1,4,5.691598,-4.748740,0.770495,0.624686,0.683591,-4.230353,-4.748740,5.691598,4.921103,,,,
2,58,58.000000,agent_4,actor_logits,2,1,4,5.688790,-4.748407,0.768991,0.624939,0.683266,-4.227829,-4.748407,5.688790,4.919799,,,,
2,58,58.000000,agent_5,actor_logits,2,1,4,5.674750,-4.745940,0.754962,0.627267,0.680222,-4.218402,-4.745940,5.674750,4.919787,,,,
2,60,60.000000,agent_0,actor_logits,0,1,4,11.404380,-10.889648,8.838303,0.001453,0.999853,11.404380,-10.889648,-1.791343,2.566077,,,,
2,60,60.000000,agent_1,actor_logits,0,1,4,11.622263,-10.991070,9.161646,0.001087,0.999894,11.622263,-10.991070,-1.838941,2.460617,,,,
2,60,60.000000,agent_2,actor_logits,0,1,4,11.415258,-10.892332,8.855610,0.001431,0.999856,11.415258,-10.892332,-1.794344,2.559648,,,,
2,60,60.000000,agent_3,actor_logits,0,1,4,11.796065,-10.887878,9.396577,0.000876,0.999916,11.796065,-10.887878,-2.151581,2.399488,,,,
2,60,60.000000,agent_4,actor_logits,0,1,4,11.799629,-10.888464,9.401023,0.000872,0.999917,11.799629,-10.888464,-2.154498,2.398607,,,,
2,60,60.000000,agent_5,actor_logits,0,1,4,11.811980,-10.891199,9.413214,0.000863,0.999918,11.811980,-10.891199,-2.165612,2.398767,,,,
2,62,62.000000,agent_0,actor_logits,1,1,3,4.595777,-8.817533,6.292296,0.013493,0.998151,-8.817533,4.595777,-1.696519,,,,,
2,62,62.000000,agent_1,actor_logits,1,1,3,4.617140,-8.730930,6.381587,0.012496,0.998309,-8.730930,4.617140,-1.764446,,,,,
2,62,62.000000,agent_2,actor_logits,1,1,3,4.595450,-8.813695,6.292869,0.013486,0.998152,-8.813695,4.595450,-1.697419,,,,,
2,62,62.000000,agent_3,actor_logits,1,1,3,4.870564,-8.718769,6.877617,0.008129,0.998969,-8.718769,4.870564,-2.007053,,,,,
2,62,62.000000,agent_4,actor_logits,1,1,3,4.872484,-8.717319,6.882355,0.008096,0.998974,-8.717319,4.872484,-2.009871,,,,,
2,62,62.000000,agent_5,actor_logits,1,1,3,4.877345,-8.709583,6.896226,0.007999,0.998988,-8.709583,4.877345,-2.018881,,,,,
2,64,64.000000,agent_0,actor_logits,1,1,3,5.096617,-13.934743,0.271871,0.683993,0.567552,-13.934743,5.096617,4.824747,,,,,
2,64,64.000000,agent_1,actor_logits,1,1,3,5.137526,-13.917031,0.381704,0.675261,0.594284,-13.917031,5.137526,4.755822,,,,,
2,64,64.000000,agent_2,actor_logits,1,1,3,5.094761,-13.931334,0.270074,0.684112,0.567111,-13.931334,5.094761,4.824687,,,,,
2,64,64.000000,agent_3,actor_logits,1,1,3,5.343900,-13.899585,0.772299,0.623804,0.684018,-13.899585,5.343900,4.571601,,,,,
2,64,64.000000,agent_4,actor_logits,1,1,3,5.345240,-13.898882,0.775511,0.623267,0.684712,-13.898882,5.345240,4.569729,,,,,
2,64,64.000000,agent_5,actor_logits,1,1,3,5.349801,-13.896795,0.785455,0.621594,0.686855,-13.896795,5.349801,4.564346,,,,,
2,66,66.000000,agent_0,actor_logits,3,1,4,3.521675,-6.726937,0.792059,0.825845,0.641841,2.729616,-6.726937,1.268560,3.521675,,,,
2,66,66.000000,agent_1,actor_logits,3,1,4,3.582927,-6.694349,0.879207,0.798165,0.663536,2.703720,-6.694349,1.196204,3.582927,,,,
2,66,66.000000,agent_2,actor_logits,3,1,4,3.518222,-6.728065,0.785598,0.827144,0.640451,2.732624,-6.728065,1.269332,3.518222,,,,
2,66,66.000000,agent_3,actor_logits,3,1,4,3.362366,-6.719152,0.374003,0.851017,0.560103,2.988363,-6.719152,1.033118,3.362366,,,,
2,66,66.000000,agent_4,actor_logits,3,1,4,3.360838,-6.719396,0.370512,0.851178,0.559343,2.990326,-6.719396,1.031799,3.360838,,,,
2,66,66.000000,agent_5,actor_logits,3,1,4,3.357146,-6.718854,0.362527,0.851429,0.557631,2.994619,-6.718854,1.027644,3.357146,,,,
2,70,70.000000,agent_0,actor_logits,0,1,7,9.050423,-8.421329,8.338446,0.004845,0.999516,9.050423,-8.421329,-0.943539,-0.346869,0.711977,-0.868757,-0.558965,
2,70,70.000000,agent_1,actor_logits,0,1,7,9.055998,-8.358485,8.339267,0.004774,0.999524,9.055998,-8.358485,-1.005040,-0.378333,0.716731,-0.875282,-0.562006,
2,70,70.000000,agent_2,actor_logits,0,1,7,9.052622,-8.422981,8.340023,0.004837,0.999517,9.052622,-8.422981,-0.942802,-0.347641,0.712599,-0.868829,-0.558841,
2,70,70.000000,agent_3,actor_logits,0,1,7,9.092697,-8.181312,8.367504,0.004433,0.999559,9.092697,-8.181312,-1.120784,-0.584500,0.725193,-0.900581,-0.574898,
2,70,70.000000,agent_4,actor_logits,0,1,7,9.093014,-8.179794,8.368052,0.004430,0.999560,9.093014,-8.179794,-1.121951,-0.585971,0.724962,-0.900757,-0.575001,
2,70,70.000000,agent_5,actor_logits,0,1,7,9.093588,-8.174606,8.368726,0.004423,0.999561,9.093588,-8.174606,-1.125985,-0.589897,0.724862,-0.901302,-0.575272,
2,76,76.000000,agent_0,actor_logits,2,1,3,0.244529,-7.388625,2.810748,0.221787,0.942823,-7.388625,-2.566219,0.244529,,,,,
2,76,76.000000,agent_1,actor_logits,2,1,3,0.224491,-7.372221,2.792804,0.224621,0.941840,-7.372221,-2.568313,0.224491,,,,,
2,76,76.000000,agent_2,actor_logits,2,1,3,0.243921,-7.386904,2.810264,0.221867,0.942796,-7.386904,-2.566343,0.243921,,,,,
2,76,76.000000,agent_3,actor_logits,2,1,3,0.169683,-7.344088,2.714436,0.237048,0.937393,-7.344088,-2.544752,0.169683,,,,,
2,76,76.000000,agent_4,actor_logits,2,1,3,0.169594,-7.344570,2.714026,0.237111,0.937370,-7.344570,-2.544432,0.169594,,,,,
2,76,76.000000,agent_5,actor_logits,2,1,3,0.169037,-7.345701,2.712442,0.237359,0.937278,-7.345701,-2.543404,0.169037,,,,,
2,82,82.000000,agent_0,actor_logits,3,1,7,10.516883,-10.567886,4.666492,0.056727,0.990297,-10.567886,1.785948,1.567525,10.516883,5.850391,1.114879,-0.390505,
2,82,82.000000,agent_1,actor_logits,3,1,7,10.512310,-10.566315,4.659762,0.057035,0.990233,-10.566315,1.796703,1.556700,10.512310,5.852548,1.114238,-0.391128,
2,82,82.000000,agent_2,actor_logits,3,1,7,10.516789,-10.567726,4.666276,0.056736,0.990296,-10.567726,1.786173,1.567144,10.516789,5.850514,1.114856,-0.390498,
2,82,82.000000,agent_3,actor_logits,3,1,7,10.516517,-10.571655,4.658591,0.057079,0.990223,-10.571655,1.813491,1.542409,10.516517,5.857926,1.114889,-0.392664,
2,82,82.000000,agent_4,actor_logits,3,1,7,10.516583,-10.571649,4.658681,0.057075,0.990224,-10.571649,1.813362,1.542529,10.516583,5.857903,1.114905,-0.392664,
2,82,82.000000,agent_5,actor_logits,3,1,7,10.516684,-10.571814,4.658755,0.057071,0.990225,-10.571814,1.813393,1.542630,10.516684,5.857929,1.114928,-0.392686,
2,84,84.000000,agent_0,actor_logits,1,1,4,6.159162,-9.687798,1.969070,0.371977,0.877502,-5.228628,6.159162,4.190092,-9.687798,,,,
2,84,84.000000,agent_1,actor_logits,1,1,4,6.161171,-9.692372,1.979556,0.369761,0.878625,-5.223557,6.161171,4.181615,-9.692372,,,,
2,84,84.000000,agent_2,actor_logits,1,1,4,6.158998,-9.687718,1.968909,0.372011,0.877485,-5.228541,6.158998,4.190089,-9.687718,,,,
2,84,84.000000,agent_3,actor_logits,1,1,4,6.166273,-9.698759,1.986700,0.368254,0.879385,-5.226355,6.166273,4.179573,-9.698759,,,,
2,84,84.000000,agent_4,actor_logits,1,1,4,6.166309,-9.698785,1.986664,0.368261,0.879381,-5.226413,6.166309,4.179645,-9.698785,,,,
2,84,84.000000,agent_5,actor_logits,1,1,4,6.166480,-9.698917,1.986873,0.368217,0.879403,-5.226488,6.166480,4.179606,-9.698917,,,,
2,86,86.000000,agent_0,actor_logits,0,1,4,5.282176,-9.464385,2.410924,0.420601,0.887223,5.282176,1.995536,-9.464385,2.871252,,,,
2,86,86.000000,agent_1,actor_logits,0,1,4,5.291152,-9.472705,2.422275,0.417762,0.888299,5.291152,1.995042,-9.472705,2.868877,,,,
2,86,86.000000,agent_2,actor_logits,0,1,4,5.282215,-9.464351,2.410987,0.420578,0.887232,5.282215,1.995447,-9.464351,2.871228,,,,
2,86,86.000000,agent_3,actor_logits,0,1,4,5.292315,-9.473144,2.420662,0.417607,0.888312,5.292315,1.991882,-9.473144,2.871653,,,,
2,86,86.000000,agent_4,actor_logits,0,1,4,5.292260,-9.473073,2.420581,0.417624,0.888305,5.292260,1.991866,-9.473073,2.871679,,,,
2,86,86.000000,agent_5,actor_logits,0,1,4,5.292302,-9.473138,2.420615,0.417617,0.888308,5.292302,1.991890,-9.473138,2.871687,,,,
2,88,88.000000,agent_0,actor_logits,1,1,4,6.610335,-6.118718,4.861532,0.045133,0.992314,-5.850412,6.610335,1.748803,-6.118718,,,,
2,88,88.000000,agent_1,actor_logits,1,1,4,6.606336,-6.125185,4.859720,0.045201,0.992300,-5.839867,6.606336,1.746615,-6.125185,,,,
2,88,88.000000,agent_2,actor_logits,1,1,4,6.610300,-6.118854,4.861457,0.045136,0.992313,-5.850370,6.610300,1.748843,-6.118854,,,,
2,88,88.000000,agent_3,actor_logits,1,1,4,6.604118,-6.118111,4.858387,0.045251,0.992290,-5.839903,6.604118,1.745731,-6.118111,,,,
2,88,88.000000,agent_4,actor_logits,1,1,4,6.604128,-6.117995,4.858416,0.045250,0.992290,-5.839953,6.604128,1.745712,-6.117995,,,,
2,88,88.000000,agent_5,actor_logits,1,1,4,6.604113,-6.117890,4.858450,0.045249,0.992290,-5.839919,6.604113,1.745663,-6.117890,,,,
2,90,90.000000,agent_0,actor_logits,1,1,4,8.378442,-7.865151,5.700188,0.022519,0.996651,-2.779330,8.378442,-7.865151,2.678254,,,,
2,90,90.000000,agent_1,actor_logits,1,1,4,8.378355,-7.873536,5.700556,0.022514,0.996653,-2.769549,8.378355,-7.873536,2.677799,,,,
2,90,90.000000,agent_2,actor_logits,1,1,4,8.378429,-7.865257,5.700195,0.022519,0.996651,-2.779211,8.378429,-7.865257,2.678234,,,,
2,90,90.000000,agent_3,actor_logits,1,1,4,8.379679,-7.869674,5.702101,0.022484,0.996658,-2.774235,8.379679,-7.869674,2.677578,,,,
2,90,90.000000,agent_4,actor_logits,1,1,4,8.379675,-7.869568,5.702125,0.022483,0.996658,-2.774323,8.379675,-7.869568,2.677551,,,,
2,90,90.000000,agent_5,actor_logits,1,1,4,8.379693,-7.869506,5.702151,0.022483,0.996658,-2.774383,8.379693,-7.869506,2.677542,,,,
2,92,92.000000,agent_0,actor_logits,1,1,4,10.965111,-10.197178,7.349766,0.005369,0.999357,-3.971935,10.965111,-10.197178,3.615345,,,,
2,92,92.000000,agent_1,actor_logits,1,1,4,10.961763,-10.199739,7.347319,0.005380,0.999356,-3.965083,10.961763,-10.199739,3.614444,,,,
2,92,92.000000,agent_2,actor_logits,1,1,4,10.965057,-10.197268,7.349751,0.005369,0.999357,-3.971776,10.965057,-10.197268,3.615307,,,,
2,92,92.000000,agent_3,actor_logits,1,1,4,10.963203,-10.197643,7.347333,0.005380,0.999356,-3.969201,10.963203,-10.197643,3.615870,,,,
2,92,92.000000,agent_4,actor_logits,1,1,4,10.963215,-10.197585,7.347372,0.005380,0.999356,-3.969249,10.963215,-10.197585,3.615843,,,,
2,92,92.000000,agent_5,actor_logits,1,1,4,10.963244,-10.197527,7.347388,0.005380,0.999356,-3.969336,10.963244,-10.197527,3.615857,,,,
2,94,94.000000,agent_0,actor_logits,1,1,4,7.920936,-12.965980,2.274570,0.316718,0.905961,0.971166,7.920936,-12.965980,5.646367,,,,
2,94,94.000000,agent_1,actor_logits,1,1,4,7.918431,-12.968390,2.273888,0.316903,0.905896,0.977863,7.918431,-12.968390,5.644543,,,,
2,94,94.000000,agent_2,actor_logits,1,1,4,7.920887,-12.966086,2.274593,0.316715,0.905963,0.971378,7.920887,-12.966086,5.646294,,,,
2,94,94.000000,agent_3,actor_logits,1,1,4,7.919973,-12.965723,2.273293,0.316972,0.905852,0.971904,7.919973,-12.965723,5.646680,,,,
2,94,94.000000,agent_4,actor_logits,1,1,4,7.919958,-12.965670,2.273282,0.316974,0.905851,0.971866,7.919958,-12.965670,5.646676,,,,
2,94,94.000000,agent_5,actor_logits,1,1,4,7.919979,-12.965594,2.273259,0.316978,0.905849,0.971737,7.919979,-12.965594,5.646719,,,,
2,96,96.000000,agent_0,actor_logits,1,1,4,9.199643,-11.512757,4.819226,0.046976,0.991962,-1.205378,9.199643,-11.512757,4.380417,,,,
2,96,96.000000,agent_1,actor_logits,1,1,4,9.198477,-11.516708,4.819331,0.046975,0.991962,-1.198789,9.198477,-11.516708,4.379146,,,,
2,96,96.000000,agent_2,actor_logits,1,1,4,9.199594,-11.512890,4.819230,0.046976,0.991962,-1.205141,9.199594,-11.512890,4.380364,,,,
2,96,96.000000,agent_3,actor_logits,1,1,4,9.199934,-11.513535,4.819053,0.046983,0.991960,-1.205173,9.199934,-11.513535,4.380881,,,,
2,96,96.000000,agent_4,actor_logits,1,1,4,9.199903,-11.513453,4.819047,0.046983,0.991960,-1.205209,9.199903,-11.513453,4.380856,,,,
2,96,96.000000,agent_5,actor_logits,1,1,4,9.199926,-11.513363,4.819043,0.046983,0.991960,-1.205356,9.199926,-11.513363,4.380884,,,,
2,98,98.000000,agent_0,actor_logits,0,1,3,5.255589,-11.316105,5.459306,0.027388,0.995761,5.255589,-11.316105,-0.203718,,,,,
2,98,98.000000,agent_1,actor_logits,0,1,3,5.257995,-11.319416,5.460264,0.027366,0.995765,5.257995,-11.319416,-0.202268,,,,,
2,98,98.000000,agent_2,actor_logits,0,1,3,5.255690,-11.316243,5.459349,0.027387,0.995762,5.255690,-11.316243,-0.203659,,,,,
2,98,98.000000,agent_3,actor_logits,0,1,3,5.255058,-11.316027,5.458537,0.027406,0.995758,5.255058,-11.316027,-0.203479,,,,,
2,98,98.000000,agent_4,actor_logits,0,1,3,5.255080,-11.315989,5.458595,0.027404,0.995758,5.255080,-11.315989,-0.203515,,,,,
2,98,98.000000,agent_5,actor_logits,0,1,3,5.255021,-11.315900,5.458576,0.027405,0.995758,5.255021,-11.315900,-0.203555,,,,,
2,100,100.000000,agent_0,actor_logits,0,1,3,5.370280,-12.630415,2.337685,0.298002,0.911950,5.370280,3.032595,-12.630415,,,,,
2,100,100.000000,agent_1,actor_logits,0,1,3,5.375010,-12.631234,2.343662,0.296882,0.912429,5.375010,3.031348,-12.631234,,,,,
2,100,100.000000,agent_2,actor_logits,0,1,3,5.370476,-12.630422,2.337966,0.297950,0.911973,5.370476,3.032511,-12.630422,,,,,
2,100,100.000000,agent_3,actor_logits,0,1,3,5.370166,-12.630630,2.337185,0.298096,0.911910,5.370166,3.032981,-12.630630,,,,,
2,100,100.000000,agent_4,actor_logits,0,1,3,5.370095,-12.630631,2.337080,0.298116,0.911902,5.370095,3.033015,-12.630631,,,,,
2,100,100.000000,agent_5,actor_logits,0,1,3,5.369961,-12.630630,2.336887,0.298152,0.911886,5.369961,3.033074,-12.630630,,,,,
2,102,102.000000,agent_0,actor_logits,0,1,2,6.128727,-21.400005,27.528732,0.000000,1.000000,6.128727,-21.400005,,,,,,
2,102,102.000000,agent_1,actor_logits,0,1,2,6.132149,-21.399069,27.531218,0.000000,1.000000,6.132149,-21.399069,,,,,,
2,102,102.000000,agent_2,actor_logits,0,1,2,6.128874,-21.399961,27.528835,0.000000,1.000000,6.128874,-21.399961,,,,,,
2,102,102.000000,agent_3,actor_logits,0,1,2,6.128455,-21.400135,27.528589,0.000000,1.000000,6.128455,-21.400135,,,,,,
2,102,102.000000,agent_4,actor_logits,0,1,2,6.128449,-21.400139,27.528587,0.000000,1.000000,6.128449,-21.400139,,,,,,
2,102,102.000000,agent_5,actor_logits,0,1,2,6.128356,-21.400167,27.528524,0.000000,1.000000,6.128356,-21.400167,,,,,,
2,104,104.000000,agent_0,actor_logits,1,1,3,4.602271,-14.399640,1.987510,0.367961,0.879479,-14.399640,4.602271,2.614761,,,,,
2,104,104.000000,agent_1,actor_logits,1,1,3,4.604829,-14.398645,1.992220,0.366969,0.879978,-14.398645,4.604829,2.612609,,,,,
2,104,104.000000,agent_2,actor_logits,1,1,3,4.602369,-14.399587,1.987689,0.367923,0.879498,-14.399587,4.602369,2.614680,,,,,
2,104,104.000000,agent_3,actor_logits,1,1,3,4.602471,-14.399974,1.987808,0.367898,0.879511,-14.399974,4.602471,2.614664,,,,,
2,104,104.000000,agent_4,actor_logits,1,1,3,4.602438,-14.399963,1.987753,0.367910,0.879505,-14.399963,4.602438,2.614685,,,,,
2,104,104.000000,agent_5,actor_logits,1,1,3,4.602376,-14.399999,1.987637,0.367934,0.879493,-14.399999,4.602376,2.614738,,,,,
2,106,106.000000,agent_0,actor_logits,2,1,3,10.497521,-8.960428,18.917656,0.000000,1.000000,-8.420134,-8.960428,10.497521,,,,,
2,106,106.000000,agent_1,actor_logits,2,1,3,10.496440,-8.959288,18.915905,0.000000,1.000000,-8.419466,-8.959288,10.496440,,,,,
2,106,106.000000,agent_2,actor_logits,2,1,3,10.497484,-8.960384,18.917587,0.000000,1.000000,-8.420103,-8.960384,10.497484,,,,,
2,106,106.000000,agent_3,actor_logits,2,1,3,10.497306,-8.960303,18.917437,0.000000,1.000000,-8.420131,-8.960303,10.497306,,,,,
2,106,106.000000,agent_4,actor_logits,2,1,3,10.497325,-8.960317,18.917461,0.000000,1.000000,-8.420135,-8.960317,10.497325,,,,,
2,106,106.000000,agent_5,actor_logits,2,1,3,10.497352,-8.960344,18.917507,0.000000,1.000000,-8.420155,-8.960344,10.497352,,,,,
2,108,108.000000,agent_0,actor_logits,2,1,4,4.152375,-9.332023,0.085551,0.740117,0.516321,-9.332023,4.066823,4.152375,0.176987,,,,
2,108,108.000000,agent_1,actor_logits,2,1,4,4.151050,-9.333305,0.082180,0.740216,0.515484,-9.333305,4.068870,4.151050,0.178051,,,,
2,108,108.000000,agent_2,actor_logits,2,1,4,4.152326,-9.332072,0.085424,0.740121,0.516289,-9.332072,4.066902,4.152326,0.177028,,,,
2,108,108.000000,agent_3,actor_logits,2,1,4,4.152227,-9.332047,0.085268,0.740125,0.516251,-9.332047,4.066959,4.152227,0.177009,,,,
2,108,108.000000,agent_4,actor_logits,2,1,4,4.152252,-9.332014,0.085330,0.740122,0.516266,-9.332014,4.066922,4.152252,0.176982,,,,
2,108,108.000000,agent_5,actor_logits,2,1,4,4.152286,-9.331977,0.085417,0.740120,0.516288,-9.331977,4.066869,4.152286,0.176952,,,,
2,110,110.000000,agent_0,actor_logits,3,1,4,2.245986,-3.880136,0.118109,0.855944,0.504101,2.127876,-3.880136,-0.129771,2.245986,,,,
2,110,110.000000,agent_1,actor_logits,3,1,4,2.246578,-3.879001,0.119450,0.855857,0.504432,2.127128,-3.879001,-0.130359,2.246578,,,,
2,110,110.000000,agent_2,actor_logits,3,1,4,2.246010,-3.880092,0.118162,0.855940,0.504114,2.127848,-3.880092,-0.129795,2.246010,,,,
2,110,110.000000,agent_3,actor_logits,3,1,4,2.245951,-3.880030,0.118155,0.855948,0.504111,2.127796,-3.880030,-0.129788,2.245951,,,,
2,110,110.000000,agent_4,actor_logits,3,1,4,2.245932,-3.880054,0.118102,0.855949,0.504099,2.127830,-3.880054,-0.129784,2.245932,,,,
2,110,110.000000,agent_5,actor_logits,3,1,4,2.245913,-3.880084,0.118060,0.855951,0.504088,2.127853,-3.880084,-0.129770,2.245913,,,,
2,112,112.000000,agent_0,actor_logits,0,1,4,10.259526,-5.900224,9.235899,0.001003,0.999902,10.259526,-4.950625,-5.900224,1.023627,,,,
2,112,112.000000,agent_1,actor_logits,0,1,4,10.259245,-5.900370,9.235389,0.001004,0.999902,10.259245,-4.950379,-5.900370,1.023856,,,,
2,112,112.000000,agent_2,actor_logits,0,1,4,10.259518,-5.900229,9.235880,0.001003,0.999902,10.259518,-4.950617,-5.900229,1.023638,,,,
2,112,112.000000,agent_3,actor_logits,0,1,4,10.259476,-5.900261,9.235923,0.001003,0.999902,10.259476,-4.950519,-5.900261,1.023553,,,,
2,112,112.000000,agent_4,actor_logits,0,1,4,10.259503,-5.900267,9.235962,0.001003,0.999902,10.259503,-4.950526,-5.900267,1.023541,,,,
2,112,112.000000,agent_5,actor_logits,0,1,4,10.259516,-5.900267,9.235985,0.001003,0.999902,10.259516,-4.950531,-5.900267,1.023531,,,,
2,114,114.000000,agent_0,actor_logits,2,1,4,5.513364,-7.220828,5.822713,0.025872,0.996359,-0.309349,-1.762618,5.513364,-7.220828,,,,
2,114,114.000000,agent_1,actor_logits,2,1,4,5.513422,-7.220541,5.823042,0.025866,0.996360,-0.309620,-1.762600,5.513422,-7.220541,,,,
2,114,114.000000,agent_2,actor_logits,2,1,4,5.513367,-7.220813,5.822727,0.025871,0.996359,-0.309360,-1.762619,5.513367,-7.220813,,,,
2,114,114.000000,agent_3,actor_logits,2,1,4,5.513320,-7.220911,5.822686,0.025873,0.996359,-0.309365,-1.762516,5.513320,-7.220911,,,,
2,114,114.000000,agent_4,actor_logits,2,1,4,5.513313,-7.220918,5.822660,0.025873,0.996359,-0.309348,-1.762519,5.513313,-7.220918,,,,
2,114,114.000000,agent_5,actor_logits,2,1,4,5.513310,-7.220930,5.822648,0.025873,0.996358,-0.309337,-1.762518,5.513310,-7.220930,,,,
2,116,116.000000,agent_0,actor_logits,0,1,4,16.335466,-17.000891,15.161385,0.000005,1.000000,16.335466,-17.000891,-0.174778,1.174082,,,,
2,116,116.000000,agent_1,actor_logits,0,1,4,16.335121,-17.001013,15.160883,0.000005,1.000000,16.335121,-17.001013,-0.174489,1.174238,,,,
2,116,116.000000,agent_2,actor_logits,0,1,4,16.335451,-17.000898,15.161362,0.000005,1.000000,16.335451,-17.000898,-0.174764,1.174090,,,,
2,116,116.000000,agent_3,actor_logits,0,1,4,16.335455,-17.000826,15.161434,0.000005,1.000000,16.335455,-17.000826,-0.174818,1.174021,,,,
2,116,116.000000,agent_4,actor_logits,0,1,4,16.335459,-17.000826,15.161442,0.000005,1.000000,16.335459,-17.000826,-0.174820,1.174017,,,,
2,116,116.000000,agent_5,actor_logits,0,1,4,16.335470,-17.000822,15.161460,0.000005,1.000000,16.335470,-17.000822,-0.174828,1.174011,,,,
2,118,118.000000,agent_0,actor_logits,1,1,3,5.624936,-8.231061,7.885709,0.003355,0.999623,-2.260772,5.624936,-8.231061,,,,,
2,118,118.000000,agent_1,actor_logits,1,1,3,5.624968,-8.230735,7.886177,0.003353,0.999623,-2.261209,5.624968,-8.230735,,,,,
2,118,118.000000,agent_2,actor_logits,1,1,3,5.624934,-8.231046,7.885722,0.003355,0.999623,-2.260788,5.624934,-8.231046,,,,,
2,118,118.000000,agent_3,actor_logits,1,1,3,5.625100,-8.231148,7.885934,0.003354,0.999623,-2.260834,5.625100,-8.231148,,,,,
2,118,118.000000,agent_4,actor_logits,1,1,3,5.625096,-8.231158,7.885912,0.003354,0.999623,-2.260816,5.625096,-8.231158,,,,,
2,118,118.000000,agent_5,actor_logits,1,1,3,5.625098,-8.231170,7.885901,0.003354,0.999623,-2.260804,5.625098,-8.231170,,,,,
2,120,120.000000,agent_0,actor_logits,2,1,3,5.702315,-9.497911,7.952602,0.003152,0.999648,-2.250287,-9.497911,5.702315,,,,,
2,120,120.000000,agent_1,actor_logits,2,1,3,5.702625,-9.498045,7.953332,0.003150,0.999648,-2.250708,-9.498045,5.702625,,,,,
2,120,120.000000,agent_2,actor_logits,2,1,3,5.702330,-9.497920,7.952633,0.003152,0.999648,-2.250303,-9.497920,5.702330,,,,,
2,120,120.000000,agent_3,actor_logits,2,1,3,5.702258,-9.497822,7.952583,0.003152,0.999648,-2.250325,-9.497822,5.702258,,,,,
2,120,120.000000,agent_4,actor_logits,2,1,3,5.702253,-9.497828,7.952565,0.003152,0.999648,-2.250312,-9.497828,5.702253,,,,,
2,120,120.000000,agent_5,actor_logits,2,1,3,5.702243,-9.497822,7.952543,0.003152,0.999648,-2.250301,-9.497822,5.702243,,,,,
2,122,122.000000,agent_0,actor_logits,0,1,4,4.842806,-3.787393,2.329234,0.303498,0.910879,4.842806,-3.787393,-3.297015,2.513572,,,,
2,122,122.000000,agent_1,actor_logits,0,1,4,4.842707,-3.787847,2.328894,0.303562,0.910851,4.842707,-3.787847,-3.296608,2.513813,,,,
2,122,122.000000,agent_2,actor_logits,0,1,4,4.842803,-3.787411,2.329219,0.303501,0.910878,4.842803,-3.787411,-3.296999,2.513583,,,,
2,122,122.000000,agent_3,actor_logits,0,1,4,4.842781,-3.787337,2.329259,0.303493,0.910881,4.842781,-3.787337,-3.297018,2.513521,,,,
2,122,122.000000,agent_4,actor_logits,0,1,4,4.842776,-3.787328,2.329253,0.303494,0.910881,4.842776,-3.787328,-3.297021,2.513522,,,,
2,122,122.000000,agent_5,actor_logits,0,1,4,4.842777,-3.787313,2.329262,0.303493,0.910881,4.842777,-3.787313,-3.297033,2.513515,,,,
2,124,124.000000,agent_0,actor_logits,0,1,3,4.249339,-5.730965,6.738747,0.009661,0.998771,4.249339,-5.730965,-2.489408,,,,,
2,124,124.000000,agent_1,actor_logits,0,1,3,4.249143,-5.731155,6.738238,0.009665,0.998771,4.249143,-5.731155,-2.489095,,,,,
2,124,124.000000,agent_2,actor_logits,0,1,3,4.249331,-5.730974,6.738725,0.009661,0.998771,4.249331,-5.730974,-2.489394,,,,,
2,124,124.000000,agent_3,actor_logits,0,1,3,4.249342,-5.730919,6.738796,0.009661,0.998771,4.249342,-5.730919,-2.489454,,,,,
2,124,124.000000,agent_4,actor_logits,0,1,3,4.249344,-5.730917,6.738801,0.009661,0.998771,4.249344,-5.730917,-2.489457,,,,,
2,124,124.000000,agent_5,actor_logits,0,1,3,4.249350,-5.730911,6.738816,0.009660,0.998771,4.249350,-5.730911,-2.489466,,,,,
2,126,126.000000,agent_0,actor_logits,0,1,3,14.911104,-15.955873,15.281933,0.000004,1.000000,14.911104,-15.955873,-0.370829,,,,,
2,126,126.000000,agent_1,actor_logits,0,1,3,14.910893,-15.955996,15.281529,0.000004,1.000000,14.910893,-15.955996,-0.370636,,,,,
2,126,126.000000,agent_2,actor_logits,0,1,3,14.911094,-15.955875,15.281915,0.000004,1.000000,14.911094,-15.955875,-0.370821,,,,,
2,126,126.000000,agent_3,actor_logits,0,1,3,14.911160,-15.955927,15.281982,0.000004,1.000000,14.911160,-15.955927,-0.370823,,,,,
2,126,126.000000,agent_4,actor_logits,0,1,3,14.911160,-15.955923,15.281985,0.000004,1.000000,14.911160,-15.955923,-0.370825,,,,,
2,126,126.000000,agent_5,actor_logits,0,1,3,14.911165,-15.955919,15.281997,0.000004,1.000000,14.911165,-15.955919,-0.370831,,,,,
2,128,128.000000,agent_0,actor_logits,0,1,3,13.685724,-10.900559,20.397156,0.000000,1.000000,13.685724,-6.711432,-10.900559,,,,,
2,128,128.000000,agent_1,actor_logits,0,1,3,13.685709,-10.900413,20.397375,0.000000,1.000000,13.685709,-6.711667,-10.900413,,,,,
2,128,128.000000,agent_2,actor_logits,0,1,3,13.685722,-10.900554,20.397165,0.000000,1.000000,13.685722,-6.711442,-10.900554,,,,,
2,128,128.000000,agent_3,actor_logits,0,1,3,13.685715,-10.900578,20.397146,0.000000,1.000000,13.685715,-6.711432,-10.900578,,,,,
2,128,128.000000,agent_4,actor_logits,0,1,3,13.685715,-10.900577,20.397144,0.000000,1.000000,13.685715,-6.711429,-10.900577,,,,,
2,128,128.000000,agent_5,actor_logits,0,1,3,13.685715,-10.900581,20.397137,0.000000,1.000000,13.685715,-6.711422,-10.900581,,,,,
2,130,130.000000,agent_0,actor_logits,0,1,3,9.336647,-13.644326,8.635873,0.001711,0.999822,9.336647,-13.644326,0.700775,,,,,
2,130,130.000000,agent_1,actor_logits,0,1,3,9.336535,-13.644363,8.635704,0.001711,0.999822,9.336535,-13.644363,0.700831,,,,,
2,130,130.000000,agent_2,actor_logits,0,1,3,9.336643,-13.644328,8.635866,0.001711,0.999822,9.336643,-13.644328,0.700777,,,,,
2,130,130.000000,agent_3,actor_logits,0,1,3,9.336643,-13.644327,8.635875,0.001711,0.999822,9.336643,-13.644327,0.700768,,,,,
2,130,130.000000,agent_4,actor_logits,0,1,3,9.336643,-13.644326,8.635875,0.001711,0.999822,9.336643,-13.644326,0.700769,,,,,
2,130,130.000000,agent_5,actor_logits,0,1,3,9.336645,-13.644325,8.635879,0.001711,0.999822,9.336645,-13.644325,0.700767,,,,,
2,132,132.000000,agent_0,actor_logits,2,1,3,6.852693,-14.742190,1.200217,0.541006,0.768563,5.652476,-14.742190,6.852693,,,,,
2,132,132.000000,agent_1,actor_logits,2,1,3,6.852762,-14.742124,1.200355,0.540977,0.768588,5.652407,-14.742124,6.852762,,,,,
2,132,132.000000,agent_2,actor_logits,2,1,3,6.852696,-14.742188,1.200223,0.541005,0.768565,5.652473,-14.742188,6.852696,,,,,
2,132,132.000000,agent_3,actor_logits,2,1,3,6.852692,-14.742193,1.200222,0.541005,0.768564,5.652470,-14.742193,6.852692,,,,,
2,132,132.000000,agent_4,actor_logits,2,1,3,6.852692,-14.742193,1.200221,0.541006,0.768564,5.652471,-14.742193,6.852692,,,,,
2,132,132.000000,agent_5,actor_logits,2,1,3,6.852690,-14.742196,1.200218,0.541006,0.768564,5.652472,-14.742196,6.852690,,,,,
2,134,134.000000,agent_0,actor_logits,1,1,4,6.485471,-8.681793,3.011649,0.193064,0.952677,-8.681793,6.485471,-1.191216,3.473822,,,,
2,134,134.000000,agent_1,actor_logits,1,1,4,6.485373,-8.681713,3.011571,0.193075,0.952673,-8.681713,6.485373,-1.191162,3.473803,,,,
2,134,134.000000,agent_2,actor_logits,1,1,4,6.485467,-8.681789,3.011648,0.193065,0.952676,-8.681789,6.485467,-1.191214,3.473820,,,,
2,134,134.000000,agent_3,actor_logits,1,1,4,6.485465,-8.681805,3.011618,0.193069,0.952675,-8.681805,6.485465,-1.191211,3.473847,,,,
2,134,134.000000,agent_4,actor_logits,1,1,4,6.485466,-8.681806,3.011620,0.193068,0.952675,-8.681806,6.485466,-1.191211,3.473846,,,,
2,134,134.000000,agent_5,actor_logits,1,1,4,6.485468,-8.681808,3.011622,0.193068,0.952675,-8.681808,6.485468,-1.191213,3.473847,,,,
2,136,136.000000,agent_0,actor_logits,1,1,3,2.048435,-4.490795,6.453820,0.022571,0.996989,-4.405385,2.048435,-4.490795,,,,,
2,136,136.000000,agent_1,actor_logits,1,1,3,2.048380,-4.490758,6.453724,0.022573,0.996989,-4.405344,2.048380,-4.490758,,,,,
2,136,136.000000,agent_2,actor_logits,1,1,3,2.048432,-4.490793,6.453814,0.022571,0.996989,-4.405382,2.048432,-4.490793,,,,,
2,136,136.000000,agent_3,actor_logits,1,1,3,2.048437,-4.490797,6.453825,0.022571,0.996989,-4.405388,2.048437,-4.490797,,,,,
2,136,136.000000,agent_4,actor_logits,1,1,3,2.048438,-4.490798,6.453827,0.022571,0.996989,-4.405389,2.048438,-4.490798,,,,,
2,136,136.000000,agent_5,actor_logits,1,1,3,2.048439,-4.490798,6.453828,0.022571,0.996989,-4.405389,2.048439,-4.490798,,,,,
2,138,138.000000,agent_0,actor_logits,0,1,4,5.308382,-8.042942,3.114764,0.213784,0.951297,5.308382,-8.042942,0.318421,2.193617,,,,
2,138,138.000000,agent_1,actor_logits,0,1,4,5.308444,-8.042993,3.114805,0.213776,0.951299,5.308444,-8.042993,0.318410,2.193638,,,,
2,138,138.000000,agent_2,actor_logits,0,1,4,5.308384,-8.042943,3.114766,0.213784,0.951297,5.308384,-8.042943,0.318419,2.193619,,,,
2,138,138.000000,agent_3,actor_logits,0,1,4,5.308381,-8.042952,3.114756,0.213785,0.951297,5.308381,-8.042952,0.318426,2.193625,,,,
2,138,138.000000,agent_4,actor_logits,0,1,4,5.308382,-8.042951,3.114757,0.213785,0.951297,5.308382,-8.042951,0.318425,2.193624,,,,
2,138,138.000000,agent_5,actor_logits,0,1,4,5.308378,-8.042950,3.114753,0.213786,0.951296,5.308378,-8.042950,0.318426,2.193625,,,,
2,140,140.000000,agent_0,actor_logits,0,1,3,14.842919,-14.437695,20.599003,0.000000,1.000000,14.842919,-5.756083,-14.437695,,,,,
2,140,140.000000,agent_1,actor_logits,0,1,3,14.842907,-14.437671,20.599007,0.000000,1.000000,14.842907,-5.756100,-14.437671,,,,,
2,140,140.000000,agent_2,actor_logits,0,1,3,14.842919,-14.437693,20.599003,0.000000,1.000000,14.842919,-5.756084,-14.437693,,,,,
2,140,140.000000,agent_3,actor_logits,0,1,3,14.842919,-14.437690,20.599009,0.000000,1.000000,14.842919,-5.756089,-14.437690,,,,,
2,140,140.000000,agent_4,actor_logits,0,1,3,14.842920,-14.437690,20.599010,0.000000,1.000000,14.842920,-5.756090,-14.437690,,,,,
2,140,140.000000,agent_5,actor_logits,0,1,3,14.842920,-14.437690,20.599009,0.000000,1.000000,14.842920,-5.756089,-14.437690,,,,,
2,142,142.000000,agent_0,actor_logits,0,1,2,-6.892826,-7.530344,0.637518,0.644813,0.654192,-6.892826,-7.530344,,,,,,
2,142,142.000000,agent_1,actor_logits,0,1,2,-6.892830,-7.530361,0.637531,0.644811,0.654195,-6.892830,-7.530361,,,,,,
2,142,142.000000,agent_2,actor_logits,0,1,2,-6.892826,-7.530345,0.637520,0.644813,0.654193,-6.892826,-7.530345,,,,,,
2,142,142.000000,agent_3,actor_logits,0,1,2,-6.892825,-7.530350,0.637525,0.644812,0.654194,-6.892825,-7.530350,,,,,,
2,142,142.000000,agent_4,actor_logits,0,1,2,-6.892825,-7.530350,0.637526,0.644812,0.654194,-6.892825,-7.530350,,,,,,
2,142,142.000000,agent_5,actor_logits,0,1,2,-6.892826,-7.530349,0.637524,0.644812,0.654194,-6.892826,-7.530349,,,,,,
2,144,144.000000,agent_0,actor_logits,1,1,3,-0.208412,-4.699139,3.060140,0.239643,0.945096,-3.268553,-0.208412,-4.699139,,,,,
2,144,144.000000,agent_1,actor_logits,1,1,3,-0.208402,-4.699112,3.060176,0.239639,0.945097,-3.268578,-0.208402,-4.699112,,,,,
2,144,144.000000,agent_2,actor_logits,1,1,3,-0.208413,-4.699137,3.060140,0.239643,0.945096,-3.268553,-0.208413,-4.699137,,,,,
2,144,144.000000,agent_3,actor_logits,1,1,3,-0.208400,-4.699126,3.060174,0.239638,0.945097,-3.268574,-0.208400,-4.699126,,,,,
2,144,144.000000,agent_4,actor_logits,1,1,3,-0.208401,-4.699127,3.060169,0.239639,0.945097,-3.268571,-0.208401,-4.699127,,,,,
2,144,144.000000,agent_5,actor_logits,1,1,3,-0.208401,-4.699127,3.060171,0.239639,0.945097,-3.268572,-0.208401,-4.699127,,,,,
2,146,146.000000,agent_0,actor_logits,2,1,3,8.036204,-21.138418,3.860564,0.100450,0.979378,-21.138418,4.175640,8.036204,,,,,
2,146,146.000000,agent_1,actor_logits,2,1,3,8.036231,-21.138433,3.860594,0.100447,0.979379,-21.138433,4.175637,8.036231,,,,,
2,146,146.000000,agent_2,actor_logits,2,1,3,8.036206,-21.138418,3.860567,0.100449,0.979378,-21.138418,4.175640,8.036206,,,,,
2,146,146.000000,agent_3,actor_logits,2,1,3,8.036219,-21.138432,3.860580,0.100448,0.979378,-21.138432,4.175639,8.036219,,,,,
2,146,146.000000,agent_4,actor_logits,2,1,3,8.036216,-21.138430,3.860577,0.100449,0.979378,-21.138430,4.175639,8.036216,,,,,
2,146,146.000000,agent_5,actor_logits,2,1,3,8.036216,-21.138430,3.860577,0.100449,0.979378,-21.138430,4.175639,8.036216,,,,,
2,148,148.000000,agent_0,actor_logits,3,1,4,8.923635,-12.404362,4.585525,0.062147,0.989217,-12.404362,4.338109,1.662560,8.923635,,,,
2,148,148.000000,agent_1,actor_logits,3,1,4,8.923623,-12.404329,4.585560,0.062146,0.989217,-12.404329,4.338063,1.662584,8.923623,,,,
2,148,148.000000,agent_2,actor_logits,3,1,4,8.923635,-12.404361,4.585527,0.062147,0.989217,-12.404361,4.338108,1.662561,8.923635,,,,
2,148,148.000000,agent_3,actor_logits,3,1,4,8.923631,-12.404351,4.585542,0.062147,0.989217,-12.404351,4.338089,1.662573,8.923631,,,,
2,148,148.000000,agent_4,actor_logits,3,1,4,8.923630,-12.404352,4.585537,0.062147,0.989217,-12.404352,4.338092,1.662571,8.923630,,,,
2,148,148.000000,agent_5,actor_logits,3,1,4,8.923631,-12.404352,4.585539,0.062147,0.989217,-12.404352,4.338092,1.662571,8.923631,,,,
2,150,150.000000,agent_0,actor_logits,3,1,4,6.130095,-8.501975,1.736598,0.445380,0.847066,0.710039,4.393497,-8.501975,6.130095,,,,
2,150,150.000000,agent_1,actor_logits,3,1,4,6.130089,-8.501947,1.736651,0.445369,0.847072,0.710079,4.393437,-8.501947,6.130089,,,,
2,150,150.000000,agent_2,actor_logits,3,1,4,6.130095,-8.501975,1.736599,0.445379,0.847066,0.710040,4.393496,-8.501975,6.130095,,,,
2,150,150.000000,agent_3,actor_logits,3,1,4,6.130090,-8.501966,1.736618,0.445376,0.847068,0.710057,4.393472,-8.501966,6.130090,,,,
2,150,150.000000,agent_4,actor_logits,3,1,4,6.130090,-8.501968,1.736613,0.445377,0.847068,0.710055,4.393477,-8.501968,6.130090,,,,
2,150,150.000000,agent_5,actor_logits,3,1,4,6.130091,-8.501967,1.736614,0.445376,0.847068,0.710055,4.393476,-8.501967,6.130091,,,,
2,152,152.000000,agent_0,actor_logits,1,1,4,5.246722,-4.488686,2.477709,0.275119,0.922303,-3.056292,5.246722,-4.488686,2.769014,,,,
2,152,152.000000,agent_1,actor_logits,1,1,4,5.246691,-4.488658,2.477682,0.275124,0.922301,-3.056278,5.246691,-4.488658,2.769009,,,,
2,152,152.000000,agent_2,actor_logits,1,1,4,5.246722,-4.488685,2.477708,0.275119,0.922303,-3.056292,5.246722,-4.488685,2.769013,,,,
2,152,152.000000,agent_3,actor_logits,1,1,4,5.246708,-4.488673,2.477697,0.275121,0.922302,-3.056285,5.246708,-4.488673,2.769011,,,,
2,152,152.000000,agent_4,actor_logits,1,1,4,5.246710,-4.488676,2.477698,0.275121,0.922302,-3.056287,5.246710,-4.488676,2.769012,,,,
2,152,152.000000,agent_5,actor_logits,1,1,4,5.246710,-4.488675,2.477699,0.275120,0.922303,-3.056286,5.246710,-4.488675,2.769011,,,,
2,154,154.000000,agent_0,actor_logits,1,1,4,7.337011,-11.344431,3.595706,0.128872,0.972601,3.741305,7.337011,-11.344431,0.113563,,,,
2,154,154.000000,agent_1,actor_logits,1,1,4,7.336977,-11.344411,3.595661,0.128877,0.972600,3.741316,7.336977,-11.344411,0.113574,,,,
2,154,154.000000,agent_2,actor_logits,1,1,4,7.337009,-11.344431,3.595704,0.128872,0.972601,3.741305,7.337009,-11.344431,0.113563,,,,
2,154,154.000000,agent_3,actor_logits,1,1,4,7.336994,-11.344420,3.595683,0.128875,0.972601,3.741311,7.336994,-11.344420,0.113567,,,,
2,154,154.000000,agent_4,actor_logits,1,1,4,7.336998,-11.344424,3.595687,0.128874,0.972601,3.741311,7.336998,-11.344424,0.113565,,,,
2,154,154.000000,agent_5,actor_logits,1,1,4,7.336996,-11.344423,3.595685,0.128874,0.972601,3.741311,7.336996,-11.344423,0.113566,,,,
2,156,156.000000,agent_0,actor_logits,0,1,3,9.459590,-10.460035,11.936921,0.000085,0.999993,9.459590,-10.460035,-2.477331,,,,,
2,156,156.000000,agent_1,actor_logits,0,1,3,9.459575,-10.460022,11.936902,0.000085,0.999993,9.459575,-10.460022,-2.477328,,,,,
2,156,156.000000,agent_2,actor_logits,0,1,3,9.459589,-10.460033,11.936921,0.000085,0.999993,9.459589,-10.460033,-2.477332,,,,,
2,156,156.000000,agent_3,actor_logits,0,1,3,9.459581,-10.460028,11.936910,0.000085,0.999993,9.459581,-10.460028,-2.477328,,,,,
2,156,156.000000,agent_4,actor_logits,0,1,3,9.459583,-10.460030,11.936913,0.000085,0.999993,9.459583,-10.460030,-2.477329,,,,,
2,156,156.000000,agent_5,actor_logits,0,1,3,9.459584,-10.460030,11.936913,0.000085,0.999993,9.459584,-10.460030,-2.477328,,,,,
2,158,158.000000,agent_0,actor_logits,1,1,3,7.191523,-7.360314,12.406977,0.000062,0.999995,-7.360314,7.191523,-5.215455,,,,,
2,158,158.000000,agent_1,actor_logits,1,1,3,7.191525,-7.360301,12.406984,0.000062,0.999995,-7.360301,7.191525,-5.215459,,,,,
2,158,158.000000,agent_2,actor_logits,1,1,3,7.191523,-7.360315,12.406977,0.000062,0.999995,-7.360315,7.191523,-5.215454,,,,,
2,158,158.000000,agent_3,actor_logits,1,1,3,7.191524,-7.360309,12.406979,0.000062,0.999995,-7.360309,7.191524,-5.215455,,,,,
2,158,158.000000,agent_4,actor_logits,1,1,3,7.191524,-7.360309,12.406980,0.000062,0.999995,-7.360309,7.191524,-5.215456,,,,,
2,158,158.000000,agent_5,actor_logits,1,1,3,7.191524,-7.360309,12.406979,0.000062,0.999995,-7.360309,7.191524,-5.215455,,,,,
2,160,160.000000,agent_0,actor_logits,0,1,4,6.544278,-12.988231,2.408237,0.370046,0.900919,6.544278,2.632425,-12.988231,4.136042,,,,
2,160,160.000000,agent_1,actor_logits,0,1,4,6.544292,-12.988238,2.408254,0.370042,0.900921,6.544292,2.632421,-12.988238,4.136038,,,,
2,160,160.000000,agent_2,actor_logits,0,1,4,6.544277,-12.988231,2.408235,0.370047,0.900919,6.544277,2.632426,-12.988231,4.136042,,,,
2,160,160.000000,agent_3,actor_logits,0,1,4,6.544283,-12.988235,2.408244,0.370045,0.900920,6.544283,2.632425,-12.988235,4.136040,,,,
2,160,160.000000,agent_4,actor_logits,0,1,4,6.544283,-12.988235,2.408243,0.370045,0.900920,6.544283,2.632425,-12.988235,4.136040,,,,
2,160,160.000000,agent_5,actor_logits,0,1,4,6.544283,-12.988235,2.408243,0.370045,0.900920,6.544283,2.632425,-12.988235,4.136041,,,,
2,162,162.000000,agent_0,actor_logits,3,1,4,6.731666,-9.960656,2.134702,0.344370,0.893441,-9.960656,4.596964,-0.188267,6.731666,,,,
2,162,162.000000,agent_1,actor_logits,3,1,4,6.731663,-9.960650,2.134698,0.344371,0.893441,-9.960650,4.596965,-0.188271,6.731663,,,,
2,162,162.000000,agent_2,actor_logits,3,1,4,6.731667,-9.960656,2.134702,0.344370,0.893441,-9.960656,4.596964,-0.188267,6.731667,,,,
2,162,162.000000,agent_3,actor_logits,3,1,4,6.731665,-9.960653,2.134699,0.344371,0.893441,-9.960653,4.596966,-0.188271,6.731665,,,,
2,162,162.000000,agent_4,actor_logits,3,1,4,6.731665,-9.960653,2.134699,0.344371,0.893441,-9.960653,4.596966,-0.188271,6.731665,,,,
2,162,162.000000,agent_5,actor_logits,3,1,4,6.731666,-9.960654,2.134699,0.344371,0.893441,-9.960654,4.596966,-0.188270,6.731666,,,,
2,164,164.000000,agent_0,actor_logits,1,1,4,7.381871,-9.550187,3.844706,0.103874,0.978825,-0.949645,7.381871,-9.550187,3.537166,,,,
2,164,164.000000,agent_1,actor_logits,1,1,4,7.381869,-9.550189,3.844706,0.103874,0.978825,-0.949640,7.381869,-9.550189,3.537163,,,,
2,164,164.000000,agent_2,actor_logits,1,1,4,7.381871,-9.550187,3.844705,0.103874,0.978825,-0.949646,7.381871,-9.550187,3.537165,,,,
2,164,164.000000,agent_3,actor_logits,1,1,4,7.381872,-9.550189,3.844707,0.103874,0.978825,-0.949644,7.381872,-9.550189,3.537165,,,,
2,164,164.000000,agent_4,actor_logits,1,1,4,7.381873,-9.550189,3.844708,0.103874,0.978825,-0.949645,7.381873,-9.550189,3.537165,,,,
2,164,164.000000,agent_5,actor_logits,1,1,4,7.381872,-9.550189,3.844707,0.103874,0.978825,-0.949645,7.381872,-9.550189,3.537166,,,,
2,166,166.000000,agent_0,actor_logits,0,1,3,10.722959,-12.381875,12.167830,0.000068,0.999995,10.722959,-12.381875,-1.444872,,,,,
2,166,166.000000,agent_1,actor_logits,0,1,3,10.722960,-12.381872,12.167833,0.000068,0.999995,10.722960,-12.381872,-1.444872,,,,,
2,166,166.000000,agent_2,actor_logits,0,1,3,10.722959,-12.381874,12.167830,0.000068,0.999995,10.722959,-12.381874,-1.444872,,,,,
2,166,166.000000,agent_3,actor_logits,0,1,3,10.722958,-12.381873,12.167830,0.000068,0.999995,10.722958,-12.381873,-1.444872,,,,,
2,166,166.000000,agent_4,actor_logits,0,1,3,10.722960,-12.381874,12.167832,0.000068,0.999995,10.722960,-12.381874,-1.444872,,,,,
2,166,166.000000,agent_5,actor_logits,0,1,3,10.722958,-12.381874,12.167830,0.000068,0.999995,10.722958,-12.381874,-1.444872,,,,,
2,168,168.000000,agent_0,actor_logits,0,1,3,17.654444,-14.515000,21.767277,0.000000,1.000000,17.654444,-4.112833,-14.515000,,,,,
2,168,168.000000,agent_1,actor_logits,0,1,3,17.654444,-14.514998,21.767275,0.000000,1.000000,17.654444,-4.112831,-14.514998,,,,,
2,168,168.000000,agent_2,actor_logits,0,1,3,17.654444,-14.515000,21.767277,0.000000,1.000000,17.654444,-4.112832,-14.515000,,,,,
2,168,168.000000,agent_3,actor_logits,0,1,3,17.654444,-14.515000,21.767275,0.000000,1.000000,17.654444,-4.112831,-14.515000,,,,,
2,168,168.000000,agent_4,actor_logits,0,1,3,17.654444,-14.515000,21.767275,0.000000,1.000000,17.654444,-4.112832,-14.515000,,,,,
2,168,168.000000,agent_5,actor_logits,0,1,3,17.654444,-14.514998,21.767275,0.000000,1.000000,17.654444,-4.112831,-14.514998,,,,,
2,170,170.000000,agent_0,actor_logits,0,1,2,-3.061288,-6.642169,3.580881,0.124500,0.972904,-3.061288,-6.642169,,,,,,
2,170,170.000000,agent_1,actor_logits,0,1,2,-3.061289,-6.642169,3.580880,0.124500,0.972903,-3.061289,-6.642169,,,,,,
2,170,170.000000,agent_2,actor_logits,0,1,2,-3.061289,-6.642169,3.580881,0.124500,0.972904,-3.061289,-6.642169,,,,,,
2,170,170.000000,agent_3,actor_logits,0,1,2,-3.061290,-6.642170,3.580880,0.124500,0.972903,-3.061290,-6.642170,,,,,,
2,170,170.000000,agent_4,actor_logits,0,1,2,-3.061290,-6.642170,3.580880,0.124500,0.972903,-3.061290,-6.642170,,,,,,
2,170,170.000000,agent_5,actor_logits,0,1,2,-3.061290,-6.642170,3.580881,0.124500,0.972904,-3.061290,-6.642170,,,,,,
2,172,172.000000,agent_0,actor_logits,0,1,3,5.385826,-10.098872,6.800233,0.008680,0.998887,5.385826,-1.414408,-10.098872,,,,,
2,172,172.000000,agent_1,actor_logits,0,1,3,5.385825,-10.098871,6.800233,0.008680,0.998887,5.385825,-1.414408,-10.098871,,,,,
2,172,172.000000,agent_2,actor_logits,0,1,3,5.385826,-10.098872,6.800232,0.008680,0.998887,5.385826,-1.414407,-10.098872,,,,,
2,172,172.000000,agent_3,actor_logits,0,1,3,5.385825,-10.098871,6.800233,0.008680,0.998887,5.385825,-1.414408,-10.098871,,,,,
2,172,172.000000,agent_4,actor_logits,0,1,3,5.385825,-10.098872,6.800233,0.008680,0.998887,5.385825,-1.414408,-10.098872,,,,,
2,172,172.000000,agent_5,actor_logits,0,1,3,5.385826,-10.098872,6.800233,0.008680,0.998887,5.385826,-1.414408,-10.098872,,,,,
2,174,174.000000,agent_0,actor_logits,1,1,2,-3.805362,-11.966633,8.161271,0.002615,0.999715,-11.966633,-3.805362,,,,,,
2,174,174.000000,agent_1,actor_logits,1,1,2,-3.805362,-11.966633,8.161271,0.002615,0.999715,-11.966633,-3.805362,,,,,,
2,174,174.000000,agent_2,actor_logits,1,1,2,-3.805361,-11.966633,8.161272,0.002615,0.999715,-11.966633,-3.805361,,,,,,
2,174,174.000000,agent_3,actor_logits,1,1,2,-3.805363,-11.966633,8.161270,0.002615,0.999715,-11.966633,-3.805363,,,,,,
2,174,174.000000,agent_4,actor_logits,1,1,2,-3.805362,-11.966633,8.161271,0.002615,0.999715,-11.966633,-3.805362,,,,,,
2,174,174.000000,agent_5,actor_logits,1,1,2,-3.805362,-11.966633,8.161271,0.002615,0.999715,-11.966633,-3.805362,,,,,,
2,176,176.000000,agent_0,actor_logits,2,1,3,3.809264,-12.844238,2.888192,0.206507,0.947260,-12.844238,0.921073,3.809264,,,,,
2,176,176.000000,agent_1,actor_logits,2,1,3,3.809266,-12.844236,2.888195,0.206507,0.947260,-12.844236,0.921071,3.809266,,,,,
2,176,176.000000,agent_2,actor_logits,2,1,3,3.809264,-12.844238,2.888191,0.206508,0.947259,-12.844238,0.921073,3.809264,,,,,
2,176,176.000000,agent_3,actor_logits,2,1,3,3.809265,-12.844236,2.888193,0.206507,0.947260,-12.844236,0.921072,3.809265,,,,,
2,176,176.000000,agent_4,actor_logits,2,1,3,3.809265,-12.844237,2.888193,0.206507,0.947260,-12.844237,0.921072,3.809265,,,,,
2,176,176.000000,agent_5,actor_logits,2,1,3,3.809264,-12.844237,2.888192,0.206507,0.947260,-12.844237,0.921072,3.809264,,,,,
2,178,178.000000,agent_0,actor_logits,2,1,3,7.516413,-11.384652,9.400908,0.000860,0.999917,-11.384652,-1.884495,7.516413,,,,,
2,178,178.000000,agent_1,actor_logits,2,1,3,7.516415,-11.384651,9.400911,0.000860,0.999917,-11.384651,-1.884496,7.516415,,,,,
2,178,178.000000,agent_2,actor_logits,2,1,3,7.516413,-11.384651,9.400908,0.000860,0.999917,-11.384651,-1.884495,7.516413,,,,,
2,178,178.000000,agent_3,actor_logits,2,1,3,7.516414,-11.384651,9.400909,0.000860,0.999917,-11.384651,-1.884495,7.516414,,,,,
2,178,178.000000,agent_4,actor_logits,2,1,3,7.516413,-11.384651,9.400908,0.000860,0.999917,-11.384651,-1.884496,7.516413,,,,,
2,178,178.000000,agent_5,actor_logits,2,1,3,7.516414,-11.384651,9.400909,0.000860,0.999917,-11.384651,-1.884495,7.516414,,,,,
2,180,180.000000,agent_0,actor_logits,2,1,3,6.239820,-10.307676,6.001839,0.017285,0.997532,-10.307676,0.237980,6.239820,,,,,
2,180,180.000000,agent_1,actor_logits,2,1,3,6.239820,-10.307676,6.001842,0.017285,0.997532,-10.307676,0.237979,6.239820,,,,,
2,180,180.000000,agent_2,actor_logits,2,1,3,6.239820,-10.307676,6.001840,0.017285,0.997532,-10.307676,0.237980,6.239820,,,,,
2,180,180.000000,agent_3,actor_logits,2,1,3,6.239820,-10.307676,6.001840,0.017285,0.997532,-10.307676,0.237980,6.239820,,,,,
2,180,180.000000,agent_4,actor_logits,2,1,3,6.239820,-10.307676,6.001840,0.017285,0.997532,-10.307676,0.237980,6.239820,,,,,
2,180,180.000000,agent_5,actor_logits,2,1,3,6.239820,-10.307676,6.001840,0.017285,0.997532,-10.307676,0.237980,6.239820,,,,,
2,182,182.000000,agent_0,actor_logits,1,1,3,0.017457,-0.898047,0.592138,1.024883,0.511913,-0.898047,0.017457,-0.574681,,,,,
2,182,182.000000,agent_1,actor_logits,1,1,3,0.017455,-0.898046,0.592135,1.024883,0.511912,-0.898046,0.017455,-0.574680,,,,,
2,182,182.000000,agent_2,actor_logits,1,1,3,0.017456,-0.898046,0.592138,1.024883,0.511912,-0.898046,0.017456,-0.574681,,,,,
2,182,182.000000,agent_3,actor_logits,1,1,3,0.017456,-0.898047,0.592137,1.024883,0.511912,-0.898047,0.017456,-0.574681,,,,,
2,182,182.000000,agent_4,actor_logits,1,1,3,0.017456,-0.898046,0.592138,1.024883,0.511912,-0.898046,0.017456,-0.574681,,,,,
2,182,182.000000,agent_5,actor_logits,1,1,3,0.017456,-0.898046,0.592137,1.024883,0.511912,-0.898046,0.017456,-0.574681,,,,,
2,184,184.000000,agent_0,actor_logits,0,1,4,7.386434,-8.665623,4.703493,0.054988,0.990595,7.386434,-8.665623,-0.363451,2.682940,,,,
2,184,184.000000,agent_1,actor_logits,0,1,4,7.386433,-8.665623,4.703492,0.054988,0.990595,7.386433,-8.665623,-0.363451,2.682941,,,,
2,184,184.000000,agent_2,actor_logits,0,1,4,7.386434,-8.665623,4.703493,0.054988,0.990595,7.386434,-8.665623,-0.363451,2.682941,,,,
2,184,184.000000,agent_3,actor_logits,0,1,4,7.386433,-8.665623,4.703493,0.054988,0.990595,7.386433,-8.665623,-0.363451,2.682940,,,,
2,184,184.000000,agent_4,actor_logits,0,1,4,7.386434,-8.665623,4.703493,0.054988,0.990595,7.386434,-8.665623,-0.363451,2.682940,,,,
2,184,184.000000,agent_5,actor_logits,0,1,4,7.386434,-8.665623,4.703493,0.054988,0.990595,7.386434,-8.665623,-0.363451,2.682941,,,,
2,186,186.000000,agent_0,actor_logits,0,1,4,3.710386,-5.164621,1.151509,0.595587,0.753438,3.710386,-5.164621,-0.803986,2.558877,,,,
2,186,186.000000,agent_1,actor_logits,0,1,4,3.710385,-5.164621,1.151509,0.595587,0.753438,3.710385,-5.164621,-0.803986,2.558877,,,,
2,186,186.000000,agent_2,actor_logits,0,1,4,3.710385,-5.164621,1.151508,0.595587,0.753438,3.710385,-5.164621,-0.803987,2.558877,,,,
2,186,186.000000,agent_3,actor_logits,0,1,4,3.710385,-5.164621,1.151508,0.595587,0.753438,3.710385,-5.164621,-0.803986,2.558877,,,,
2,186,186.000000,agent_4,actor_logits,0,1,4,3.710386,-5.164621,1.151509,0.595587,0.753438,3.710386,-5.164621,-0.803987,2.558877,,,,
2,186,186.000000,agent_5,actor_logits,0,1,4,3.710386,-5.164621,1.151509,0.595587,0.753438,3.710386,-5.164621,-0.803987,2.558877,,,,
2,188,188.000000,agent_0,actor_logits,0,1,4,9.156806,-11.995478,5.814622,0.021763,0.996874,9.156806,-11.995478,0.369398,3.342184,,,,
2,188,188.000000,agent_1,actor_logits,0,1,4,9.156806,-11.995478,5.814623,0.021763,0.996874,9.156806,-11.995478,0.369397,3.342183,,,,
2,188,188.000000,agent_2,actor_logits,0,1,4,9.156807,-11.995478,5.814624,0.021763,0.996874,9.156807,-11.995478,0.369397,3.342183,,,,
2,188,188.000000,agent_3,actor_logits,0,1,4,9.156806,-11.995478,5.814624,0.021763,0.996874,9.156806,-11.995478,0.369397,3.342182,,,,
2,188,188.000000,agent_4,actor_logits,0,1,4,9.156807,-11.995478,5.814625,0.021763,0.996874,9.156807,-11.995478,0.369397,3.342182,,,,
2,188,188.000000,agent_5,actor_logits,0,1,4,9.156807,-11.995478,5.814624,0.021763,0.996874,9.156807,-11.995478,0.369397,3.342183,,,,
2,190,190.000000,agent_0,actor_logits,2,1,4,5.550106,-2.819816,7.747949,0.008314,0.999081,-2.197843,-2.719654,5.550106,-2.819816,,,,
2,190,190.000000,agent_1,actor_logits,2,1,4,5.550106,-2.819816,7.747949,0.008314,0.999081,-2.197843,-2.719654,5.550106,-2.819816,,,,
2,190,190.000000,agent_2,actor_logits,2,1,4,5.550106,-2.819816,7.747949,0.008314,0.999081,-2.197843,-2.719654,5.550106,-2.819816,,,,
2,190,190.000000,agent_3,actor_logits,2,1,4,5.550106,-2.819817,7.747949,0.008314,0.999081,-2.197844,-2.719654,5.550106,-2.819817,,,,
2,190,190.000000,agent_4,actor_logits,2,1,4,5.550106,-2.819816,7.747949,0.008314,0.999081,-2.197844,-2.719654,5.550106,-2.819816,,,,
2,190,190.000000,agent_5,actor_logits,2,1,4,5.550106,-2.819816,7.747949,0.008314,0.999081,-2.197844,-2.719654,5.550106,-2.819816,,,,
2,192,192.000000,agent_0,actor_logits,0,1,4,8.618048,-11.746588,4.213419,0.077255,0.985308,8.618048,-11.746588,-0.450936,4.404629,,,,
2,192,192.000000,agent_1,actor_logits,0,1,4,8.618047,-11.746588,4.213419,0.077255,0.985308,8.618047,-11.746588,-0.450936,4.404628,,,,
2,192,192.000000,agent_2,actor_logits,0,1,4,8.618048,-11.746588,4.213419,0.077255,0.985308,8.618048,-11.746588,-0.450936,4.404628,,,,
2,192,192.000000,agent_3,actor_logits,0,1,4,8.618048,-11.746588,4.213420,0.077255,0.985308,8.618048,-11.746588,-0.450936,4.404627,,,,
2,192,192.000000,agent_4,actor_logits,0,1,4,8.618047,-11.746588,4.213419,0.077255,0.985308,8.618047,-11.746588,-0.450937,4.404628,,,,
2,192,192.000000,agent_5,actor_logits,0,1,4,8.618047,-11.746588,4.213418,0.077255,0.985308,8.618047,-11.746588,-0.450937,4.404629,,,,
2,194,194.000000,agent_0,actor_logits,1,1,3,11.399067,-14.874110,15.287151,0.000004,1.000000,-14.874110,11.399067,-3.888084,,,,,
2,194,194.000000,agent_1,actor_logits,1,1,3,11.399067,-14.874110,15.287152,0.000004,1.000000,-14.874110,11.399067,-3.888085,,,,,
2,194,194.000000,agent_2,actor_logits,1,1,3,11.399067,-14.874111,15.287151,0.000004,1.000000,-14.874111,11.399067,-3.888085,,,,,
2,194,194.000000,agent_3,actor_logits,1,1,3,11.399067,-14.874109,15.287152,0.000004,1.000000,-14.874109,11.399067,-3.888086,,,,,
2,194,194.000000,agent_4,actor_logits,1,1,3,11.399067,-14.874109,15.287152,0.000004,1.000000,-14.874109,11.399067,-3.888085,,,,,
2,194,194.000000,agent_5,actor_logits,1,1,3,11.399068,-14.874109,15.287153,0.000004,1.000000,-14.874109,11.399068,-3.888086,,,,,
2,196,196.000000,agent_0,actor_logits,1,1,3,10.636003,-17.087105,15.080219,0.000004,1.000000,-17.087105,10.636003,-4.444216,,,,,
2,196,196.000000,agent_1,actor_logits,1,1,3,10.636002,-17.087103,15.080217,0.000004,1.000000,-17.087103,10.636002,-4.444216,,,,,
2,196,196.000000,agent_2,actor_logits,1,1,3,10.636003,-17.087105,15.080219,0.000004,1.000000,-17.087105,10.636003,-4.444216,,,,,
2,196,196.000000,agent_3,actor_logits,1,1,3,10.636003,-17.087105,15.080219,0.000004,1.000000,-17.087105,10.636003,-4.444217,,,,,
2,196,196.000000,agent_4,actor_logits,1,1,3,10.636003,-17.087107,15.080221,0.000004,1.000000,-17.087107,10.636003,-4.444217,,,,,
2,196,196.000000,agent_5,actor_logits,1,1,3,10.636002,-17.087105,15.080218,0.000004,1.000000,-17.087105,10.636002,-4.444217,,,,,
2,198,198.000000,agent_0,actor_logits,2,1,3,1.076981,-7.643626,2.676268,0.240333,0.935469,-7.643626,-1.599286,1.076981,,,,,
2,198,198.000000,agent_1,actor_logits,2,1,3,1.076981,-7.643625,2.676268,0.240333,0.935469,-7.643625,-1.599287,1.076981,,,,,
2,198,198.000000,agent_2,actor_logits,2,1,3,1.076981,-7.643626,2.676267,0.240333,0.935469,-7.643626,-1.599286,1.076981,,,,,
2,198,198.000000,agent_3,actor_logits,2,1,3,1.076981,-7.643625,2.676267,0.240333,0.935469,-7.643625,-1.599286,1.076981,,,,,
2,198,198.000000,agent_4,actor_logits,2,1,3,1.076981,-7.643625,2.676267,0.240333,0.935469,-7.643625,-1.599286,1.076981,,,,,
2,198,198.000000,agent_5,actor_logits,2,1,3,1.076981,-7.643626,2.676268,0.240333,0.935469,-7.643626,-1.599287,1.076981,,,,,
2,200,200.000000,agent_0,actor_logits,1,1,4,4.777654,-8.632838,0.783608,0.662340,0.681160,-8.632838,4.777654,0.297087,3.994045,,,,
2,200,200.000000,agent_1,actor_logits,1,1,4,4.777653,-8.632837,0.783608,0.662340,0.681160,-8.632837,4.777653,0.297087,3.994045,,,,
2,200,200.000000,agent_2,actor_logits,1,1,4,4.777654,-8.632839,0.783608,0.662340,0.681160,-8.632839,4.777654,0.297087,3.994046,,,,
2,200,200.000000,agent_3,actor_logits,1,1,4,4.777654,-8.632838,0.783608,0.662340,0.681160,-8.632838,4.777654,0.297087,3.994045,,,,
2,200,200.000000,agent_4,actor_logits,1,1,4,4.777654,-8.632839,0.783608,0.662340,0.681160,-8.632839,4.777654,0.297086,3.994046,,,,
2,200,200.000000,agent_5,actor_logits,1,1,4,4.777653,-8.632837,0.783607,0.662340,0.681160,-8.632837,4.777653,0.297087,3.994046,,,,
2,202,202.000000,agent_0,actor_logits,0,1,4,6.390905,-5.082635,3.357667,0.147656,0.966316,6.390905,-5.082635,-3.986705,3.033238,,,,
2,202,202.000000,agent_1,actor_logits,0,1,4,6.390905,-5.082636,3.357668,0.147656,0.966316,6.390905,-5.082636,-3.986706,3.033238,,,,
2,202,202.000000,agent_2,actor_logits,0,1,4,6.390904,-5.082635,3.357666,0.147656,0.966316,6.390904,-5.082635,-3.986706,3.033238,,,,
2,202,202.000000,agent_3,actor_logits,0,1,4,6.390905,-5.082635,3.357667,0.147656,0.966316,6.390905,-5.082635,-3.986706,3.033237,,,,
2,202,202.000000,agent_4,actor_logits,0,1,4,6.390906,-5.082635,3.357668,0.147656,0.966316,6.390906,-5.082635,-3.986706,3.033237,,,,
2,202,202.000000,agent_5,actor_logits,0,1,4,6.390905,-5.082636,3.357667,0.147656,0.966316,6.390905,-5.082636,-3.986706,3.033238,,,,
2,204,204.000000,agent_0,actor_logits,0,1,3,2.361553,-4.601343,5.208774,0.041244,0.993626,2.361553,-2.847221,-4.601343,,,,,
2,204,204.000000,agent_1,actor_logits,0,1,3,2.361554,-4.601343,5.208776,0.041244,0.993626,2.361554,-2.847222,-4.601343,,,,,
2,204,204.000000,agent_2,actor_logits,0,1,3,2.361552,-4.601343,5.208774,0.041244,0.993626,2.361552,-2.847222,-4.601343,,,,,
2,204,204.000000,agent_3,actor_logits,0,1,3,2.361554,-4.601344,5.208775,0.041244,0.993626,2.361554,-2.847221,-4.601344,,,,,
2,204,204.000000,agent_4,actor_logits,0,1,3,2.361554,-4.601345,5.208775,0.041244,0.993626,2.361554,-2.847221,-4.601345,,,,,
2,204,204.000000,agent_5,actor_logits,0,1,3,2.361554,-4.601343,5.208776,0.041244,0.993626,2.361554,-2.847223,-4.601343,,,,,
2,206,206.000000,agent_0,actor_logits,2,1,3,0.408923,-3.254514,1.114701,0.642322,0.738739,-0.705778,-3.254514,0.408923,,,,,
2,206,206.000000,agent_1,actor_logits,2,1,3,0.408922,-3.254514,1.114699,0.642323,0.738739,-0.705777,-3.254514,0.408922,,,,,
2,206,206.000000,agent_2,actor_logits,2,1,3,0.408922,-3.254513,1.114701,0.642322,0.738739,-0.705778,-3.254513,0.408922,,,,,
2,206,206.000000,agent_3,actor_logits,2,1,3,0.408922,-3.254513,1.114699,0.642323,0.738739,-0.705777,-3.254513,0.408922,,,,,
2,206,206.000000,agent_4,actor_logits,2,1,3,0.408922,-3.254513,1.114699,0.642323,0.738739,-0.705778,-3.254513,0.408922,,,,,
2,206,206.000000,agent_5,actor_logits,2,1,3,0.408923,-3.254515,1.114702,0.642322,0.738739,-0.705778,-3.254515,0.408923,,,,,
2,208,208.000000,agent_0,actor_logits,3,1,4,2.558378,-2.204097,2.565495,0.445628,0.888046,-0.644555,-2.204097,-0.007116,2.558378,,,,
2,208,208.000000,agent_1,actor_logits,3,1,4,2.558378,-2.204096,2.565494,0.445628,0.888045,-0.644556,-2.204096,-0.007116,2.558378,,,,
2,208,208.000000,agent_2,actor_logits,3,1,4,2.558378,-2.204096,2.565495,0.445628,0.888046,-0.644556,-2.204096,-0.007117,2.558378,,,,
2,208,208.000000,agent_3,actor_logits,3,1,4,2.558378,-2.204096,2.565495,0.445628,0.888046,-0.644556,-2.204096,-0.007116,2.558378,,,,
2,208,208.000000,agent_4,actor_logits,3,1,4,2.558377,-2.204095,2.565493,0.445628,0.888045,-0.644556,-2.204095,-0.007116,2.558377,,,,
2,208,208.000000,agent_5,actor_logits,3,1,4,2.558379,-2.204097,2.565495,0.445628,0.888046,-0.644555,-2.204097,-0.007117,2.558379,,,,
2,210,210.000000,agent_0,actor_logits,0,1,4,7.312784,-7.770645,5.490997,0.028361,0.995718,7.312784,-7.770645,-1.329038,1.821787,,,,
2,210,210.000000,agent_1,actor_logits,0,1,4,7.312785,-7.770644,5.490998,0.028361,0.995718,7.312785,-7.770644,-1.329038,1.821786,,,,
2,210,210.000000,agent_2,actor_logits,0,1,4,7.312784,-7.770646,5.490997,0.028361,0.995718,7.312784,-7.770646,-1.329037,1.821787,,,,
2,210,210.000000,agent_3,actor_logits,0,1,4,7.312785,-7.770646,5.490998,0.028361,0.995718,7.312785,-7.770646,-1.329038,1.821787,,,,
2,210,210.000000,agent_4,actor_logits,0,1,4,7.312786,-7.770646,5.490999,0.028361,0.995718,7.312786,-7.770646,-1.329038,1.821787,,,,
2,210,210.000000,agent_5,actor_logits,0,1,4,7.312784,-7.770645,5.490997,0.028361,0.995718,7.312784,-7.770645,-1.329037,1.821787,,,,
2,212,212.000000,agent_0,actor_logits,3,1,4,0.289513,-1.371838,0.044503,1.243494,0.374099,-1.371838,-0.351543,0.245011,0.289513,,,,
2,212,212.000000,agent_1,actor_logits,3,1,4,0.289514,-1.371838,0.044503,1.243494,0.374099,-1.371838,-0.351542,0.245011,0.289514,,,,
2,212,212.000000,agent_2,actor_logits,3,1,4,0.289514,-1.371838,0.044503,1.243494,0.374099,-1.371838,-0.351543,0.245011,0.289514,,,,
2,212,212.000000,agent_3,actor_logits,3,1,4,0.289514,-1.371838,0.044503,1.243494,0.374099,-1.371838,-0.351542,0.245010,0.289514,,,,
2,212,212.000000,agent_4,actor_logits,3,1,4,0.289514,-1.371838,0.044504,1.243494,0.374099,-1.371838,-0.351542,0.245010,0.289514,,,,
2,212,212.000000,agent_5,actor_logits,3,1,4,0.289513,-1.371838,0.044502,1.243494,0.374099,-1.371838,-0.351543,0.245011,0.289513,,,,
2,214,214.000000,agent_0,actor_logits,3,1,4,2.270403,-1.357755,2.367362,0.589197,0.843382,-0.096959,-0.456693,-1.357755,2.270403,,,,
2,214,214.000000,agent_1,actor_logits,3,1,4,2.270404,-1.357756,2.367362,0.589197,0.843382,-0.096959,-0.456693,-1.357756,2.270404,,,,
2,214,214.000000,agent_2,actor_logits,3,1,4,2.270403,-1.357755,2.367362,0.589197,0.843382,-0.096959,-0.456693,-1.357755,2.270403,,,,
2,214,214.000000,agent_3,actor_logits,3,1,4,2.270403,-1.357756,2.367362,0.589197,0.843382,-0.096958,-0.456693,-1.357756,2.270403,,,,
2,214,214.000000,agent_4,actor_logits,3,1,4,2.270403,-1.357756,2.367362,0.589197,0.843382,-0.096958,-0.456693,-1.357756,2.270403,,,,
2,214,214.000000,agent_5,actor_logits,3,1,4,2.270403,-1.357755,2.367362,0.589197,0.843382,-0.096958,-0.456693,-1.357755,2.270403,,,,
2,216,216.000000,agent_0,actor_logits,0,1,4,3.028985,-2.914879,1.527007,0.523161,0.813789,3.028985,-1.680158,-2.914879,1.501977,,,,
2,216,216.000000,agent_1,actor_logits,0,1,4,3.028985,-2.914879,1.527007,0.523161,0.813789,3.028985,-1.680158,-2.914879,1.501978,,,,
2,216,216.000000,agent_2,actor_logits,0,1,4,3.028985,-2.914879,1.527008,0.523161,0.813790,3.028985,-1.680158,-2.914879,1.501977,,,,
2,216,216.000000,agent_3,actor_logits,0,1,4,3.028985,-2.914879,1.527008,0.523161,0.813790,3.028985,-1.680158,-2.914879,1.501977,,,,
2,216,216.000000,agent_4,actor_logits,0,1,4,3.028985,-2.914878,1.527007,0.523161,0.813789,3.028985,-1.680158,-2.914878,1.501977,,,,
2,216,216.000000,agent_5,actor_logits,0,1,4,3.028985,-2.914879,1.527007,0.523161,0.813789,3.028985,-1.680159,-2.914879,1.501978,,,,
2,218,218.000000,agent_0,actor_logits,3,1,4,1.920629,-1.666826,2.088090,0.721527,0.786601,-0.167461,-1.666826,-0.202140,1.920629,,,,
2,218,218.000000,agent_1,actor_logits,3,1,4,1.920629,-1.666826,2.088090,0.721527,0.786601,-0.167461,-1.666826,-0.202140,1.920629,,,,
2,218,218.000000,agent_2,actor_logits,3,1,4,1.920629,-1.666826,2.088091,0.721527,0.786601,-0.167461,-1.666826,-0.202139,1.920629,,,,
2,218,218.000000,agent_3,actor_logits,3,1,4,1.920629,-1.666826,2.088090,0.721527,0.786601,-0.167461,-1.666826,-0.202139,1.920629,,,,
2,218,218.000000,agent_4,actor_logits,3,1,4,1.920629,-1.666826,2.088090,0.721527,0.786601,-0.167461,-1.666826,-0.202139,1.920629,,,,
2,218,218.000000,agent_5,actor_logits,3,1,4,1.920630,-1.666826,2.088090,0.721527,0.786601,-0.167461,-1.666826,-0.202140,1.920630,,,,
2,220,220.000000,agent_0,actor_logits,1,1,4,2.064883,-3.108881,0.398939,0.827437,0.574143,-3.108881,2.064883,-0.667992,1.665943,,,,
2,220,220.000000,agent_1,actor_logits,1,1,4,2.064883,-3.108882,0.398940,0.827437,0.574143,-3.108882,2.064883,-0.667992,1.665943,,,,
2,220,220.000000,agent_2,actor_logits,1,1,4,2.064882,-3.108881,0.398939,0.827437,0.574143,-3.108881,2.064882,-0.667991,1.665943,,,,
2,220,220.000000,agent_3,actor_logits,1,1,4,2.064883,-3.108881,0.398941,0.827437,0.574143,-3.108881,2.064883,-0.667992,1.665942,,,,
2,220,220.000000,agent_4,actor_logits,1,1,4,2.064883,-3.108881,0.398940,0.827437,0.574143,-3.108881,2.064883,-0.667992,1.665943,,,,
2,220,220.000000,agent_5,actor_logits,1,1,4,2.064883,-3.108881,0.398940,0.827437,0.574143,-3.108881,2.064883,-0.667992,1.665943,,,,
2,222,222.000000,agent_0,actor_logits,0,1,4,9.185722,-17.044065,2.177728,0.334811,0.897563,9.185722,7.007994,-17.044065,2.090596,,,,
2,222,222.000000,agent_1,actor_logits,0,1,4,9.185722,-17.044065,2.177728,0.334811,0.897563,9.185722,7.007994,-17.044065,2.090595,,,,
2,222,222.000000,agent_2,actor_logits,0,1,4,9.185724,-17.044065,2.177732,0.334810,0.897563,9.185724,7.007993,-17.044065,2.090595,,,,
2,222,222.000000,agent_3,actor_logits,0,1,4,9.185723,-17.044065,2.177729,0.334811,0.897563,9.185723,7.007995,-17.044065,2.090595,,,,
2,222,222.000000,agent_4,actor_logits,0,1,4,9.185723,-17.044065,2.177730,0.334811,0.897563,9.185723,7.007994,-17.044065,2.090596,,,,
2,222,222.000000,agent_5,actor_logits,0,1,4,9.185723,-17.044065,2.177729,0.334811,0.897563,9.185723,7.007994,-17.044065,2.090596,,,,
2,224,224.000000,agent_0,actor_logits,0,1,4,15.926647,-20.386026,13.172430,0.000053,0.999996,15.926647,2.710760,-20.386026,2.754218,,,,
2,224,224.000000,agent_1,actor_logits,0,1,4,15.926647,-20.386026,13.172428,0.000053,0.999996,15.926647,2.710760,-20.386026,2.754219,,,,
2,224,224.000000,agent_2,actor_logits,0,1,4,15.926647,-20.386026,13.172429,0.000053,0.999996,15.926647,2.710759,-20.386026,2.754218,,,,
2,224,224.000000,agent_3,actor_logits,0,1,4,15.926647,-20.386028,13.172428,0.000053,0.999996,15.926647,2.710761,-20.386028,2.754219,,,,
2,224,224.000000,agent_4,actor_logits,0,1,4,15.926647,-20.386028,13.172428,0.000053,0.999996,15.926647,2.710759,-20.386028,2.754219,,,,
2,224,224.000000,agent_5,actor_logits,0,1,4,15.926647,-20.386028,13.172429,0.000053,0.999996,15.926647,2.710760,-20.386028,2.754218,,,,
2,226,226.000000,agent_0,actor_logits,0,1,4,5.788372,-9.803340,2.598204,0.311157,0.920140,5.788372,1.397014,-9.803340,3.190168,,,,
2,226,226.000000,agent_1,actor_logits,0,1,4,5.788372,-9.803339,2.598203,0.311157,0.920140,5.788372,1.397013,-9.803339,3.190168,,,,
2,226,226.000000,agent_2,actor_logits,0,1,4,5.788373,-9.803340,2.598205,0.311157,0.920140,5.788373,1.397014,-9.803340,3.190168,,,,
2,226,226.000000,agent_3,actor_logits,0,1,4,5.788373,-9.803340,2.598205,0.311157,0.920140,5.788373,1.397014,-9.803340,3.190167,,,,
2,226,226.000000,agent_4,actor_logits,0,1,4,5.788372,-9.803340,2.598203,0.311157,0.920140,5.788372,1.397014,-9.803340,3.190169,,,,
2,226,226.000000,agent_5,actor_logits,0,1,4,5.788372,-9.803340,2.598203,0.311157,0.920140,5.788372,1.397014,-9.803340,3.190168,,,,
2,228,228.000000,agent_0,actor_logits,0,1,3,17.024466,-16.411959,22.065529,0.000000,1.000000,17.024466,-5.041064,-16.411959,,,,,
2,228,228.000000,agent_1,actor_logits,0,1,3,17.024466,-16.411957,22.065529,0.000000,1.000000,17.024466,-5.041063,-16.411957,,,,,
2,228,228.000000,agent_2,actor_logits,0,1,3,17.024464,-16.411957,22.065527,0.000000,1.000000,17.024464,-5.041063,-16.411957,,,,,
2,228,228.000000,agent_3,actor_logits,0,1,3,17.024464,-16.411957,22.065527,0.000000,1.000000,17.024464,-5.041063,-16.411957,,,,,
2,228,228.000000,agent_4,actor_logits,0,1,3,17.024464,-16.411957,22.065527,0.000000,1.000000,17.024464,-5.041063,-16.411957,,,,,
2,228,228.000000,agent_5,actor_logits,0,1,3,17.024464,-16.411957,22.065527,0.000000,1.000000,17.024464,-5.041063,-16.411957,,,,,
2,230,230.000000,agent_0,actor_logits,1,1,2,-7.123124,-7.581166,0.458043,0.667594,0.612550,-7.581166,-7.123124,,,,,,
2,230,230.000000,agent_1,actor_logits,1,1,2,-7.123124,-7.581166,0.458043,0.667594,0.612550,-7.581166,-7.123124,,,,,,
2,230,230.000000,agent_2,actor_logits,1,1,2,-7.123123,-7.581166,0.458044,0.667594,0.612550,-7.581166,-7.123123,,,,,,
2,230,230.000000,agent_3,actor_logits,1,1,2,-7.123123,-7.581166,0.458043,0.667594,0.612550,-7.581166,-7.123123,,,,,,
2,230,230.000000,agent_4,actor_logits,1,1,2,-7.123124,-7.581167,0.458043,0.667594,0.612550,-7.581167,-7.123124,,,,,,
2,230,230.000000,agent_5,actor_logits,1,1,2,-7.123123,-7.581167,0.458044,0.667594,0.612550,-7.581167,-7.123123,,,,,,
2,232,232.000000,agent_0,actor_logits,2,1,3,3.914280,-9.792555,6.417336,0.012110,0.998369,-9.792555,-2.503056,3.914280,,,,,
2,232,232.000000,agent_1,actor_logits,2,1,3,3.914280,-9.792556,6.417336,0.012110,0.998369,-9.792556,-2.503056,3.914280,,,,,
2,232,232.000000,agent_2,actor_logits,2,1,3,3.914280,-9.792555,6.417336,0.012110,0.998369,-9.792555,-2.503056,3.914280,,,,,
2,232,232.000000,agent_3,actor_logits,2,1,3,3.914280,-9.792555,6.417336,0.012110,0.998369,-9.792555,-2.503056,3.914280,,,,,
2,232,232.000000,agent_4,actor_logits,2,1,3,3.914280,-9.792555,6.417336,0.012110,0.998369,-9.792555,-2.503056,3.914280,,,,,
2,232,232.000000,agent_5,actor_logits,2,1,3,3.914280,-9.792555,6.417336,0.012110,0.998369,-9.792555,-2.503056,3.914280,,,,,
2,234,234.000000,agent_0,actor_logits,2,1,3,7.212506,-7.987214,12.063735,0.000079,0.999994,-7.987214,-4.851229,7.212506,,,,,
2,234,234.000000,agent_1,actor_logits,2,1,3,7.212505,-7.987215,12.063734,0.000079,0.999994,-7.987215,-4.851229,7.212505,,,,,
2,234,234.000000,agent_2,actor_logits,2,1,3,7.212506,-7.987215,12.063735,0.000079,0.999994,-7.987215,-4.851229,7.212506,,,,,
2,234,234.000000,agent_3,actor_logits,2,1,3,7.212505,-7.987214,12.063734,0.000079,0.999994,-7.987214,-4.851229,7.212505,,,,,
2,234,234.000000,agent_4,actor_logits,2,1,3,7.212505,-7.987214,12.063734,0.000079,0.999994,-7.987214,-4.851229,7.212505,,,,,
2,234,234.000000,agent_5,actor_logits,2,1,3,7.212505,-7.987214,12.063734,0.000079,0.999994,-7.987214,-4.851229,7.212505,,,,,
2,236,236.000000,agent_0,actor_logits,2,1,3,6.053069,-6.904531,8.627550,0.001757,0.999819,-6.904531,-2.574481,6.053069,,,,,
2,236,236.000000,agent_1,actor_logits,2,1,3,6.053069,-6.904531,8.627550,0.001757,0.999819,-6.904531,-2.574481,6.053069,,,,,
2,236,236.000000,agent_2,actor_logits,2,1,3,6.053069,-6.904531,8.627550,0.001757,0.999819,-6.904531,-2.574481,6.053069,,,,,
2,236,236.000000,agent_3,actor_logits,2,1,3,6.053069,-6.904531,8.627550,0.001757,0.999819,-6.904531,-2.574481,6.053069,,,,,
2,236,236.000000,agent_4,actor_logits,2,1,3,6.053069,-6.904531,8.627550,0.001757,0.999819,-6.904531,-2.574481,6.053069,,,,,
2,236,236.000000,agent_5,actor_logits,2,1,3,6.053069,-6.904531,8.627550,0.001757,0.999819,-6.904531,-2.574481,6.053069,,,,,
2,238,238.000000,agent_0,actor_logits,2,1,3,0.979323,-3.290178,0.918918,0.647403,0.707744,0.060405,-3.290178,0.979323,,,,,
2,238,238.000000,agent_1,actor_logits,2,1,3,0.979323,-3.290177,0.918917,0.647403,0.707744,0.060405,-3.290177,0.979323,,,,,
2,238,238.000000,agent_2,actor_logits,2,1,3,0.979322,-3.290178,0.918917,0.647403,0.707744,0.060405,-3.290178,0.979322,,,,,
2,238,238.000000,agent_3,actor_logits,2,1,3,0.979323,-3.290177,0.918917,0.647403,0.707744,0.060405,-3.290177,0.979323,,,,,
2,238,238.000000,agent_4,actor_logits,2,1,3,0.979323,-3.290178,0.918917,0.647403,0.707744,0.060406,-3.290178,0.979323,,,,,
2,238,238.000000,agent_5,actor_logits,2,1,3,0.979323,-3.290177,0.918917,0.647403,0.707744,0.060406,-3.290177,0.979323,,,,,
2,240,240.000000,agent_0,actor_logits,0,1,3,2.333632,-3.456715,0.353500,0.689680,0.586413,2.333632,1.980132,-3.456715,,,,,
2,240,240.000000,agent_1,actor_logits,0,1,3,2.333633,-3.456716,0.353500,0.689680,0.586413,2.333633,1.980133,-3.456716,,,,,
2,240,240.000000,agent_2,actor_logits,0,1,3,2.333632,-3.456716,0.353499,0.689680,0.586413,2.333632,1.980133,-3.456716,,,,,
2,240,240.000000,agent_3,actor_logits,0,1,3,2.333633,-3.456715,0.353501,0.689680,0.586413,2.333633,1.980132,-3.456715,,,,,
2,240,240.000000,agent_4,actor_logits,0,1,3,2.333632,-3.456715,0.353500,0.689680,0.586413,2.333632,1.980132,-3.456715,,,,,
2,240,240.000000,agent_5,actor_logits,0,1,3,2.333633,-3.456716,0.353500,0.689680,0.586413,2.333633,1.980132,-3.456716,,,,,
2,242,242.000000,agent_0,actor_logits,0,1,3,5.574682,-5.418853,7.566724,0.004632,0.999466,5.574682,-1.992042,-5.418853,,,,,
2,242,242.000000,agent_1,actor_logits,0,1,3,5.574681,-5.418853,7.566723,0.004632,0.999466,5.574681,-1.992042,-5.418853,,,,,
2,242,242.000000,agent_2,actor_logits,0,1,3,5.574680,-5.418853,7.566721,0.004632,0.999466,5.574680,-1.992041,-5.418853,,,,,
2,242,242.000000,agent_3,actor_logits,0,1,3,5.574681,-5.418852,7.566722,0.004632,0.999466,5.574681,-1.992042,-5.418852,,,,,
2,242,242.000000,agent_4,actor_logits,0,1,3,5.574681,-5.418852,7.566722,0.004632,0.999466,5.574681,-1.992042,-5.418852,,,,,
2,242,242.000000,agent_5,actor_logits,0,1,3,5.574681,-5.418853,7.566722,0.004632,0.999466,5.574681,-1.992042,-5.418853,,,,,
2,244,244.000000,agent_0,actor_logits,0,1,3,4.871382,-7.396330,3.672219,0.116196,0.975206,4.871382,1.199163,-7.396330,,,,,
2,244,244.000000,agent_1,actor_logits,0,1,3,4.871383,-7.396331,3.672219,0.116196,0.975206,4.871383,1.199164,-7.396331,,,,,
2,244,244.000000,agent_2,actor_logits,0,1,3,4.871382,-7.396331,3.672218,0.116197,0.975206,4.871382,1.199164,-7.396331,,,,,
2,244,244.000000,agent_3,actor_logits,0,1,3,4.871382,-7.396330,3.672219,0.116196,0.975206,4.871382,1.199164,-7.396330,,,,,
2,244,244.000000,agent_4,actor_logits,0,1,3,4.871383,-7.396330,3.672219,0.116196,0.975206,4.871383,1.199164,-7.396330,,,,,
2,244,244.000000,agent_5,actor_logits,0,1,3,4.871382,-7.396331,3.672219,0.116196,0.975206,4.871382,1.199163,-7.396331,,,,,
2,246,246.000000,agent_0,actor_logits,0,1,3,7.255711,-7.727642,7.920953,0.003243,0.999637,7.255711,-0.665242,-7.727642,,,,,
2,246,246.000000,agent_1,actor_logits,0,1,3,7.255711,-7.727641,7.920954,0.003243,0.999637,7.255711,-0.665242,-7.727641,,,,,
2,246,246.000000,agent_2,actor_logits,0,1,3,7.255710,-7.727641,7.920951,0.003243,0.999637,7.255710,-0.665242,-7.727641,,,,,
2,246,246.000000,agent_3,actor_logits,0,1,3,7.255710,-7.727641,7.920952,0.003243,0.999637,7.255710,-0.665242,-7.727641,,,,,
2,246,246.000000,agent_4,actor_logits,0,1,3,7.255711,-7.727640,7.920953,0.003243,0.999637,7.255711,-0.665242,-7.727640,,,,,
2,246,246.000000,agent_5,actor_logits,0,1,3,7.255710,-7.727641,7.920952,0.003243,0.999637,7.255710,-0.665242,-7.727641,,,,,
2,248,248.000000,agent_0,actor_logits,0,1,3,13.256100,-15.732914,12.060170,0.000076,0.999994,13.256100,1.195929,-15.732914,,,,,
2,248,248.000000,agent_1,actor_logits,0,1,3,13.256100,-15.732914,12.060170,0.000076,0.999994,13.256100,1.195929,-15.732914,,,,,
2,248,248.000000,agent_2,actor_logits,0,1,3,13.256099,-15.732915,12.060169,0.000076,0.999994,13.256099,1.195929,-15.732915,,,,,
2,248,248.000000,agent_3,actor_logits,0,1,3,13.256100,-15.732914,12.060171,0.000076,0.999994,13.256100,1.195929,-15.732914,,,,,
2,248,248.000000,agent_4,actor_logits,0,1,3,13.256100,-15.732915,12.060171,0.000076,0.999994,13.256100,1.195929,-15.732915,,,,,
2,248,248.000000,agent_5,actor_logits,0,1,3,13.256100,-15.732914,12.060171,0.000076,0.999994,13.256100,1.195928,-15.732914,,,,,
2,250,250.000000,agent_0,actor_logits,0,1,2,-4.415979,-11.572961,7.156981,0.006353,0.999221,-4.415979,-11.572961,,,,,,
2,250,250.000000,agent_1,actor_logits,0,1,2,-4.415979,-11.572962,7.156983,0.006353,0.999221,-4.415979,-11.572962,,,,,,
2,250,250.000000,agent_2,actor_logits,0,1,2,-4.415979,-11.572962,7.156982,0.006353,0.999221,-4.415979,-11.572962,,,,,,
2,250,250.000000,agent_3,actor_logits,0,1,2,-4.415980,-11.572962,7.156982,0.006353,0.999221,-4.415980,-11.572962,,,,,,
2,250,250.000000,agent_4,actor_logits,0,1,2,-4.415979,-11.572962,7.156982,0.006353,0.999221,-4.415979,-11.572962,,,,,,
2,250,250.000000,agent_5,actor_logits,0,1,2,-4.415980,-11.572961,7.156981,0.006353,0.999221,-4.415980,-11.572961,,,,,,
2,252,252.000000,agent_0,actor_logits,1,1,3,3.272101,-7.029557,6.834806,0.008798,0.998892,-7.029557,3.272101,-3.562706,,,,,
2,252,252.000000,agent_1,actor_logits,1,1,3,3.272101,-7.029557,6.834807,0.008798,0.998892,-7.029557,3.272101,-3.562706,,,,,
2,252,252.000000,agent_2,actor_logits,1,1,3,3.272101,-7.029557,6.834806,0.008798,0.998892,-7.029557,3.272101,-3.562705,,,,,
2,252,252.000000,agent_3,actor_logits,1,1,3,3.272101,-7.029557,6.834806,0.008798,0.998892,-7.029557,3.272101,-3.562705,,,,,
2,252,252.000000,agent_4,actor_logits,1,1,3,3.272101,-7.029557,6.834806,0.008798,0.998892,-7.029557,3.272101,-3.562705,,,,,
2,252,252.000000,agent_5,actor_logits,1,1,3,3.272101,-7.029558,6.834806,0.008798,0.998892,-7.029558,3.272101,-3.562705,,,,,
2,254,254.000000,agent_0,actor_logits,1,1,3,7.102353,-17.289534,9.070147,0.001158,0.999885,-17.289534,7.102353,-1.967794,,,,,
2,254,254.000000,agent_1,actor_logits,1,1,3,7.102353,-17.289534,9.070147,0.001158,0.999885,-17.289534,7.102353,-1.967794,,,,,
2,254,254.000000,agent_2,actor_logits,1,1,3,7.102353,-17.289532,9.070147,0.001158,0.999885,-17.289532,7.102353,-1.967794,,,,,
2,254,254.000000,agent_3,actor_logits,1,1,3,7.102354,-17.289532,9.070148,0.001158,0.999885,-17.289532,7.102354,-1.967794,,,,,
2,254,254.000000,agent_4,actor_logits,1,1,3,7.102354,-17.289534,9.070148,0.001158,0.999885,-17.289534,7.102354,-1.967794,,,,,
2,254,254.000000,agent_5,actor_logits,1,1,3,7.102353,-17.289534,9.070147,0.001158,0.999885,-17.289534,7.102353,-1.967794,,,,,
2,256,256.000000,agent_0,actor_logits,1,1,3,6.385086,-22.524824,2.939386,0.199223,0.949759,-22.524824,6.385086,3.445699,,,,,
2,256,256.000000,agent_1,actor_logits,1,1,3,6.385086,-22.524824,2.939387,0.199223,0.949759,-22.524824,6.385086,3.445699,,,,,
2,256,256.000000,agent_2,actor_logits,1,1,3,6.385086,-22.524824,2.939386,0.199223,0.949759,-22.524824,6.385086,3.445699,,,,,
2,256,256.000000,agent_3,actor_logits,1,1,3,6.385086,-22.524824,2.939387,0.199223,0.949759,-22.524824,6.385086,3.445699,,,,,
2,256,256.000000,agent_4,actor_logits,1,1,3,6.385086,-22.524824,2.939387,0.199223,0.949759,-22.524824,6.385086,3.445699,,,,,
2,256,256.000000,agent_5,actor_logits,1,1,3,6.385085,-22.524824,2.939385,0.199223,0.949759,-22.524824,6.385085,3.445700,,,,,
2,258,258.000000,agent_0,actor_logits,1,1,3,5.293547,-21.504469,0.401364,0.673409,0.599015,-21.504469,5.293547,4.892183,,,,,
2,258,258.000000,agent_1,actor_logits,1,1,3,5.293547,-21.504469,0.401364,0.673409,0.599015,-21.504469,5.293547,4.892183,,,,,
2,258,258.000000,agent_2,actor_logits,1,1,3,5.293546,-21.504471,0.401363,0.673409,0.599015,-21.504471,5.293546,4.892183,,,,,
2,258,258.000000,agent_3,actor_logits,1,1,3,5.293547,-21.504471,0.401364,0.673409,0.599015,-21.504471,5.293547,4.892183,,,,,
2,258,258.000000,agent_4,actor_logits,1,1,3,5.293548,-21.504469,0.401365,0.673409,0.599016,-21.504469,5.293548,4.892183,,,,,
2,258,258.000000,agent_5,actor_logits,1,1,3,5.293546,-21.504471,0.401362,0.673409,0.599015,-21.504471,5.293546,4.892184,,,,,
2,260,260.000000,agent_0,actor_logits,2,1,3,6.966480,-22.413683,0.922613,0.597085,0.715574,-22.413683,6.043867,6.966480,,,,,
2,260,260.000000,agent_1,actor_logits,2,1,3,6.966480,-22.413683,0.922612,0.597085,0.715574,-22.413683,6.043868,6.966480,,,,,
2,260,260.000000,agent_2,actor_logits,2,1,3,6.966480,-22.413681,0.922612,0.597085,0.715574,-22.413681,6.043868,6.966480,,,,,
2,260,260.000000,agent_3,actor_logits,2,1,3,6.966480,-22.413683,0.922613,0.597085,0.715574,-22.413683,6.043867,6.966480,,,,,
2,260,260.000000,agent_4,actor_logits,2,1,3,6.966480,-22.413683,0.922612,0.597085,0.715574,-22.413683,6.043868,6.966480,,,,,
2,260,260.000000,agent_5,actor_logits,2,1,3,6.966480,-22.413681,0.922613,0.597085,0.715574,-22.413681,6.043867,6.966480,,,,,
2,262,262.000000,agent_0,actor_logits,3,1,4,10.589973,-13.300498,3.547803,0.127791,0.972007,-13.300498,-0.810065,7.042170,10.589973,,,,
2,262,262.000000,agent_1,actor_logits,3,1,4,10.589973,-13.300496,3.547804,0.127791,0.972007,-13.300496,-0.810065,7.042169,10.589973,,,,
2,262,262.000000,agent_2,actor_logits,3,1,4,10.589973,-13.300497,3.547804,0.127791,0.972007,-13.300497,-0.810065,7.042169,10.589973,,,,
2,262,262.000000,agent_3,actor_logits,3,1,4,10.589972,-13.300497,3.547803,0.127791,0.972007,-13.300497,-0.810065,7.042169,10.589972,,,,
2,262,262.000000,agent_4,actor_logits,3,1,4,10.589973,-13.300497,3.547804,0.127791,0.972007,-13.300497,-0.810065,7.042170,10.589973,,,,
2,262,262.000000,agent_5,actor_logits,3,1,4,10.589972,-13.300497,3.547803,0.127791,0.972007,-13.300497,-0.810065,7.042169,10.589972,,,,
2,264,264.000000,agent_0,actor_logits,2,1,4,5.295024,-7.198732,4.117774,0.133888,0.974884,-7.198732,1.177250,5.295024,0.636296,,,,
2,264,264.000000,agent_1,actor_logits,2,1,4,5.295025,-7.198732,4.117775,0.133887,0.974884,-7.198732,1.177250,5.295025,0.636296,,,,
2,264,264.000000,agent_2,actor_logits,2,1,4,5.295024,-7.198732,4.117774,0.133888,0.974884,-7.198732,1.177251,5.295024,0.636296,,,,
2,264,264.000000,agent_3,actor_logits,2,1,4,5.295025,-7.198732,4.117775,0.133887,0.974884,-7.198732,1.177251,5.295025,0.636296,,,,
2,264,264.000000,agent_4,actor_logits,2,1,4,5.295025,-7.198732,4.117775,0.133887,0.974884,-7.198732,1.177250,5.295025,0.636296,,,,
2,264,264.000000,agent_5,actor_logits,2,1,4,5.295025,-7.198732,4.117775,0.133888,0.974884,-7.198732,1.177250,5.295025,0.636296,,,,
2,266,266.000000,agent_0,actor_logits,0,1,4,9.356964,-6.251433,10.207642,0.000456,0.999960,9.356964,-6.251433,-0.850678,-3.386692,,,,
2,266,266.000000,agent_1,actor_logits,0,1,4,9.356964,-6.251433,10.207642,0.000456,0.999960,9.356964,-6.251433,-0.850678,-3.386691,,,,
2,266,266.000000,agent_2,actor_logits,0,1,4,9.356964,-6.251433,10.207643,0.000456,0.999960,9.356964,-6.251433,-0.850679,-3.386692,,,,
2,266,266.000000,agent_3,actor_logits,0,1,4,9.356964,-6.251433,10.207642,0.000456,0.999960,9.356964,-6.251433,-0.850678,-3.386692,,,,
2,266,266.000000,agent_4,actor_logits,0,1,4,9.356964,-6.251433,10.207643,0.000456,0.999960,9.356964,-6.251433,-0.850678,-3.386692,,,,
2,266,266.000000,agent_5,actor_logits,0,1,4,9.356964,-6.251433,10.207642,0.000456,0.999960,9.356964,-6.251433,-0.850678,-3.386692,,,,
2,268,268.000000,agent_0,actor_logits,0,1,4,8.509019,-13.531344,4.387419,0.078368,0.986087,8.509019,-13.531344,2.118241,4.121600,,,,
2,268,268.000000,agent_1,actor_logits,0,1,4,8.509018,-13.531343,4.387419,0.078368,0.986087,8.509018,-13.531343,2.118241,4.121599,,,,
2,268,268.000000,agent_2,actor_logits,0,1,4,8.509018,-13.531343,4.387419,0.078368,0.986087,8.509018,-13.531343,2.118241,4.121599,,,,
2,268,268.000000,agent_3,actor_logits,0,1,4,8.509019,-13.531343,4.387420,0.078368,0.986087,8.509019,-13.531343,2.118241,4.121599,,,,
2,268,268.000000,agent_4,actor_logits,0,1,4,8.509019,-13.531343,4.387420,0.078368,0.986087,8.509019,-13.531343,2.118241,4.121599,,,,
2,268,268.000000,agent_5,actor_logits,0,1,4,8.509019,-13.531343,4.387420,0.078368,0.986087,8.509019,-13.531343,2.118241,4.121599,,,,
2,270,270.000000,agent_0,actor_logits,1,1,3,5.975664,-14.447420,4.431040,0.063950,0.988238,-14.447420,5.975664,1.544624,,,,,
2,270,270.000000,agent_1,actor_logits,1,1,3,5.975664,-14.447420,4.431039,0.063950,0.988238,-14.447420,5.975664,1.544625,,,,,
2,270,270.000000,agent_2,actor_logits,1,1,3,5.975664,-14.447420,4.431040,0.063950,0.988238,-14.447420,5.975664,1.544624,,,,,
2,270,270.000000,agent_3,actor_logits,1,1,3,5.975664,-14.447419,4.431040,0.063950,0.988238,-14.447419,5.975664,1.544624,,,,,
2,270,270.000000,agent_4,actor_logits,1,1,3,5.975665,-14.447420,4.431040,0.063950,0.988238,-14.447420,5.975665,1.544625,,,,,
2,270,270.000000,agent_5,actor_logits,1,1,3,5.975665,-14.447420,4.431041,0.063950,0.988238,-14.447420,5.975665,1.544624,,,,,
2,272,272.000000,agent_0,actor_logits,2,1,4,6.244188,-4.799906,4.808066,0.048147,0.991801,-4.799906,-3.101800,6.244188,1.436122,,,,
2,272,272.000000,agent_1,actor_logits,2,1,4,6.244188,-4.799907,4.808066,0.048147,0.991801,-4.799907,-3.101800,6.244188,1.436122,,,,
2,272,272.000000,agent_2,actor_logits,2,1,4,6.244188,-4.799907,4.808066,0.048147,0.991801,-4.799907,-3.101800,6.244188,1.436122,,,,
2,272,272.000000,agent_3,actor_logits,2,1,4,6.244188,-4.799907,4.808066,0.048147,0.991801,-4.799907,-3.101799,6.244188,1.436121,,,,
2,272,272.000000,agent_4,actor_logits,2,1,4,6.244189,-4.799907,4.808067,0.048147,0.991801,-4.799907,-3.101800,6.244189,1.436121,,,,
2,272,272.000000,agent_5,actor_logits,2,1,4,6.244188,-4.799907,4.808066,0.048147,0.991801,-4.799907,-3.101800,6.244188,1.436122,,,,
2,274,274.000000,agent_0,actor_logits,0,1,4,4.422392,-5.565396,4.302658,0.093334,0.983342,4.422392,-1.272865,0.119734,-5.565396,,,,
2,274,274.000000,agent_1,actor_logits,0,1,4,4.422393,-5.565396,4.302659,0.093334,0.983342,4.422393,-1.272865,0.119734,-5.565396,,,,
2,274,274.000000,agent_2,actor_logits,0,1,4,4.422392,-5.565396,4.302658,0.093334,0.983342,4.422392,-1.272865,0.119734,-5.565396,,,,
2,274,274.000000,agent_3,actor_logits,0,1,4,4.422393,-5.565396,4.302660,0.093333,0.983342,4.422393,-1.272864,0.119734,-5.565396,,,,
2,274,274.000000,agent_4,actor_logits,0,1,4,4.422393,-5.565397,4.302659,0.093334,0.983342,4.422393,-1.272864,0.119734,-5.565397,,,,
2,274,274.000000,agent_5,actor_logits,0,1,4,4.422393,-5.565396,4.302659,0.093334,0.983342,4.422393,-1.272865,0.119734,-5.565396,,,,
2,276,276.000000,agent_0,actor_logits,0,1,4,7.914322,-5.116703,5.346272,0.030192,0.995251,7.914322,-5.116703,-4.639106,2.568050,,,,
2,276,276.000000,agent_1,actor_logits,0,1,4,7.914322,-5.116702,5.346272,0.030192,0.995251,7.914322,-5.116702,-4.639106,2.568050,,,,
2,276,276.000000,agent_2,actor_logits,0,1,4,7.914322,-5.116703,5.346272,0.030192,0.995251,7.914322,-5.116703,-4.639106,2.568051,,,,
2,276,276.000000,agent_3,actor_logits,0,1,4,7.914322,-5.116702,5.346272,0.030192,0.995251,7.914322,-5.116702,-4.639106,2.568050,,,,
2,276,276.000000,agent_4,actor_logits,0,1,4,7.914322,-5.116702,5.346272,0.030192,0.995251,7.914322,-5.116702,-4.639106,2.568050,,,,
2,276,276.000000,agent_5,actor_logits,0,1,4,7.914323,-5.116703,5.346272,0.030192,0.995251,7.914323,-5.116703,-4.639106,2.568050,,,,
2,278,278.000000,agent_0,actor_logits,2,1,3,6.341499,-10.447237,5.738218,0.021637,0.996790,0.603281,-10.447237,6.341499,,,,,
2,278,278.000000,agent_1,actor_logits,2,1,3,6.341500,-10.447237,5.738219,0.021637,0.996790,0.603281,-10.447237,6.341500,,,,,
2,278,278.000000,agent_2,actor_logits,2,1,3,6.341499,-10.447237,5.738219,0.021637,0.996790,0.603281,-10.447237,6.341499,,,,,
2,278,278.000000,agent_3,actor_logits,2,1,3,6.341499,-10.447237,5.738218,0.021637,0.996790,0.603281,-10.447237,6.341499,,,,,
2,278,278.000000,agent_4,actor_logits,2,1,3,6.341499,-10.447236,5.738218,0.021637,0.996790,0.603281,-10.447236,6.341499,,,,,
2,278,278.000000,agent_5,actor_logits,2,1,3,6.341500,-10.447237,5.738219,0.021637,0.996790,0.603281,-10.447237,6.341500,,,,,
2,284,284.000000,agent_0,actor_logits,0,1,7,6.176219,-5.864835,0.338354,0.701492,0.581929,6.176219,-5.453227,-5.864835,5.837865,0.431143,-0.392496,-0.877444,
2,284,284.000000,agent_1,actor_logits,0,1,7,6.176220,-5.864836,0.338356,0.701492,0.581929,6.176220,-5.453227,-5.864836,5.837864,0.431144,-0.392496,-0.877444,
2,284,284.000000,agent_2,actor_logits,0,1,7,6.176219,-5.864835,0.338355,0.701492,0.581929,6.176219,-5.453228,-5.864835,5.837864,0.431144,-0.392496,-0.877444,
2,284,284.000000,agent_3,actor_logits,0,1,7,6.176219,-5.864836,0.338353,0.701492,0.581928,6.176219,-5.453227,-5.864836,5.837865,0.431144,-0.392496,-0.877445,
2,284,284.000000,agent_4,actor_logits,0,1,7,6.176220,-5.864837,0.338356,0.701492,0.581929,6.176220,-5.453227,-5.864837,5.837864,0.431144,-0.392496,-0.877444,
2,284,284.000000,agent_5,actor_logits,0,1,7,6.176219,-5.864835,0.338355,0.701492,0.581929,6.176219,-5.453228,-5.864835,5.837864,0.431144,-0.392496,-0.877444,
2,290,290.000000,agent_0,actor_logits,2,1,3,2.834552,-8.121284,9.324319,0.001130,0.999893,-6.489767,-8.121284,2.834552,,,,,
2,290,290.000000,agent_1,actor_logits,2,1,3,2.834551,-8.121284,9.324318,0.001130,0.999893,-6.489767,-8.121284,2.834551,,,,,
2,290,290.000000,agent_2,actor_logits,2,1,3,2.834552,-8.121284,9.324320,0.001130,0.999893,-6.489768,-8.121284,2.834552,,,,,
2,290,290.000000,agent_3,actor_logits,2,1,3,2.834551,-8.121283,9.324319,0.001130,0.999893,-6.489768,-8.121283,2.834551,,,,,
2,290,290.000000,agent_4,actor_logits,2,1,3,2.834551,-8.121284,9.324317,0.001130,0.999893,-6.489766,-8.121284,2.834551,,,,,
2,290,290.000000,agent_5,actor_logits,2,1,3,2.834551,-8.121283,9.324318,0.001130,0.999893,-6.489767,-8.121283,2.834551,,,,,
2,296,296.000000,agent_0,actor_logits,3,1,7,11.796405,-9.681776,5.224491,0.034403,0.994551,-9.681776,-0.593403,2.143455,11.796405,6.571914,1.126418,-0.536856,
2,296,296.000000,agent_1,actor_logits,3,1,7,11.796405,-9.681776,5.224490,0.034403,0.994551,-9.681776,-0.593403,2.143454,11.796405,6.571915,1.126418,-0.536856,
2,296,296.000000,agent_2,actor_logits,3,1,7,11.796405,-9.681776,5.224490,0.034403,0.994551,-9.681776,-0.593403,2.143454,11.796405,6.571915,1.126418,-0.536856,
2,296,296.000000,agent_3,actor_logits,3,1,7,11.796405,-9.681777,5.224490,0.034403,0.994551,-9.681777,-0.593403,2.143454,11.796405,6.571915,1.126418,-0.536856,
2,296,296.000000,agent_4,actor_logits,3,1,7,11.796405,-9.681777,5.224491,0.034403,0.994551,-9.681777,-0.593402,2.143454,11.796405,6.571914,1.126418,-0.536856,
2,296,296.000000,agent_5,actor_logits,3,1,7,11.796405,-9.681776,5.224490,0.034403,0.994551,-9.681776,-0.593403,2.143454,11.796405,6.571915,1.126418,-0.536856,
2,298,298.000000,agent_0,actor_logits,2,1,4,7.490946,-10.609260,3.140972,0.172535,0.958551,-6.290099,4.349974,7.490946,-10.609260,,,,
2,298,298.000000,agent_1,actor_logits,2,1,4,7.490946,-10.609260,3.140972,0.172535,0.958551,-6.290099,4.349974,7.490946,-10.609260,,,,
2,298,298.000000,agent_2,actor_logits,2,1,4,7.490946,-10.609260,3.140972,0.172535,0.958551,-6.290099,4.349974,7.490946,-10.609260,,,,
2,298,298.000000,agent_3,actor_logits,2,1,4,7.490946,-10.609260,3.140972,0.172535,0.958551,-6.290098,4.349974,7.490946,-10.609260,,,,
2,298,298.000000,agent_4,actor_logits,2,1,4,7.490947,-10.609260,3.140973,0.172535,0.958551,-6.290099,4.349974,7.490947,-10.609260,,,,
2,298,298.000000,agent_5,actor_logits,2,1,4,7.490946,-10.609260,3.140971,0.172535,0.958551,-6.290099,4.349975,7.490946,-10.609260,,,,
2,300,300.000000,agent_0,actor_logits,1,1,4,7.703519,-11.225326,3.905307,0.097034,0.980261,-5.844258,7.703519,3.798213,-11.225326,,,,
2,300,300.000000,agent_1,actor_logits,1,1,4,7.703520,-11.225327,3.905308,0.097034,0.980261,-5.844258,7.703520,3.798212,-11.225327,,,,
2,300,300.000000,agent_2,actor_logits,1,1,4,7.703520,-11.225327,3.905307,0.097034,0.980261,-5.844258,7.703520,3.798213,-11.225327,,,,
2,300,300.000000,agent_3,actor_logits,1,1,4,7.703519,-11.225327,3.905308,0.097034,0.980261,-5.844258,7.703519,3.798212,-11.225327,,,,
2,300,300.000000,agent_4,actor_logits,1,1,4,7.703519,-11.225327,3.905308,0.097034,0.980261,-5.844258,7.703519,3.798212,-11.225327,,,,
2,300,300.000000,agent_5,actor_logits,1,1,4,7.703520,-11.225327,3.905308,0.097034,0.980261,-5.844258,7.703520,3.798212,-11.225327,,,,
2,302,302.000000,agent_0,actor_logits,1,1,4,5.572497,-6.318323,4.639821,0.073065,0.987675,-0.301080,5.572497,-6.318323,0.932677,,,,
2,302,302.000000,agent_1,actor_logits,1,1,4,5.572497,-6.318322,4.639821,0.073065,0.987675,-0.301080,5.572497,-6.318322,0.932677,,,,
2,302,302.000000,agent_2,actor_logits,1,1,4,5.572497,-6.318322,4.639820,0.073065,0.987675,-0.301080,5.572497,-6.318322,0.932677,,,,
2,302,302.000000,agent_3,actor_logits,1,1,4,5.572497,-6.318323,4.639820,0.073065,0.987675,-0.301079,5.572497,-6.318323,0.932677,,,,
2,302,302.000000,agent_4,actor_logits,1,1,4,5.572497,-6.318323,4.639820,0.073065,0.987675,-0.301079,5.572497,-6.318323,0.932677,,,,
2,302,302.000000,agent_5,actor_logits,1,1,4,5.572497,-6.318323,4.639821,0.073065,0.987675,-0.301080,5.572497,-6.318323,0.932677,,,,
2,304,304.000000,agent_0,actor_logits,3,1,4,4.264954,-9.336792,1.240572,0.905493,0.637945,2.985948,3.024382,-9.336792,4.264954,,,,
2,304,304.000000,agent_1,actor_logits,3,1,4,4.264955,-9.336792,1.240573,0.905492,0.637945,2.985947,3.024382,-9.336792,4.264955,,,,
2,304,304.000000,agent_2,actor_logits,3,1,4,4.264955,-9.336793,1.240573,0.905492,0.637945,2.985947,3.024382,-9.336793,4.264955,,,,
2,304,304.000000,agent_3,actor_logits,3,1,4,4.264955,-9.336793,1.240573,0.905492,0.637945,2.985948,3.024381,-9.336793,4.264955,,,,
2,304,304.000000,agent_4,actor_logits,3,1,4,4.264955,-9.336793,1.240573,0.905492,0.637945,2.985947,3.024382,-9.336793,4.264955,,,,
2,304,304.000000,agent_5,actor_logits,3,1,4,4.264955,-9.336791,1.240572,0.905493,0.637945,2.985947,3.024382,-9.336791,4.264955,,,,
2,306,306.000000,agent_0,actor_logits,1,1,4,5.025055,-3.212208,4.412902,0.069842,0.987490,-3.212208,5.025055,-3.143416,0.612153,,,,
2,306,306.000000,agent_1,actor_logits,1,1,4,5.025056,-3.212208,4.412903,0.069842,0.987490,-3.212208,5.025056,-3.143417,0.612154,,,,
2,306,306.000000,agent_2,actor_logits,1,1,4,5.025056,-3.212208,4.412903,0.069842,0.987490,-3.212208,5.025056,-3.143416,0.612153,,,,
2,306,306.000000,agent_3,actor_logits,1,1,4,5.025056,-3.212208,4.412903,0.069842,0.987490,-3.212208,5.025056,-3.143417,0.612153,,,,
2,306,306.000000,agent_4,actor_logits,1,1,4,5.025056,-3.212208,4.412904,0.069842,0.987490,-3.212208,5.025056,-3.143416,0.612153,,,,
2,306,306.000000,agent_5,actor_logits,1,1,4,5.025056,-3.212208,4.412903,0.069842,0.987490,-3.212208,5.025056,-3.143417,0.612153,,,,
2,308,308.000000,agent_0,actor_logits,1,1,4,6.299567,-10.779920,3.521078,0.187949,0.960913,2.778490,6.299567,-10.779920,1.799568,,,,
2,308,308.000000,agent_1,actor_logits,1,1,4,6.299567,-10.779919,3.521079,0.187948,0.960913,2.778488,6.299567,-10.779919,1.799568,,,,
2,308,308.000000,agent_2,actor_logits,1,1,4,6.299568,-10.779919,3.521079,0.187948,0.960913,2.778489,6.299568,-10.779919,1.799568,,,,
2,308,308.000000,agent_3,actor_logits,1,1,4,6.299568,-10.779920,3.521078,0.187949,0.960913,2.778490,6.299568,-10.779920,1.799567,,,,
2,308,308.000000,agent_4,actor_logits,1,1,4,6.299567,-10.779919,3.521077,0.187949,0.960913,2.778490,6.299567,-10.779919,1.799568,,,,
2,308,308.000000,agent_5,actor_logits,1,1,4,6.299567,-10.779920,3.521077,0.187949,0.960913,2.778490,6.299567,-10.779920,1.799568,,,,
2,310,310.000000,agent_0,actor_logits,1,1,4,6.501554,-9.698592,3.708869,0.120085,0.975195,2.792685,6.501554,-9.698592,-0.478274,,,,
2,310,310.000000,agent_1,actor_logits,1,1,4,6.501554,-9.698592,3.708870,0.120085,0.975195,2.792684,6.501554,-9.698592,-0.478274,,,,
2,310,310.000000,agent_2,actor_logits,1,1,4,6.501554,-9.698591,3.708870,0.120085,0.975195,2.792684,6.501554,-9.698591,-0.478274,,,,
2,310,310.000000,agent_3,actor_logits,1,1,4,6.501554,-9.698593,3.708869,0.120085,0.975195,2.792686,6.501554,-9.698593,-0.478274,,,,
2,310,310.000000,agent_4,actor_logits,1,1,4,6.501553,-9.698592,3.708868,0.120085,0.975195,2.792686,6.501553,-9.698592,-0.478274,,,,
2,310,310.000000,agent_5,actor_logits,1,1,4,6.501554,-9.698592,3.708868,0.120085,0.975195,2.792686,6.501554,-9.698592,-0.478274,,,,
2,312,312.000000,agent_0,actor_logits,0,1,4,4.231596,-4.580299,0.662340,0.648887,0.659113,4.231596,-2.341527,-4.580299,3.569256,,,,
2,312,312.000000,agent_1,actor_logits,0,1,4,4.231596,-4.580300,0.662340,0.648887,0.659113,4.231596,-2.341527,-4.580300,3.569256,,,,
2,312,312.000000,agent_2,actor_logits,0,1,4,4.231595,-4.580299,0.662339,0.648887,0.659113,4.231595,-2.341526,-4.580299,3.569256,,,,
2,312,312.000000,agent_3,actor_logits,0,1,4,4.231597,-4.580299,0.662342,0.648887,0.659114,4.231597,-2.341527,-4.580299,3.569256,,,,
2,312,312.000000,agent_4,actor_logits,0,1,4,4.231597,-4.580299,0.662341,0.648887,0.659114,4.231597,-2.341527,-4.580299,3.569256,,,,
2,312,312.000000,agent_5,actor_logits,0,1,4,4.231596,-4.580299,0.662341,0.648887,0.659114,4.231596,-2.341527,-4.580299,3.569256,,,,
2,314,314.000000,agent_0,actor_logits,3,1,4,5.403740,-12.733597,0.301225,0.887825,0.534513,3.370794,-12.733597,5.102516,5.403740,,,,
2,314,314.000000,agent_1,actor_logits,3,1,4,5.403739,-12.733599,0.301224,0.887825,0.534513,3.370795,-12.733599,5.102516,5.403739,,,,
2,314,314.000000,agent_2,actor_logits,3,1,4,5.403739,-12.733597,0.301224,0.887825,0.534513,3.370794,-12.733597,5.102516,5.403739,,,,
2,314,314.000000,agent_3,actor_logits,3,1,4,5.403739,-12.733597,0.301224,0.887825,0.534513,3.370795,-12.733597,5.102515,5.403739,,,,
2,314,314.000000,agent_4,actor_logits,3,1,4,5.403739,-12.733597,0.301224,0.887825,0.534513,3.370794,-12.733597,5.102516,5.403739,,,,
2,314,314.000000,agent_5,actor_logits,3,1,4,5.403739,-12.733597,0.301224,0.887825,0.534513,3.370794,-12.733597,5.102515,5.403739,,,,
2,316,316.000000,agent_0,actor_logits,0,1,4,4.952983,-7.630099,2.668669,0.363107,0.908408,4.952983,1.494565,-7.630099,2.284314,,,,
2,316,316.000000,agent_1,actor_logits,0,1,4,4.952984,-7.630101,2.668672,0.363106,0.908408,4.952984,1.494564,-7.630101,2.284312,,,,
2,316,316.000000,agent_2,actor_logits,0,1,4,4.952984,-7.630101,2.668671,0.363106,0.908408,4.952984,1.494564,-7.630101,2.284313,,,,
2,316,316.000000,agent_3,actor_logits,0,1,4,4.952984,-7.630100,2.668671,0.363106,0.908408,4.952984,1.494564,-7.630100,2.284313,,,,
2,316,316.000000,agent_4,actor_logits,0,1,4,4.952984,-7.630101,2.668670,0.363106,0.908408,4.952984,1.494565,-7.630101,2.284313,,,,
2,316,316.000000,agent_5,actor_logits,0,1,4,4.952984,-7.630101,2.668671,0.363106,0.908408,4.952984,1.494564,-7.630101,2.284313,,,,
2,318,318.000000,agent_0,actor_logits,0,1,4,4.947454,-10.942211,0.080144,0.723855,0.517024,4.947454,-10.942211,4.867310,0.452253,,,,
2,318,318.000000,agent_1,actor_logits,0,1,4,4.947454,-10.942211,0.080144,0.723855,0.517024,4.947454,-10.942211,4.867311,0.452252,,,,
2,318,318.000000,agent_2,actor_logits,0,1,4,4.947455,-10.942212,0.080145,0.723855,0.517024,4.947455,-10.942212,4.867310,0.452252,,,,
2,318,318.000000,agent_3,actor_logits,0,1,4,4.947454,-10.942211,0.080144,0.723855,0.517024,4.947454,-10.942211,4.867310,0.452253,,,,
2,318,318.000000,agent_4,actor_logits,0,1,4,4.947454,-10.942211,0.080143,0.723855,0.517024,4.947454,-10.942211,4.867311,0.452253,,,,
2,318,318.000000,agent_5,actor_logits,0,1,4,4.947455,-10.942211,0.080145,0.723855,0.517024,4.947455,-10.942211,4.867310,0.452252,,,,
2,320,320.000000,agent_0,actor_logits,0,1,4,4.692639,-8.039310,0.131684,0.719107,0.530199,4.692639,0.032153,-8.039310,4.560955,,,,
2,320,320.000000,agent_1,actor_logits,0,1,4,4.692640,-8.039310,0.131684,0.719106,0.530199,4.692640,0.032152,-8.039310,4.560956,,,,
2,320,320.000000,agent_2,actor_logits,0,1,4,4.692640,-8.039310,0.131685,0.719107,0.530200,4.692640,0.032153,-8.039310,4.560955,,,,
2,320,320.000000,agent_3,actor_logits,0,1,4,4.692638,-8.039310,0.131683,0.719107,0.530199,4.692638,0.032153,-8.039310,4.560955,,,,
2,320,320.000000,agent_4,actor_logits,0,1,4,4.692639,-8.039310,0.131684,0.719107,0.530199,4.692639,0.032153,-8.039310,4.560956,,,,
2,320,320.000000,agent_5,actor_logits,0,1,4,4.692639,-8.039310,0.131685,0.719107,0.530200,4.692639,0.032153,-8.039310,4.560955,,,,
2,322,322.000000,agent_0,actor_logits,0,1,4,13.649858,-7.730071,12.001539,0.000080,0.999994,13.649858,-7.730071,-7.310847,1.648319,,,,
2,322,322.000000,agent_1,actor_logits,0,1,4,13.649858,-7.730071,12.001539,0.000080,0.999994,13.649858,-7.730071,-7.310846,1.648319,,,,
2,322,322.000000,agent_2,actor_logits,0,1,4,13.649858,-7.730070,12.001540,0.000080,0.999994,13.649858,-7.730070,-7.310846,1.648319,,,,
2,322,322.000000,agent_3,actor_logits,0,1,4,13.649858,-7.730071,12.001538,0.000080,0.999994,13.649858,-7.730071,-7.310846,1.648320,,,,
2,322,322.000000,agent_4,actor_logits,0,1,4,13.649858,-7.730072,12.001539,0.000080,0.999994,13.649858,-7.730072,-7.310846,1.648320,,,,
2,322,322.000000,agent_5,actor_logits,0,1,4,13.649858,-7.730071,12.001539,0.000080,0.999994,13.649858,-7.730071,-7.310846,1.648319,,,,
2,324,324.000000,agent_0,actor_logits,1,1,4,2.077602,-2.911642,2.964076,0.397061,0.905382,-0.886475,2.077602,-0.999627,-2.911642,,,,
2,324,324.000000,agent_1,actor_logits,1,1,4,2.077601,-2.911643,2.964076,0.397061,0.905382,-0.886475,2.077601,-0.999627,-2.911643,,,,
2,324,324.000000,agent_2,actor_logits,1,1,4,2.077602,-2.911642,2.964077,0.397061,0.905382,-0.886475,2.077602,-0.999627,-2.911642,,,,
2,324,324.000000,agent_3,actor_logits,1,1,4,2.077602,-2.911642,2.964078,0.397061,0.905382,-0.886476,2.077602,-0.999627,-2.911642,,,,
2,324,324.000000,agent_4,actor_logits,1,1,4,2.077601,-2.911642,2.964076,0.397061,0.905382,-0.886475,2.077601,-0.999627,-2.911642,,,,
2,324,324.000000,agent_5,actor_logits,1,1,4,2.077601,-2.911643,2.964076,0.397061,0.905382,-0.886475,2.077601,-0.999627,-2.911643,,,,
2,326,326.000000,agent_0,actor_logits,0,1,3,8.042435,-13.257819,6.719634,0.009307,0.998794,8.042435,1.322801,-13.257819,,,,,
2,326,326.000000,agent_1,actor_logits,0,1,3,8.042435,-13.257819,6.719634,0.009307,0.998794,8.042435,1.322801,-13.257819,,,,,
2,326,326.000000,agent_2,actor_logits,0,1,3,8.042434,-13.257819,6.719633,0.009307,0.998794,8.042434,1.322801,-13.257819,,,,,
2,326,326.000000,agent_3,actor_logits,0,1,3,8.042434,-13.257819,6.719633,0.009307,0.998794,8.042434,1.322800,-13.257819,,,,,
2,326,326.000000,agent_4,actor_logits,0,1,3,8.042435,-13.257819,6.719635,0.009307,0.998794,8.042435,1.322800,-13.257819,,,,,
2,326,326.000000,agent_5,actor_logits,0,1,3,8.042435,-13.257819,6.719635,0.009307,0.998794,8.042435,1.322800,-13.257819,,,,,
2,328,328.000000,agent_0,actor_logits,0,1,2,-4.052485,-9.708155,5.655670,0.023204,0.996515,-4.052485,-9.708155,,,,,,
2,328,328.000000,agent_1,actor_logits,0,1,2,-4.052485,-9.708153,5.655668,0.023204,0.996515,-4.052485,-9.708153,,,,,,
2,328,328.000000,agent_2,actor_logits,0,1,2,-4.052485,-9.708155,5.655670,0.023204,0.996515,-4.052485,-9.708155,,,,,,
2,328,328.000000,agent_3,actor_logits,0,1,2,-4.052485,-9.708155,5.655670,0.023204,0.996515,-4.052485,-9.708155,,,,,,
2,328,328.000000,agent_4,actor_logits,0,1,2,-4.052485,-9.708153,5.655668,0.023204,0.996515,-4.052485,-9.708153,,,,,,
2,328,328.000000,agent_5,actor_logits,0,1,2,-4.052484,-9.708155,5.655671,0.023204,0.996515,-4.052484,-9.708155,,,,,,
2,330,330.000000,agent_0,actor_logits,1,1,3,5.840337,-6.666129,11.746006,0.000151,0.999988,-5.905668,5.840337,-6.666129,,,,,
2,330,330.000000,agent_1,actor_logits,1,1,3,5.840337,-6.666128,11.746006,0.000151,0.999988,-5.905669,5.840337,-6.666128,,,,,
2,330,330.000000,agent_2,actor_logits,1,1,3,5.840337,-6.666127,11.746006,0.000151,0.999988,-5.905669,5.840337,-6.666127,,,,,
2,330,330.000000,agent_3,actor_logits,1,1,3,5.840337,-6.666128,11.746006,0.000151,0.999988,-5.905669,5.840337,-6.666128,,,,,
2,330,330.000000,agent_4,actor_logits,1,1,3,5.840337,-6.666127,11.746006,0.000151,0.999988,-5.905669,5.840337,-6.666127,,,,,
2,330,330.000000,agent_5,actor_logits,1,1,3,5.840337,-6.666128,11.746006,0.000151,0.999988,-5.905668,5.840337,-6.666128,,,,,
2,332,332.000000,agent_0,actor_logits,1,1,3,9.236054,-19.839357,11.197874,0.000167,0.999986,-19.839357,9.236054,-1.961820,,,,,
2,332,332.000000,agent_1,actor_logits,1,1,3,9.236054,-19.839357,11.197874,0.000167,0.999986,-19.839357,9.236054,-1.961820,,,,,
2,332,332.000000,agent_2,actor_logits,1,1,3,9.236053,-19.839357,11.197873,0.000167,0.999986,-19.839357,9.236053,-1.961819,,,,,
2,332,332.000000,agent_3,actor_logits,1,1,3,9.236054,-19.839357,11.197874,0.000167,0.999986,-19.839357,9.236054,-1.961820,,,,,
2,332,332.000000,agent_4,actor_logits,1,1,3,9.236053,-19.839357,11.197873,0.000167,0.999986,-19.839357,9.236053,-1.961820,,,,,
2,332,332.000000,agent_5,actor_logits,1,1,3,9.236054,-19.839357,11.197874,0.000167,0.999986,-19.839357,9.236054,-1.961820,,,,,
2,334,334.000000,agent_0,actor_logits,1,1,3,6.791646,-21.520403,3.516781,0.130681,0.971161,-21.520403,6.791646,3.274865,,,,,
2,334,334.000000,agent_1,actor_logits,1,1,3,6.791646,-21.520401,3.516780,0.130681,0.971161,-21.520401,6.791646,3.274866,,,,,
2,334,334.000000,agent_2,actor_logits,1,1,3,6.791645,-21.520401,3.516778,0.130682,0.971161,-21.520401,6.791645,3.274867,,,,,
2,334,334.000000,agent_3,actor_logits,1,1,3,6.791646,-21.520401,3.516781,0.130681,0.971161,-21.520401,6.791646,3.274865,,,,,
2,334,334.000000,agent_4,actor_logits,1,1,3,6.791646,-21.520401,3.516780,0.130681,0.971161,-21.520401,6.791646,3.274866,,,,,
2,334,334.000000,agent_5,actor_logits,1,1,3,6.791646,-21.520403,3.516780,0.130681,0.971161,-21.520403,6.791646,3.274866,,,,,
2,336,336.000000,agent_0,actor_logits,2,1,3,6.396626,-21.244081,1.780329,0.412626,0.855738,-21.244081,4.616298,6.396626,,,,,
2,336,336.000000,agent_1,actor_logits,2,1,3,6.396627,-21.244081,1.780330,0.412626,0.855738,-21.244081,4.616297,6.396627,,,,,
2,336,336.000000,agent_2,actor_logits,2,1,3,6.396628,-21.244081,1.780332,0.412626,0.855738,-21.244081,4.616296,6.396628,,,,,
2,336,336.000000,agent_3,actor_logits,2,1,3,6.396627,-21.244081,1.780330,0.412626,0.855738,-21.244081,4.616297,6.396627,,,,,
2,336,336.000000,agent_4,actor_logits,2,1,3,6.396627,-21.244081,1.780330,0.412626,0.855738,-21.244081,4.616297,6.396627,,,,,
2,336,336.000000,agent_5,actor_logits,2,1,3,6.396627,-21.244081,1.780331,0.412626,0.855738,-21.244081,4.616297,6.396627,,,,,
2,338,338.000000,agent_0,actor_logits,3,1,4,11.239626,-16.333052,5.839446,0.023189,0.996723,-16.333052,3.358164,5.400180,11.239626,,,,
2,338,338.000000,agent_1,actor_logits,3,1,4,11.239626,-16.333052,5.839446,0.023189,0.996723,-16.333052,3.358164,5.400180,11.239626,,,,
2,338,338.000000,agent_2,actor_logits,3,1,4,11.239627,-16.333052,5.839446,0.023189,0.996723,-16.333052,3.358163,5.400181,11.239627,,,,
2,338,338.000000,agent_3,actor_logits,3,1,4,11.239626,-16.333052,5.839446,0.023189,0.996723,-16.333052,3.358163,5.400180,11.239626,,,,
2,338,338.000000,agent_4,actor_logits,3,1,4,11.239626,-16.333052,5.839446,0.023189,0.996723,-16.333052,3.358164,5.400180,11.239626,,,,
2,338,338.000000,agent_5,actor_logits,3,1,4,11.239626,-16.333052,5.839446,0.023189,0.996723,-16.333052,3.358164,5.400180,11.239626,,,,
2,340,340.000000,agent_0,actor_logits,3,1,4,7.025106,-2.878116,7.672554,0.007474,0.999165,-2.878116,-0.647448,-1.020757,7.025106,,,,
2,340,340.000000,agent_1,actor_logits,3,1,4,7.025107,-2.878116,7.672555,0.007474,0.999165,-2.878116,-0.647449,-1.020757,7.025107,,,,
2,340,340.000000,agent_2,actor_logits,3,1,4,7.025107,-2.878116,7.672556,0.007474,0.999165,-2.878116,-0.647449,-1.020757,7.025107,,,,
2,340,340.000000,agent_3,actor_logits,3,1,4,7.025106,-2.878115,7.672554,0.007474,0.999165,-2.878115,-0.647448,-1.020757,7.025106,,,,
2,340,340.000000,agent_4,actor_logits,3,1,4,7.025106,-2.878116,7.672554,0.007474,0.999165,-2.878116,-0.647448,-1.020757,7.025106,,,,
2,340,340.000000,agent_5,actor_logits,3,1,4,7.025106,-2.878115,7.672555,0.007474,0.999165,-2.878115,-0.647449,-1.020758,7.025106,,,,
2,342,342.000000,agent_0,actor_logits,1,1,4,6.334859,-2.987897,8.214787,0.005113,0.999464,-1.879927,6.334859,-2.987897,-2.309136,,,,
2,342,342.000000,agent_1,actor_logits,1,1,4,6.334858,-2.987897,8.214786,0.005113,0.999464,-1.879927,6.334858,-2.987897,-2.309137,,,,
2,342,342.000000,agent_2,actor_logits,1,1,4,6.334858,-2.987897,8.214785,0.005113,0.999464,-1.879927,6.334858,-2.987897,-2.309136,,,,
2,342,342.000000,agent_3,actor_logits,1,1,4,6.334858,-2.987898,8.214786,0.005113,0.999464,-1.879928,6.334858,-2.987898,-2.309136,,,,
2,342,342.000000,agent_4,actor_logits,1,1,4,6.334858,-2.987897,8.214786,0.005113,0.999464,-1.879927,6.334858,-2.987897,-2.309137,,,,
2,342,342.000000,agent_5,actor_logits,1,1,4,6.334858,-2.987897,8.214786,0.005113,0.999464,-1.879927,6.334858,-2.987897,-2.309137,,,,
2,344,344.000000,agent_0,actor_logits,0,1,4,12.519753,-13.113924,8.528679,0.001889,0.999802,12.519753,-13.113924,-2.342014,3.991074,,,,
2,344,344.000000,agent_1,actor_logits,0,1,4,12.519753,-13.113924,8.528679,0.001889,0.999802,12.519753,-13.113924,-2.342014,3.991075,,,,
2,344,344.000000,agent_2,actor_logits,0,1,4,12.519753,-13.113924,8.528679,0.001889,0.999802,12.519753,-13.113924,-2.342014,3.991074,,,,
2,344,344.000000,agent_3,actor_logits,0,1,4,12.519753,-13.113924,8.528679,0.001889,0.999802,12.519753,-13.113924,-2.342014,3.991075,,,,
2,344,344.000000,agent_4,actor_logits,0,1,4,12.519753,-13.113924,8.528679,0.001889,0.999802,12.519753,-13.113924,-2.342014,3.991074,,,,
2,344,344.000000,agent_5,actor_logits,0,1,4,12.519754,-13.113925,8.528680,0.001889,0.999802,12.519754,-13.113925,-2.342014,3.991075,,,,
2,346,346.000000,agent_0,actor_logits,0,1,4,14.087612,-16.712410,8.516495,0.001910,0.999800,14.087612,-16.712410,-0.656640,5.571117,,,,
2,346,346.000000,agent_1,actor_logits,0,1,4,14.087611,-16.712410,8.516495,0.001910,0.999800,14.087611,-16.712410,-0.656639,5.571117,,,,
2,346,346.000000,agent_2,actor_logits,0,1,4,14.087611,-16.712410,8.516494,0.001910,0.999800,14.087611,-16.712410,-0.656640,5.571117,,,,
2,346,346.000000,agent_3,actor_logits,0,1,4,14.087612,-16.712410,8.516495,0.001910,0.999800,14.087612,-16.712410,-0.656640,5.571117,,,,
2,346,346.000000,agent_4,actor_logits,0,1,4,14.087612,-16.712410,8.516496,0.001910,0.999800,14.087612,-16.712410,-0.656640,5.571116,,,,
2,346,346.000000,agent_5,actor_logits,0,1,4,14.087612,-16.712410,8.516495,0.001910,0.999800,14.087612,-16.712410,-0.656639,5.571117,,,,
2,348,348.000000,agent_0,actor_logits,3,1,4,3.136129,-5.334543,0.778988,0.697955,0.674024,-5.334543,-0.571033,2.357141,3.136129,,,,
2,348,348.000000,agent_1,actor_logits,3,1,4,3.136129,-5.334544,0.778988,0.697955,0.674024,-5.334544,-0.571033,2.357141,3.136129,,,,
2,348,348.000000,agent_2,actor_logits,3,1,4,3.136130,-5.334543,0.778989,0.697955,0.674024,-5.334543,-0.571033,2.357141,3.136130,,,,
2,348,348.000000,agent_3,actor_logits,3,1,4,3.136129,-5.334543,0.778989,0.697955,0.674024,-5.334543,-0.571032,2.357141,3.136129,,,,
2,348,348.000000,agent_4,actor_logits,3,1,4,3.136129,-5.334543,0.778988,0.697955,0.674024,-5.334543,-0.571033,2.357141,3.136129,,,,
2,348,348.000000,agent_5,actor_logits,3,1,4,3.136129,-5.334543,0.778987,0.697955,0.674024,-5.334543,-0.571033,2.357141,3.136129,,,,
2,350,350.000000,agent_0,actor_logits,0,1,4,9.427437,-9.174901,5.934006,0.018387,0.997354,9.427437,-9.174901,-2.690722,3.493431,,,,
2,350,350.000000,agent_1,actor_logits,0,1,4,9.427437,-9.174902,5.934006,0.018387,0.997354,9.427437,-9.174902,-2.690721,3.493431,,,,
2,350,350.000000,agent_2,actor_logits,0,1,4,9.427437,-9.174902,5.934005,0.018387,0.997354,9.427437,-9.174902,-2.690722,3.493432,,,,
2,350,350.000000,agent_3,actor_logits,0,1,4,9.427437,-9.174901,5.934005,0.018387,0.997354,9.427437,-9.174901,-2.690722,3.493432,,,,
2,350,350.000000,agent_4,actor_logits,0,1,4,9.427437,-9.174900,5.934005,0.018387,0.997354,9.427437,-9.174900,-2.690722,3.493432,,,,
2,350,350.000000,agent_5,actor_logits,0,1,4,9.427437,-9.174902,5.934005,0.018387,0.997354,9.427437,-9.174902,-2.690722,3.493432,,,,
2,352,352.000000,agent_0,actor_logits,1,1,4,1.301066,-2.118516,0.447597,0.960785,0.553675,-2.118516,1.301066,-0.707171,0.853469,,,,
2,352,352.000000,agent_1,actor_logits,1,1,4,1.301066,-2.118515,0.447597,0.960785,0.553675,-2.118515,1.301066,-0.707171,0.853469,,,,
2,352,352.000000,agent_2,actor_logits,1,1,4,1.301066,-2.118516,0.447597,0.960785,0.553675,-2.118516,1.301066,-0.707170,0.853469,,,,
2,352,352.000000,agent_3,actor_logits,1,1,4,1.301065,-2.118515,0.447596,0.960785,0.553675,-2.118515,1.301065,-0.707171,0.853469,,,,
2,352,352.000000,agent_4,actor_logits,1,1,4,1.301065,-2.118516,0.447596,0.960785,0.553675,-2.118516,1.301065,-0.707171,0.853469,,,,
2,352,352.000000,agent_5,actor_logits,1,1,4,1.301065,-2.118515,0.447596,0.960785,0.553675,-2.118515,1.301065,-0.707171,0.853469,,,,
2,354,354.000000,agent_0,actor_logits,3,1,4,3.574065,-5.472227,1.561278,0.611702,0.793410,2.012787,0.586253,-5.472227,3.574065,,,,
2,354,354.000000,agent_1,actor_logits,3,1,4,3.574064,-5.472227,1.561276,0.611702,0.793409,2.012787,0.586253,-5.472227,3.574064,,,,
2,354,354.000000,agent_2,actor_logits,3,1,4,3.574064,-5.472228,1.561277,0.611702,0.793409,2.012787,0.586253,-5.472228,3.574064,,,,
2,354,354.000000,agent_3,actor_logits,3,1,4,3.574064,-5.472228,1.561277,0.611702,0.793409,2.012787,0.586253,-5.472228,3.574064,,,,
2,354,354.000000,agent_4,actor_logits,3,1,4,3.574065,-5.472227,1.561279,0.611702,0.793410,2.012786,0.586253,-5.472227,3.574065,,,,
2,354,354.000000,agent_5,actor_logits,3,1,4,3.574064,-5.472228,1.561277,0.611702,0.793409,2.012787,0.586253,-5.472228,3.574064,,,,
2,356,356.000000,agent_0,actor_logits,0,1,4,9.700251,-6.629757,7.237112,0.005929,0.999281,9.700251,-6.629757,-5.024869,2.463139,,,,
2,356,356.000000,agent_1,actor_logits,0,1,4,9.700250,-6.629757,7.237111,0.005929,0.999281,9.700250,-6.629757,-5.024868,2.463139,,,,
2,356,356.000000,agent_2,actor_logits,0,1,4,9.700249,-6.629756,7.237110,0.005929,0.999281,9.700249,-6.629756,-5.024868,2.463139,,,,
2,356,356.000000,agent_3,actor_logits,0,1,4,9.700250,-6.629756,7.237111,0.005929,0.999281,9.700250,-6.629756,-5.024869,2.463139,,,,
2,356,356.000000,agent_4,actor_logits,0,1,4,9.700249,-6.629757,7.237110,0.005929,0.999281,9.700249,-6.629757,-5.024868,2.463139,,,,
2,356,356.000000,agent_5,actor_logits,0,1,4,9.700249,-6.629756,7.237110,0.005929,0.999281,9.700249,-6.629756,-5.024869,2.463139,,,,
2,358,358.000000,agent_0,actor_logits,1,1,4,3.405477,-3.538006,2.392558,0.302922,0.914442,1.012919,3.405477,-3.538006,-3.317748,,,,
2,358,358.000000,agent_1,actor_logits,1,1,4,3.405477,-3.538006,2.392558,0.302922,0.914442,1.012919,3.405477,-3.538006,-3.317747,,,,
2,358,358.000000,agent_2,actor_logits,1,1,4,3.405477,-3.538006,2.392558,0.302922,0.914442,1.012919,3.405477,-3.538006,-3.317747,,,,
2,358,358.000000,agent_3,actor_logits,1,1,4,3.405477,-3.538006,2.392558,0.302922,0.914442,1.012919,3.405477,-3.538006,-3.317747,,,,
2,358,358.000000,agent_4,actor_logits,1,1,4,3.405477,-3.538006,2.392558,0.302922,0.914442,1.012919,3.405477,-3.538006,-3.317748,,,,
2,358,358.000000,agent_5,actor_logits,1,1,4,3.405477,-3.538006,2.392558,0.302922,0.914442,1.012919,3.405477,-3.538006,-3.317748,,,,
2,360,360.000000,agent_0,actor_logits,0,1,4,6.913328,-10.533364,3.812434,0.116209,0.976785,6.913328,0.519596,-10.533364,3.100894,,,,
2,360,360.000000,agent_1,actor_logits,0,1,4,6.913328,-10.533364,3.812434,0.116209,0.976785,6.913328,0.519595,-10.533364,3.100894,,,,
2,360,360.000000,agent_2,actor_logits,0,1,4,6.913329,-10.533364,3.812434,0.116209,0.976785,6.913329,0.519595,-10.533364,3.100895,,,,
2,360,360.000000,agent_3,actor_logits,0,1,4,6.913328,-10.533364,3.812433,0.116209,0.976785,6.913328,0.519595,-10.533364,3.100895,,,,
2,360,360.000000,agent_4,actor_logits,0,1,4,6.913329,-10.533364,3.812434,0.116209,0.976785,6.913329,0.519594,-10.533364,3.100894,,,,
2,360,360.000000,agent_5,actor_logits,0,1,4,6.913329,-10.533365,3.812434,0.116209,0.976785,6.913329,0.519595,-10.533365,3.100895,,,,
2,362,362.000000,agent_0,actor_logits,0,1,3,10.138752,-16.583479,8.755445,0.001537,0.999842,10.138752,1.383307,-16.583479,,,,,
2,362,362.000000,agent_1,actor_logits,0,1,3,10.138752,-16.583479,8.755445,0.001537,0.999842,10.138752,1.383307,-16.583479,,,,,
2,362,362.000000,agent_2,actor_logits,0,1,3,10.138751,-16.583479,8.755444,0.001537,0.999842,10.138751,1.383307,-16.583479,,,,,
2,362,362.000000,agent_3,actor_logits,0,1,3,10.138751,-16.583479,8.755444,0.001537,0.999842,10.138751,1.383308,-16.583479,,,,,
2,362,362.000000,agent_4,actor_logits,0,1,3,10.138751,-16.583479,8.755444,0.001537,0.999842,10.138751,1.383307,-16.583479,,,,,
2,362,362.000000,agent_5,actor_logits,0,1,3,10.138751,-16.583479,8.755444,0.001537,0.999842,10.138751,1.383307,-16.583479,,,,,
2,364,364.000000,agent_0,actor_logits,0,1,2,-6.346082,-9.590167,3.244085,0.160046,0.962460,-6.346082,-9.590167,,,,,,
2,364,364.000000,agent_1,actor_logits,0,1,2,-6.346083,-9.590167,3.244084,0.160046,0.962460,-6.346083,-9.590167,,,,,,
2,364,364.000000,agent_2,actor_logits,0,1,2,-6.346083,-9.590167,3.244084,0.160046,0.962460,-6.346083,-9.590167,,,,,,
2,364,364.000000,agent_3,actor_logits,0,1,2,-6.346083,-9.590168,3.244085,0.160046,0.962460,-6.346083,-9.590168,,,,,,
2,364,364.000000,agent_4,actor_logits,0,1,2,-6.346083,-9.590167,3.244084,0.160046,0.962460,-6.346083,-9.590167,,,,,,
2,364,364.000000,agent_5,actor_logits,0,1,2,-6.346082,-9.590167,3.244085,0.160046,0.962460,-6.346082,-9.590167,,,,,,
2,366,366.000000,agent_0,actor_logits,1,1,3,2.937214,-6.042305,7.197541,0.007386,0.999126,-4.260327,2.937214,-6.042305,,,,,
2,366,366.000000,agent_1,actor_logits,1,1,3,2.937214,-6.042305,7.197542,0.007386,0.999126,-4.260328,2.937214,-6.042305,,,,,
2,366,366.000000,agent_2,actor_logits,1,1,3,2.937214,-6.042305,7.197541,0.007386,0.999126,-4.260327,2.937214,-6.042305,,,,,
2,366,366.000000,agent_3,actor_logits,1,1,3,2.937214,-6.042306,7.197540,0.007386,0.999126,-4.260326,2.937214,-6.042306,,,,,
2,366,366.000000,agent_4,actor_logits,1,1,3,2.937214,-6.042305,7.197542,0.007386,0.999126,-4.260328,2.937214,-6.042305,,,,,
2,366,366.000000,agent_5,actor_logits,1,1,3,2.937215,-6.042306,7.197542,0.007386,0.999126,-4.260328,2.937215,-6.042306,,,,,
2,368,368.000000,agent_0,actor_logits,1,1,3,7.738688,-15.840570,11.706860,0.000105,0.999992,-15.840570,7.738688,-3.968172,,,,,
2,368,368.000000,agent_1,actor_logits,1,1,3,7.738687,-15.840571,11.706859,0.000105,0.999992,-15.840571,7.738687,-3.968172,,,,,
2,368,368.000000,agent_2,actor_logits,1,1,3,7.738687,-15.840570,11.706859,0.000105,0.999992,-15.840570,7.738687,-3.968171,,,,,
2,368,368.000000,agent_3,actor_logits,1,1,3,7.738688,-15.840570,11.706861,0.000105,0.999992,-15.840570,7.738688,-3.968173,,,,,
2,368,368.000000,agent_4,actor_logits,1,1,3,7.738688,-15.840571,11.706860,0.000105,0.999992,-15.840571,7.738688,-3.968172,,,,,
2,368,368.000000,agent_5,actor_logits,1,1,3,7.738688,-15.840571,11.706860,0.000105,0.999992,-15.840571,7.738688,-3.968171,,,,,
2,370,370.000000,agent_0,actor_logits,1,1,3,7.262914,-20.635607,7.344644,0.005388,0.999354,-20.635607,7.262914,-0.081730,,,,,
2,370,370.000000,agent_1,actor_logits,1,1,3,7.262914,-20.635607,7.344643,0.005388,0.999354,-20.635607,7.262914,-0.081730,,,,,
2,370,370.000000,agent_2,actor_logits,1,1,3,7.262914,-20.635607,7.344643,0.005388,0.999354,-20.635607,7.262914,-0.081729,,,,,
2,370,370.000000,agent_3,actor_logits,1,1,3,7.262914,-20.635605,7.344645,0.005388,0.999354,-20.635605,7.262914,-0.081730,,,,,
2,370,370.000000,agent_4,actor_logits,1,1,3,7.262914,-20.635607,7.344644,0.005388,0.999354,-20.635607,7.262914,-0.081730,,,,,
2,370,370.000000,agent_5,actor_logits,1,1,3,7.262913,-20.635607,7.344642,0.005388,0.999354,-20.635607,7.262913,-0.081729,,,,,
2,372,372.000000,agent_0,actor_logits,1,1,3,7.269520,-22.184240,4.101808,0.083158,0.983726,-22.184240,7.269520,3.167713,,,,,
2,372,372.000000,agent_1,actor_logits,1,1,3,7.269520,-22.184244,4.101807,0.083158,0.983726,-22.184244,7.269520,3.167713,,,,,
2,372,372.000000,agent_2,actor_logits,1,1,3,7.269519,-22.184242,4.101806,0.083158,0.983726,-22.184242,7.269519,3.167713,,,,,
2,372,372.000000,agent_3,actor_logits,1,1,3,7.269520,-22.184242,4.101808,0.083158,0.983726,-22.184242,7.269520,3.167713,,,,,
2,372,372.000000,agent_4,actor_logits,1,1,3,7.269520,-22.184240,4.101807,0.083158,0.983726,-22.184240,7.269520,3.167713,,,,,
2,372,372.000000,agent_5,actor_logits,1,1,3,7.269519,-22.184242,4.101806,0.083158,0.983726,-22.184242,7.269519,3.167714,,,,,
2,374,374.000000,agent_0,actor_logits,2,1,3,9.455441,-18.452814,10.036366,0.000483,0.999956,-18.452814,-0.580925,9.455441,,,,,
2,374,374.000000,agent_1,actor_logits,2,1,3,9.455441,-18.452814,10.036366,0.000483,0.999956,-18.452814,-0.580925,9.455441,,,,,
2,374,374.000000,agent_2,actor_logits,2,1,3,9.455441,-18.452814,10.036367,0.000483,0.999956,-18.452814,-0.580926,9.455441,,,,,
2,374,374.000000,agent_3,actor_logits,2,1,3,9.455441,-18.452814,10.036366,0.000483,0.999956,-18.452814,-0.580925,9.455441,,,,,
2,374,374.000000,agent_4,actor_logits,2,1,3,9.455441,-18.452814,10.036366,0.000483,0.999956,-18.452814,-0.580925,9.455441,,,,,
2,374,374.000000,agent_5,actor_logits,2,1,3,9.455441,-18.452812,10.036366,0.000483,0.999956,-18.452812,-0.580926,9.455441,,,,,
2,376,376.000000,agent_0,actor_logits,3,1,4,8.834150,-6.874563,6.328249,0.013318,0.998196,-6.874563,2.505901,-1.901335,8.834150,,,,
2,376,376.000000,agent_1,actor_logits,3,1,4,8.834150,-6.874563,6.328249,0.013318,0.998196,-6.874563,2.505901,-1.901335,8.834150,,,,
2,376,376.000000,agent_2,actor_logits,3,1,4,8.834150,-6.874563,6.328250,0.013318,0.998196,-6.874563,2.505901,-1.901334,8.834150,,,,
2,376,376.000000,agent_3,actor_logits,3,1,4,8.834150,-6.874563,6.328249,0.013318,0.998196,-6.874563,2.505901,-1.901335,8.834150,,,,
2,376,376.000000,agent_4,actor_logits,3,1,4,8.834151,-6.874563,6.328250,0.013318,0.998196,-6.874563,2.505901,-1.901335,8.834151,,,,
2,376,376.000000,agent_5,actor_logits,3,1,4,8.834150,-6.874563,6.328250,0.013318,0.998196,-6.874563,2.505900,-1.901334,8.834150,,,,
2,378,378.000000,agent_0,actor_logits,3,1,4,5.698453,-3.324697,5.296511,0.041086,0.993812,-1.116619,0.401942,-3.324697,5.698453,,,,
2,378,378.000000,agent_1,actor_logits,3,1,4,5.698453,-3.324697,5.296511,0.041086,0.993812,-1.116619,0.401942,-3.324697,5.698453,,,,
2,378,378.000000,agent_2,actor_logits,3,1,4,5.698453,-3.324697,5.296512,0.041086,0.993812,-1.116619,0.401942,-3.324697,5.698453,,,,
2,378,378.000000,agent_3,actor_logits,3,1,4,5.698453,-3.324697,5.296511,0.041086,0.993812,-1.116619,0.401943,-3.324697,5.698453,,,,
2,378,378.000000,agent_4,actor_logits,3,1,4,5.698453,-3.324696,5.296511,0.041086,0.993812,-1.116619,0.401942,-3.324696,5.698453,,,,
2,378,378.000000,agent_5,actor_logits,3,1,4,5.698454,-3.324697,5.296512,0.041086,0.993812,-1.116619,0.401942,-3.324697,5.698454,,,,
2,380,380.000000,agent_0,actor_logits,1,1,4,3.807899,-5.966308,2.624358,0.467648,0.873545,1.183541,3.807899,-5.966308,1.179826,,,,
2,380,380.000000,agent_1,actor_logits,1,1,4,3.807899,-5.966307,2.624358,0.467649,0.873545,1.183541,3.807899,-5.966307,1.179827,,,,
2,380,380.000000,agent_2,actor_logits,1,1,4,3.807898,-5.966307,2.624357,0.467649,0.873545,1.183541,3.807898,-5.966307,1.179827,,,,
2,380,380.000000,agent_3,actor_logits,1,1,4,3.807899,-5.966308,2.624357,0.467649,0.873545,1.183541,3.807899,-5.966308,1.179827,,,,
2,380,380.000000,agent_4,actor_logits,1,1,4,3.807899,-5.966307,2.624357,0.467649,0.873545,1.183541,3.807899,-5.966307,1.179826,,,,
2,380,380.000000,agent_5,actor_logits,1,1,4,3.807898,-5.966307,2.624357,0.467649,0.873545,1.183541,3.807898,-5.966307,1.179827,,,,
2,382,382.000000,agent_0,actor_logits,0,1,4,7.076458,-10.341908,4.717752,0.071069,0.988150,7.076458,2.358707,-10.341908,1.286263,,,,
2,382,382.000000,agent_1,actor_logits,0,1,4,7.076459,-10.341908,4.717752,0.071069,0.988150,7.076459,2.358706,-10.341908,1.286263,,,,
2,382,382.000000,agent_2,actor_logits,0,1,4,7.076458,-10.341908,4.717752,0.071069,0.988150,7.076458,2.358706,-10.341908,1.286263,,,,
2,382,382.000000,agent_3,actor_logits,0,1,4,7.076458,-10.341908,4.717752,0.071069,0.988150,7.076458,2.358706,-10.341908,1.286263,,,,
2,382,382.000000,agent_4,actor_logits,0,1,4,7.076459,-10.341908,4.717752,0.071069,0.988150,7.076459,2.358707,-10.341908,1.286263,,,,
2,382,382.000000,agent_5,actor_logits,0,1,4,7.076459,-10.341908,4.717753,0.071069,0.988150,7.076459,2.358706,-10.341908,1.286263,,,,
2,384,384.000000,agent_0,actor_logits,0,1,4,10.539557,-11.586422,6.752076,0.009088,0.998830,10.539557,-11.586422,-2.217046,3.787480,,,,
2,384,384.000000,agent_1,actor_logits,0,1,4,10.539557,-11.586422,6.752077,0.009088,0.998830,10.539557,-11.586422,-2.217047,3.787481,,,,
2,384,384.000000,agent_2,actor_logits,0,1,4,10.539557,-11.586422,6.752077,0.009088,0.998830,10.539557,-11.586422,-2.217046,3.787480,,,,
2,384,384.000000,agent_3,actor_logits,0,1,4,10.539557,-11.586422,6.752077,0.009088,0.998830,10.539557,-11.586422,-2.217047,3.787480,,,,
2,384,384.000000,agent_4,actor_logits,0,1,4,10.539557,-11.586422,6.752076,0.009088,0.998830,10.539557,-11.586422,-2.217046,3.787480,,,,
2,384,384.000000,agent_5,actor_logits,0,1,4,10.539557,-11.586422,6.752077,0.009088,0.998830,10.539557,-11.586422,-2.217046,3.787480,,,,
2,386,386.000000,agent_0,actor_logits,3,1,4,4.049204,-4.736596,0.521825,0.666804,0.627044,-4.736596,-2.679590,3.527379,4.049204,,,,
2,386,386.000000,agent_1,actor_logits,3,1,4,4.049204,-4.736597,0.521825,0.666804,0.627044,-4.736597,-2.679590,3.527379,4.049204,,,,
2,386,386.000000,agent_2,actor_logits,3,1,4,4.049205,-4.736596,0.521826,0.666804,0.627044,-4.736596,-2.679590,3.527379,4.049205,,,,
2,386,386.000000,agent_3,actor_logits,3,1,4,4.049204,-4.736597,0.521825,0.666804,0.627043,-4.736597,-2.679589,3.527379,4.049204,,,,
2,386,386.000000,agent_4,actor_logits,3,1,4,4.049204,-4.736596,0.521825,0.666804,0.627044,-4.736596,-2.679590,3.527379,4.049204,,,,
2,386,386.000000,agent_5,actor_logits,3,1,4,4.049204,-4.736596,0.521824,0.666804,0.627043,-4.736596,-2.679590,3.527380,4.049204,,,,
2,388,388.000000,agent_0,actor_logits,0,1,4,7.560338,-7.455149,5.132248,0.036521,0.994085,7.560338,-2.405314,-7.455149,2.428089,,,,
2,388,388.000000,agent_1,actor_logits,0,1,4,7.560338,-7.455149,5.132248,0.036521,0.994085,7.560338,-2.405314,-7.455149,2.428090,,,,
2,388,388.000000,agent_2,actor_logits,0,1,4,7.560338,-7.455149,5.132247,0.036521,0.994085,7.560338,-2.405314,-7.455149,2.428090,,,,
2,388,388.000000,agent_3,actor_logits,0,1,4,7.560337,-7.455149,5.132247,0.036521,0.994085,7.560337,-2.405314,-7.455149,2.428090,,,,
2,388,388.000000,agent_4,actor_logits,0,1,4,7.560338,-7.455149,5.132247,0.036521,0.994085,7.560338,-2.405315,-7.455149,2.428090,,,,
2,388,388.000000,agent_5,actor_logits,0,1,4,7.560338,-7.455149,5.132249,0.036521,0.994085,7.560338,-2.405315,-7.455149,2.428090,,,,
2,390,390.000000,agent_0,actor_logits,2,1,4,2.661294,-2.857750,1.789434,0.488326,0.844435,-1.669356,-2.857750,2.661294,0.871860,,,,
2,390,390.000000,agent_1,actor_logits,2,1,4,2.661294,-2.857750,1.789433,0.488326,0.844435,-1.669356,-2.857750,2.661294,0.871860,,,,
2,390,390.000000,agent_2,actor_logits,2,1,4,2.661294,-2.857751,1.789434,0.488326,0.844435,-1.669356,-2.857751,2.661294,0.871860,,,,
2,390,390.000000,agent_3,actor_logits,2,1,4,2.661293,-2.857750,1.789433,0.488326,0.844435,-1.669355,-2.857750,2.661293,0.871861,,,,
2,390,390.000000,agent_4,actor_logits,2,1,4,2.661294,-2.857751,1.789433,0.488326,0.844435,-1.669356,-2.857751,2.661294,0.871861,,,,
2,390,390.000000,agent_5,actor_logits,2,1,4,2.661295,-2.857751,1.789435,0.488326,0.844435,-1.669356,-2.857751,2.661295,0.871860,,,,
2,392,392.000000,agent_0,actor_logits,0,1,4,13.444401,-10.843525,13.133743,0.000029,0.999998,13.444401,-10.843525,-3.188542,0.310658,,,,
2,392,392.000000,agent_1,actor_logits,0,1,4,13.444401,-10.843525,13.133743,0.000029,0.999998,13.444401,-10.843525,-3.188543,0.310657,,,,
2,392,392.000000,agent_2,actor_logits,0,1,4,13.444401,-10.843523,13.133743,0.000029,0.999998,13.444401,-10.843523,-3.188542,0.310657,,,,
2,392,392.000000,agent_3,actor_logits,0,1,4,13.444401,-10.843525,13.133743,0.000029,0.999998,13.444401,-10.843525,-3.188543,0.310657,,,,
2,392,392.000000,agent_4,actor_logits,0,1,4,13.444399,-10.843524,13.133741,0.000029,0.999998,13.444399,-10.843524,-3.188542,0.310658,,,,
2,392,392.000000,agent_5,actor_logits,0,1,4,13.444401,-10.843525,13.133743,0.000029,0.999998,13.444401,-10.843525,-3.188542,0.310658,,,,
2,394,394.000000,agent_0,actor_logits,1,1,3,9.082466,-7.437289,15.714726,0.000004,1.000000,-7.437289,9.082466,-6.632260,,,,,
2,394,394.000000,agent_1,actor_logits,1,1,3,9.082466,-7.437289,15.714726,0.000004,1.000000,-7.437289,9.082466,-6.632260,,,,,
2,394,394.000000,agent_2,actor_logits,1,1,3,9.082466,-7.437289,15.714725,0.000004,1.000000,-7.437289,9.082466,-6.632260,,,,,
2,394,394.000000,agent_3,actor_logits,1,1,3,9.082465,-7.437289,15.714725,0.000004,1.000000,-7.437289,9.082465,-6.632260,,,,,
2,394,394.000000,agent_4,actor_logits,1,1,3,9.082467,-7.437290,15.714727,0.000004,1.000000,-7.437290,9.082467,-6.632260,,,,,
2,394,394.000000,agent_5,actor_logits,1,1,3,9.082466,-7.437289,15.714725,0.000004,1.000000,-7.437289,9.082466,-6.632259,,,,,
2,396,396.000000,agent_0,actor_logits,1,1,3,10.826258,-13.363622,17.410025,0.000000,1.000000,-13.363622,10.826258,-6.583766,,,,,
2,396,396.000000,agent_1,actor_logits,1,1,3,10.826259,-13.363622,17.410025,0.000000,1.000000,-13.363622,10.826259,-6.583766,,,,,
2,396,396.000000,agent_2,actor_logits,1,1,3,10.826259,-13.363622,17.410025,0.000000,1.000000,-13.363622,10.826259,-6.583766,,,,,
2,396,396.000000,agent_3,actor_logits,1,1,3,10.826258,-13.363622,17.410023,0.000000,1.000000,-13.363622,10.826258,-6.583766,,,,,
2,396,396.000000,agent_4,actor_logits,1,1,3,10.826259,-13.363623,17.410025,0.000000,1.000000,-13.363623,10.826259,-6.583766,,,,,
2,396,396.000000,agent_5,actor_logits,1,1,3,10.826259,-13.363622,17.410025,0.000000,1.000000,-13.363622,10.826259,-6.583766,,,,,
2,398,398.000000,agent_0,actor_logits,2,1,4,7.412296,-4.538865,9.163799,0.001564,0.999852,-2.788464,-4.538865,7.412296,-1.751503,,,,
2,398,398.000000,agent_1,actor_logits,2,1,4,7.412296,-4.538866,9.163800,0.001564,0.999852,-2.788464,-4.538866,7.412296,-1.751504,,,,
2,398,398.000000,agent_2,actor_logits,2,1,4,7.412296,-4.538866,9.163799,0.001564,0.999852,-2.788464,-4.538866,7.412296,-1.751504,,,,
2,398,398.000000,agent_3,actor_logits,2,1,4,7.412296,-4.538865,9.163800,0.001564,0.999852,-2.788464,-4.538865,7.412296,-1.751504,,,,
2,398,398.000000,agent_4,actor_logits,2,1,4,7.412296,-4.538865,9.163800,0.001564,0.999852,-2.788464,-4.538865,7.412296,-1.751504,,,,
2,398,398.000000,agent_5,actor_logits,2,1,4,7.412296,-4.538865,9.163800,0.001564,0.999852,-2.788464,-4.538865,7.412296,-1.751504,,,,
2,400,400.000000,agent_0,actor_logits,1,1,4,5.124635,-9.313542,1.437546,0.490158,0.807977,-3.686232,5.124635,3.687089,-9.313542,,,,
2,400,400.000000,agent_1,actor_logits,1,1,4,5.124635,-9.313542,1.437546,0.490158,0.807977,-3.686233,5.124635,3.687089,-9.313542,,,,
2,400,400.000000,agent_2,actor_logits,1,1,4,5.124635,-9.313542,1.437546,0.490158,0.807977,-3.686232,5.124635,3.687089,-9.313542,,,,
2,400,400.000000,agent_3,actor_logits,1,1,4,5.124636,-9.313543,1.437547,0.490158,0.807977,-3.686232,5.124636,3.687088,-9.313543,,,,
2,400,400.000000,agent_4,actor_logits,1,1,4,5.124637,-9.313543,1.437549,0.490158,0.807977,-3.686232,5.124637,3.687088,-9.313543,,,,
2,400,400.000000,agent_5,actor_logits,1,1,4,5.124635,-9.313543,1.437547,0.490158,0.807977,-3.686232,5.124635,3.687088,-9.313543,,,,
2,402,402.000000,agent_0,actor_logits,0,1,4,9.145432,-6.432041,6.632211,0.010065,0.998683,9.145432,-4.302120,-6.432041,2.513221,,,,
2,402,402.000000,agent_1,actor_logits,0,1,4,9.145432,-6.432041,6.632211,0.010065,0.998683,9.145432,-4.302120,-6.432041,2.513221,,,,
2,402,402.000000,agent_2,actor_logits,0,1,4,9.145432,-6.432041,6.632211,0.010065,0.998683,9.145432,-4.302120,-6.432041,2.513221,,,,
2,402,402.000000,agent_3,actor_logits,0,1,4,9.145432,-6.432040,6.632211,0.010065,0.998683,9.145432,-4.302120,-6.432040,2.513221,,,,
2,402,402.000000,agent_4,actor_logits,0,1,4,9.145432,-6.432041,6.632211,0.010065,0.998683,9.145432,-4.302119,-6.432041,2.513221,,,,
2,402,402.000000,agent_5,actor_logits,0,1,4,9.145432,-6.432041,6.632211,0.010065,0.998683,9.145432,-4.302120,-6.432041,2.513220,,,,
2,404,404.000000,agent_0,actor_logits,0,1,4,10.489532,-10.457411,8.073728,0.002882,0.999684,10.489532,-10.457411,-1.913503,2.415804,,,,
2,404,404.000000,agent_1,actor_logits,0,1,4,10.489532,-10.457411,8.073729,0.002882,0.999684,10.489532,-10.457411,-1.913502,2.415804,,,,
2,404,404.000000,agent_2,actor_logits,0,1,4,10.489532,-10.457411,8.073729,0.002882,0.999684,10.489532,-10.457411,-1.913503,2.415804,,,,
2,404,404.000000,agent_3,actor_logits,0,1,4,10.489532,-10.457411,8.073729,0.002882,0.999684,10.489532,-10.457411,-1.913502,2.415804,,,,
2,404,404.000000,agent_4,actor_logits,0,1,4,10.489532,-10.457411,8.073729,0.002882,0.999684,10.489532,-10.457411,-1.913503,2.415804,,,,
2,404,404.000000,agent_5,actor_logits,0,1,4,10.489532,-10.457411,8.073729,0.002882,0.999684,10.489532,-10.457411,-1.913503,2.415804,,,,
2,406,406.000000,agent_0,actor_logits,0,1,3,1.272117,-6.985832,0.355293,0.679002,0.587811,1.272117,0.916824,-6.985832,,,,,
2,406,406.000000,agent_1,actor_logits,0,1,3,1.272118,-6.985832,0.355294,0.679002,0.587811,1.272118,0.916824,-6.985832,,,,,
2,406,406.000000,agent_2,actor_logits,0,1,3,1.272118,-6.985832,0.355294,0.679002,0.587811,1.272118,0.916824,-6.985832,,,,,
2,406,406.000000,agent_3,actor_logits,0,1,3,1.272118,-6.985832,0.355294,0.679002,0.587811,1.272118,0.916823,-6.985832,,,,,
2,406,406.000000,agent_4,actor_logits,0,1,3,1.272118,-6.985832,0.355294,0.679002,0.587811,1.272118,0.916824,-6.985832,,,,,
2,406,406.000000,agent_5,actor_logits,0,1,3,1.272118,-6.985832,0.355294,0.679002,0.587811,1.272118,0.916824,-6.985832,,,,,
2,408,408.000000,agent_0,actor_logits,0,1,3,5.622556,-6.270394,9.215221,0.001105,0.999894,5.622556,-3.592666,-6.270394,,,,,
2,408,408.000000,agent_1,actor_logits,0,1,3,5.622555,-6.270393,9.215220,0.001105,0.999894,5.622555,-3.592665,-6.270393,,,,,
2,408,408.000000,agent_2,actor_logits,0,1,3,5.622555,-6.270393,9.215221,0.001105,0.999894,5.622555,-3.592666,-6.270393,,,,,
2,408,408.000000,agent_3,actor_logits,0,1,3,5.622556,-6.270393,9.215221,0.001105,0.999894,5.622556,-3.592666,-6.270393,,,,,
2,408,408.000000,agent_4,actor_logits,0,1,3,5.622556,-6.270393,9.215222,0.001105,0.999894,5.622556,-3.592666,-6.270393,,,,,
2,408,408.000000,agent_5,actor_logits,0,1,3,5.622555,-6.270393,9.215221,0.001105,0.999894,5.622555,-3.592666,-6.270393,,,,,
2,410,410.000000,agent_0,actor_logits,0,1,3,3.339480,-4.004940,5.756824,0.026657,0.996207,3.339480,-4.004940,-2.417344,,,,,
2,410,410.000000,agent_1,actor_logits,0,1,3,3.339480,-4.004940,5.756824,0.026657,0.996207,3.339480,-4.004940,-2.417344,,,,,
2,410,410.000000,agent_2,actor_logits,0,1,3,3.339479,-4.004941,5.756824,0.026657,0.996207,3.339479,-4.004941,-2.417344,,,,,
2,410,410.000000,agent_3,actor_logits,0,1,3,3.339480,-4.004940,5.756824,0.026657,0.996207,3.339480,-4.004940,-2.417344,,,,,
2,410,410.000000,agent_4,actor_logits,0,1,3,3.339480,-4.004941,5.756824,0.026657,0.996207,3.339480,-4.004941,-2.417344,,,,,
2,410,410.000000,agent_5,actor_logits,0,1,3,3.339479,-4.004941,5.756824,0.026657,0.996207,3.339479,-4.004941,-2.417344,,,,,
2,412,412.000000,agent_0,actor_logits,1,1,3,2.268236,-7.121553,2.341107,0.298136,0.912155,-0.072871,2.268236,-7.121553,,,,,
2,412,412.000000,agent_1,actor_logits,1,1,3,2.268237,-7.121554,2.341107,0.298136,0.912155,-0.072870,2.268237,-7.121554,,,,,
2,412,412.000000,agent_2,actor_logits,1,1,3,2.268237,-7.121554,2.341108,0.298136,0.912155,-0.072872,2.268237,-7.121554,,,,,
2,412,412.000000,agent_3,actor_logits,1,1,3,2.268237,-7.121554,2.341108,0.298136,0.912155,-0.072871,2.268237,-7.121554,,,,,
2,412,412.000000,agent_4,actor_logits,1,1,3,2.268237,-7.121554,2.341107,0.298136,0.912155,-0.072870,2.268237,-7.121554,,,,,
2,412,412.000000,agent_5,actor_logits,1,1,3,2.268237,-7.121553,2.341109,0.298136,0.912155,-0.072872,2.268237,-7.121553,,,,,
2,414,414.000000,agent_0,actor_logits,2,1,3,-0.364147,-3.571738,0.970983,0.700613,0.704640,-3.571738,-1.335129,-0.364147,,,,,
2,414,414.000000,agent_1,actor_logits,2,1,3,-0.364146,-3.571739,0.970983,0.700613,0.704640,-3.571739,-1.335129,-0.364146,,,,,
2,414,414.000000,agent_2,actor_logits,2,1,3,-0.364147,-3.571739,0.970982,0.700614,0.704640,-3.571739,-1.335129,-0.364147,,,,,
2,414,414.000000,agent_3,actor_logits,2,1,3,-0.364147,-3.571739,0.970982,0.700613,0.704640,-3.571739,-1.335128,-0.364147,,,,,
2,414,414.000000,agent_4,actor_logits,2,1,3,-0.364147,-3.571738,0.970982,0.700614,0.704640,-3.571738,-1.335129,-0.364147,,,,,
2,414,414.000000,agent_5,actor_logits,2,1,3,-0.364147,-3.571739,0.970982,0.700613,0.704640,-3.571739,-1.335129,-0.364147,,,,,
2,416,416.000000,agent_0,actor_logits,3,1,4,3.662488,-6.131490,2.332704,0.556394,0.837684,-6.131490,1.326126,1.329784,3.662488,,,,
2,416,416.000000,agent_1,actor_logits,3,1,4,3.662489,-6.131491,2.332704,0.556394,0.837684,-6.131491,1.326125,1.329785,3.662489,,,,
2,416,416.000000,agent_2,actor_logits,3,1,4,3.662489,-6.131492,2.332704,0.556394,0.837684,-6.131492,1.326125,1.329786,3.662489,,,,
2,416,416.000000,agent_3,actor_logits,3,1,4,3.662490,-6.131491,2.332705,0.556394,0.837684,-6.131491,1.326125,1.329785,3.662490,,,,
2,416,416.000000,agent_4,actor_logits,3,1,4,3.662488,-6.131491,2.332704,0.556394,0.837684,-6.131491,1.326126,1.329785,3.662488,,,,
2,416,416.000000,agent_5,actor_logits,3,1,4,3.662489,-6.131491,2.332703,0.556394,0.837684,-6.131491,1.326125,1.329786,3.662489,,,,
2,418,418.000000,agent_0,actor_logits,0,1,4,5.849986,-6.971155,2.069605,0.355635,0.887390,5.849986,-6.971155,-1.471358,3.780381,,,,
2,418,418.000000,agent_1,actor_logits,0,1,4,5.849985,-6.971156,2.069604,0.355635,0.887390,5.849985,-6.971156,-1.471357,3.780381,,,,
2,418,418.000000,agent_2,actor_logits,0,1,4,5.849985,-6.971156,2.069602,0.355636,0.887390,5.849985,-6.971156,-1.471357,3.780383,,,,
2,418,418.000000,agent_3,actor_logits,0,1,4,5.849985,-6.971156,2.069603,0.355635,0.887390,5.849985,-6.971156,-1.471357,3.780382,,,,
2,418,418.000000,agent_4,actor_logits,0,1,4,5.849986,-6.971156,2.069604,0.355635,0.887390,5.849986,-6.971156,-1.471358,3.780382,,,,
2,418,418.000000,agent_5,actor_logits,0,1,4,5.849985,-6.971156,2.069602,0.355635,0.887390,5.849985,-6.971156,-1.471357,3.780382,,,,
2,420,420.000000,agent_0,actor_logits,2,1,4,3.489856,-5.484313,2.516996,0.401215,0.895194,-5.484313,0.172492,3.489856,0.972860,,,,
2,420,420.000000,agent_1,actor_logits,2,1,4,3.489857,-5.484313,2.516998,0.401215,0.895194,-5.484313,0.172492,3.489857,0.972859,,,,
2,420,420.000000,agent_2,actor_logits,2,1,4,3.489858,-5.484313,2.516999,0.401215,0.895194,-5.484313,0.172491,3.489858,0.972859,,,,
2,420,420.000000,agent_3,actor_logits,2,1,4,3.489856,-5.484313,2.516998,0.401215,0.895194,-5.484313,0.172492,3.489856,0.972859,,,,
2,420,420.000000,agent_4,actor_logits,2,1,4,3.489856,-5.484312,2.516996,0.401215,0.895194,-5.484312,0.172493,3.489856,0.972860,,,,
2,420,420.000000,agent_5,actor_logits,2,1,4,3.489857,-5.484313,2.516998,0.401215,0.895194,-5.484313,0.172492,3.489857,0.972859,,,,
2,422,422.000000,agent_0,actor_logits,0,1,4,6.358044,-9.860520,3.402466,0.162602,0.964838,6.358044,-9.860520,0.598336,2.955579,,,,
2,422,422.000000,agent_1,actor_logits,0,1,4,6.358043,-9.860519,3.402465,0.162602,0.964838,6.358043,-9.860519,0.598336,2.955578,,,,
2,422,422.000000,agent_2,actor_logits,0,1,4,6.358043,-9.860519,3.402466,0.162602,0.964838,6.358043,-9.860519,0.598337,2.955577,,,,
2,422,422.000000,agent_3,actor_logits,0,1,4,6.358044,-9.860519,3.402466,0.162602,0.964838,6.358044,-9.860519,0.598336,2.955578,,,,
2,422,422.000000,agent_4,actor_logits,0,1,4,6.358045,-9.860519,3.402466,0.162602,0.964838,6.358045,-9.860519,0.598336,2.955579,,,,
2,422,422.000000,agent_5,actor_logits,0,1,4,6.358044,-9.860519,3.402466,0.162602,0.964838,6.358044,-9.860519,0.598336,2.955578,,,,
2,424,424.000000,agent_0,actor_logits,1,1,3,6.020148,-6.995150,12.096533,0.000104,0.999992,-6.995150,6.020148,-6.076384,,,,,
2,424,424.000000,agent_1,actor_logits,1,1,3,6.020149,-6.995150,12.096532,0.000104,0.999992,-6.995150,6.020149,-6.076383,,,,,
2,424,424.000000,agent_2,actor_logits,1,1,3,6.020148,-6.995150,12.096533,0.000104,0.999992,-6.995150,6.020148,-6.076384,,,,,
2,424,424.000000,agent_3,actor_logits,1,1,3,6.020149,-6.995149,12.096533,0.000104,0.999992,-6.995149,6.020149,-6.076384,,,,,
2,424,424.000000,agent_4,actor_logits,1,1,3,6.020149,-6.995150,12.096534,0.000104,0.999992,-6.995150,6.020149,-6.076385,,,,,
2,424,424.000000,agent_5,actor_logits,1,1,3,6.020149,-6.995149,12.096533,0.000104,0.999992,-6.995149,6.020149,-6.076384,,,,,
2,426,426.000000,agent_0,actor_logits,1,1,3,9.264711,-13.574733,14.426214,0.000008,0.999999,-13.574733,9.264711,-5.161503,,,,,
2,426,426.000000,agent_1,actor_logits,1,1,3,9.264711,-13.574733,14.426214,0.000008,0.999999,-13.574733,9.264711,-5.161502,,,,,
2,426,426.000000,agent_2,actor_logits,1,1,3,9.264712,-13.574734,14.426216,0.000008,0.999999,-13.574734,9.264712,-5.161503,,,,,
2,426,426.000000,agent_3,actor_logits,1,1,3,9.264710,-13.574731,14.426212,0.000008,0.999999,-13.574731,9.264710,-5.161502,,,,,
2,426,426.000000,agent_4,actor_logits,1,1,3,9.264711,-13.574733,14.426214,0.000008,0.999999,-13.574733,9.264711,-5.161503,,,,,
2,426,426.000000,agent_5,actor_logits,1,1,3,9.264711,-13.574733,14.426214,0.000008,0.999999,-13.574733,9.264711,-5.161502,,,,,
2,428,428.000000,agent_0,actor_logits,1,1,3,9.078728,-17.195107,11.206780,0.000166,0.999986,-17.195107,9.078728,-2.128052,,,,,
2,428,428.000000,agent_1,actor_logits,1,1,3,9.078728,-17.195107,11.206780,0.000166,0.999986,-17.195107,9.078728,-2.128052,,,,,
2,428,428.000000,agent_2,actor_logits,1,1,3,9.078729,-17.195105,11.206781,0.000166,0.999986,-17.195105,9.078729,-2.128053,,,,,
2,428,428.000000,agent_3,actor_logits,1,1,3,9.078728,-17.195107,11.206779,0.000166,0.999986,-17.195107,9.078728,-2.128052,,,,,
2,428,428.000000,agent_4,actor_logits,1,1,3,9.078728,-17.195105,11.206779,0.000166,0.999986,-17.195105,9.078728,-2.128052,,,,,
2,428,428.000000,agent_5,actor_logits,1,1,3,9.078729,-17.195107,11.206781,0.000166,0.999986,-17.195107,9.078729,-2.128053,,,,,
2,430,430.000000,agent_0,actor_logits,2,1,4,7.760660,-6.531042,4.417756,0.064709,0.988077,-4.504454,-6.531042,7.760660,3.342904,,,,
2,430,430.000000,agent_1,actor_logits,2,1,4,7.760661,-6.531043,4.417757,0.064709,0.988077,-4.504454,-6.531043,7.760661,3.342904,,,,
2,430,430.000000,agent_2,actor_logits,2,1,4,7.760660,-6.531042,4.417756,0.064709,0.988077,-4.504454,-6.531042,7.760660,3.342904,,,,
2,430,430.000000,agent_3,actor_logits,2,1,4,7.760661,-6.531043,4.417758,0.064709,0.988077,-4.504455,-6.531043,7.760661,3.342904,,,,
2,430,430.000000,agent_4,actor_logits,2,1,4,7.760660,-6.531042,4.417756,0.064709,0.988077,-4.504455,-6.531042,7.760660,3.342904,,,,
2,430,430.000000,agent_5,actor_logits,2,1,4,7.760660,-6.531042,4.417755,0.064709,0.988077,-4.504454,-6.531042,7.760660,3.342904,,,,
2,432,432.000000,agent_0,actor_logits,2,1,4,6.470054,-6.602608,4.826760,0.046883,0.992003,-6.602608,1.643294,6.470054,-3.501234,,,,
2,432,432.000000,agent_1,actor_logits,2,1,4,6.470055,-6.602609,4.826761,0.046883,0.992003,-6.602609,1.643294,6.470055,-3.501234,,,,
2,432,432.000000,agent_2,actor_logits,2,1,4,6.470055,-6.602609,4.826761,0.046883,0.992003,-6.602609,1.643294,6.470055,-3.501234,,,,
2,432,432.000000,agent_3,actor_logits,2,1,4,6.470056,-6.602609,4.826763,0.046883,0.992003,-6.602609,1.643293,6.470056,-3.501234,,,,
2,432,432.000000,agent_4,actor_logits,2,1,4,6.470055,-6.602609,4.826761,0.046883,0.992003,-6.602609,1.643294,6.470055,-3.501234,,,,
2,432,432.000000,agent_5,actor_logits,2,1,4,6.470054,-6.602609,4.826760,0.046883,0.992003,-6.602609,1.643294,6.470054,-3.501234,,,,
2,434,434.000000,agent_0,actor_logits,2,1,4,3.794095,-9.516473,2.458835,0.380303,0.899666,0.143927,1.335259,3.794095,-9.516473,,,,
2,434,434.000000,agent_1,actor_logits,2,1,4,3.794095,-9.516473,2.458836,0.380303,0.899667,0.143927,1.335259,3.794095,-9.516473,,,,
2,434,434.000000,agent_2,actor_logits,2,1,4,3.794095,-9.516473,2.458836,0.380303,0.899667,0.143927,1.335259,3.794095,-9.516473,,,,
2,434,434.000000,agent_3,actor_logits,2,1,4,3.794096,-9.516473,2.458838,0.380303,0.899667,0.143927,1.335258,3.794096,-9.516473,,,,
2,434,434.000000,agent_4,actor_logits,2,1,4,3.794095,-9.516473,2.458835,0.380303,0.899667,0.143927,1.335260,3.794095,-9.516473,,,,
2,434,434.000000,agent_5,actor_logits,2,1,4,3.794094,-9.516473,2.458835,0.380304,0.899666,0.143928,1.335259,3.794094,-9.516473,,,,
2,436,436.000000,agent_0,actor_logits,0,1,4,3.042723,-12.978694,0.399507,1.011260,0.499207,3.042723,2.643216,1.941691,-12.978694,,,,
2,436,436.000000,agent_1,actor_logits,0,1,4,3.042724,-12.978693,0.399508,1.011260,0.499207,3.042724,2.643216,1.941691,-12.978693,,,,
2,436,436.000000,agent_2,actor_logits,0,1,4,3.042724,-12.978694,0.399508,1.011260,0.499207,3.042724,2.643216,1.941691,-12.978694,,,,
2,436,436.000000,agent_3,actor_logits,0,1,4,3.042724,-12.978694,0.399508,1.011260,0.499207,3.042724,2.643216,1.941692,-12.978694,,,,
2,436,436.000000,agent_4,actor_logits,0,1,4,3.042724,-12.978693,0.399508,1.011260,0.499207,3.042724,2.643216,1.941691,-12.978693,,,,
2,436,436.000000,agent_5,actor_logits,0,1,4,3.042724,-12.978693,0.399508,1.011259,0.499207,3.042724,2.643216,1.941691,-12.978693,,,,
2,438,438.000000,agent_0,actor_logits,1,1,4,9.886553,-10.745996,10.333168,0.000396,0.999966,-0.446615,9.886553,-3.256636,-10.745996,,,,
2,438,438.000000,agent_1,actor_logits,1,1,4,9.886553,-10.745996,10.333167,0.000396,0.999966,-0.446615,9.886553,-3.256636,-10.745996,,,,
2,438,438.000000,agent_2,actor_logits,1,1,4,9.886553,-10.745996,10.333166,0.000396,0.999966,-0.446614,9.886553,-3.256636,-10.745996,,,,
2,438,438.000000,agent_3,actor_logits,1,1,4,9.886553,-10.745997,10.333166,0.000396,0.999966,-0.446613,9.886553,-3.256637,-10.745997,,,,
2,438,438.000000,agent_4,actor_logits,1,1,4,9.886553,-10.745996,10.333167,0.000396,0.999966,-0.446614,9.886553,-3.256636,-10.745996,,,,
2,438,438.000000,agent_5,actor_logits,1,1,4,9.886553,-10.745996,10.333167,0.000396,0.999966,-0.446614,9.886553,-3.256636,-10.745996,,,,
2,440,440.000000,agent_0,actor_logits,0,1,4,8.238143,-16.875566,1.562731,0.516854,0.817575,8.238143,6.675412,-16.875566,3.937947,,,,
2,440,440.000000,agent_1,actor_logits,0,1,4,8.238142,-16.875566,1.562731,0.516855,0.817575,8.238142,6.675411,-16.875566,3.937947,,,,
2,440,440.000000,agent_2,actor_logits,0,1,4,8.238143,-16.875566,1.562731,0.516854,0.817575,8.238143,6.675412,-16.875566,3.937948,,,,
2,440,440.000000,agent_3,actor_logits,0,1,4,8.238145,-16.875568,1.562734,0.516854,0.817576,8.238145,6.675411,-16.875568,3.937947,,,,
2,440,440.000000,agent_4,actor_logits,0,1,4,8.238143,-16.875566,1.562732,0.516854,0.817575,8.238143,6.675411,-16.875566,3.937947,,,,
2,440,440.000000,agent_5,actor_logits,0,1,4,8.238144,-16.875566,1.562733,0.516854,0.817576,8.238144,6.675411,-16.875566,3.937947,,,,
2,442,442.000000,agent_0,actor_logits,3,1,4,6.390213,-6.243073,2.182464,0.328663,0.898608,-3.239727,4.207749,-6.243073,6.390213,,,,
2,442,442.000000,agent_1,actor_logits,3,1,4,6.390213,-6.243072,2.182464,0.328663,0.898608,-3.239727,4.207749,-6.243072,6.390213,,,,
2,442,442.000000,agent_2,actor_logits,3,1,4,6.390213,-6.243072,2.182464,0.328663,0.898608,-3.239726,4.207749,-6.243072,6.390213,,,,
2,442,442.000000,agent_3,actor_logits,3,1,4,6.390213,-6.243072,2.182464,0.328663,0.898608,-3.239725,4.207749,-6.243072,6.390213,,,,
2,442,442.000000,agent_4,actor_logits,3,1,4,6.390213,-6.243072,2.182464,0.328663,0.898608,-3.239726,4.207749,-6.243072,6.390213,,,,
2,442,442.000000,agent_5,actor_logits,3,1,4,6.390213,-6.243072,2.182464,0.328663,0.898608,-3.239726,4.207749,-6.243072,6.390213,,,,
2,444,444.000000,agent_0,actor_logits,1,1,4,11.839886,-15.827065,6.630095,0.010216,0.998669,0.570095,11.839886,-15.827065,5.209790,,,,
2,444,444.000000,agent_1,actor_logits,1,1,4,11.839886,-15.827065,6.630095,0.010216,0.998669,0.570095,11.839886,-15.827065,5.209791,,,,
2,444,444.000000,agent_2,actor_logits,1,1,4,11.839886,-15.827065,6.630095,0.010216,0.998669,0.570095,11.839886,-15.827065,5.209791,,,,
2,444,444.000000,agent_3,actor_logits,1,1,4,11.839885,-15.827065,6.630094,0.010216,0.998669,0.570097,11.839885,-15.827065,5.209791,,,,
2,444,444.000000,agent_4,actor_logits,1,1,4,11.839886,-15.827065,6.630095,0.010216,0.998669,0.570096,11.839886,-15.827065,5.209791,,,,
2,444,444.000000,agent_5,actor_logits,1,1,4,11.839886,-15.827065,6.630095,0.010216,0.998669,0.570097,11.839886,-15.827065,5.209791,,,,
2,446,446.000000,agent_0,actor_logits,1,1,4,15.925134,-19.694796,11.210161,0.000171,0.999986,1.030151,15.925134,-19.694796,4.714972,,,,
2,446,446.000000,agent_1,actor_logits,1,1,4,15.925135,-19.694796,11.210162,0.000171,0.999986,1.030151,15.925135,-19.694796,4.714972,,,,
2,446,446.000000,agent_2,actor_logits,1,1,4,15.925134,-19.694796,11.210161,0.000171,0.999986,1.030151,15.925134,-19.694796,4.714973,,,,
2,446,446.000000,agent_3,actor_logits,1,1,4,15.925133,-19.694796,11.210161,0.000171,0.999986,1.030152,15.925133,-19.694796,4.714972,,,,
2,446,446.000000,agent_4,actor_logits,1,1,4,15.925134,-19.694796,11.210161,0.000171,0.999986,1.030151,15.925134,-19.694796,4.714973,,,,
2,446,446.000000,agent_5,actor_logits,1,1,4,15.925134,-19.694796,11.210161,0.000171,0.999986,1.030152,15.925134,-19.694796,4.714972,,,,
2,448,448.000000,agent_0,actor_logits,3,1,4,9.000965,-8.349563,7.279409,0.006529,0.999232,-0.447071,1.721556,-8.349563,9.000965,,,,
2,448,448.000000,agent_1,actor_logits,3,1,4,9.000965,-8.349563,7.279409,0.006529,0.999232,-0.447072,1.721556,-8.349563,9.000965,,,,
2,448,448.000000,agent_2,actor_logits,3,1,4,9.000965,-8.349563,7.279409,0.006529,0.999232,-0.447072,1.721556,-8.349563,9.000965,,,,
2,448,448.000000,agent_3,actor_logits,3,1,4,9.000964,-8.349562,7.279409,0.006529,0.999232,-0.447071,1.721555,-8.349562,9.000964,,,,
2,448,448.000000,agent_4,actor_logits,3,1,4,9.000964,-8.349563,7.279408,0.006529,0.999232,-0.447071,1.721555,-8.349563,9.000964,,,,
2,448,448.000000,agent_5,actor_logits,3,1,4,9.000965,-8.349563,7.279410,0.006529,0.999232,-0.447071,1.721555,-8.349563,9.000965,,,,
2,450,450.000000,agent_0,actor_logits,1,1,4,13.409799,-7.311852,16.078054,0.000002,1.000000,-5.473111,13.409799,-7.311852,-2.668256,,,,
2,450,450.000000,agent_1,actor_logits,1,1,4,13.409799,-7.311851,16.078054,0.000002,1.000000,-5.473112,13.409799,-7.311851,-2.668256,,,,
2,450,450.000000,agent_2,actor_logits,1,1,4,13.409800,-7.311852,16.078056,0.000002,1.000000,-5.473111,13.409800,-7.311852,-2.668256,,,,
2,450,450.000000,agent_3,actor_logits,1,1,4,13.409798,-7.311852,16.078054,0.000002,1.000000,-5.473110,13.409798,-7.311852,-2.668257,,,,
2,450,450.000000,agent_4,actor_logits,1,1,4,13.409798,-7.311851,16.078054,0.000002,1.000000,-5.473110,13.409798,-7.311851,-2.668256,,,,
2,450,450.000000,agent_5,actor_logits,1,1,4,13.409798,-7.311852,16.078053,0.000002,1.000000,-5.473110,13.409798,-7.311852,-2.668256,,,,
2,452,452.000000,agent_0,actor_logits,0,1,4,9.584477,-10.393564,5.686257,0.022676,0.996614,9.584477,-10.393564,-2.618588,3.898221,,,,
2,452,452.000000,agent_1,actor_logits,0,1,4,9.584478,-10.393564,5.686257,0.022676,0.996614,9.584478,-10.393564,-2.618588,3.898221,,,,
2,452,452.000000,agent_2,actor_logits,0,1,4,9.584477,-10.393564,5.686256,0.022677,0.996614,9.584477,-10.393564,-2.618588,3.898221,,,,
2,452,452.000000,agent_3,actor_logits,0,1,4,9.584478,-10.393564,5.686258,0.022676,0.996614,9.584478,-10.393564,-2.618588,3.898221,,,,
2,452,452.000000,agent_4,actor_logits,0,1,4,9.584478,-10.393565,5.686258,0.022676,0.996614,9.584478,-10.393565,-2.618588,3.898220,,,,
2,452,452.000000,agent_5,actor_logits,0,1,4,9.584477,-10.393564,5.686257,0.022676,0.996614,9.584477,-10.393564,-2.618588,3.898220,,,,
2,454,454.000000,agent_0,actor_logits,3,1,4,7.887229,-2.451348,9.362355,0.001896,0.999822,-1.840565,-1.475126,-2.451348,7.887229,,,,
2,454,454.000000,agent_1,actor_logits,3,1,4,7.887229,-2.451348,9.362355,0.001896,0.999822,-1.840564,-1.475126,-2.451348,7.887229,,,,
2,454,454.000000,agent_2,actor_logits,3,1,4,7.887229,-2.451348,9.362355,0.001896,0.999822,-1.840565,-1.475126,-2.451348,7.887229,,,,
2,454,454.000000,agent_3,actor_logits,3,1,4,7.887229,-2.451348,9.362355,0.001896,0.999822,-1.840564,-1.475126,-2.451348,7.887229,,,,
2,454,454.000000,agent_4,actor_logits,3,1,4,7.887228,-2.451349,9.362354,0.001896,0.999822,-1.840564,-1.475126,-2.451349,7.887228,,,,
2,454,454.000000,agent_5,actor_logits,3,1,4,7.887228,-2.451348,9.362354,0.001896,0.999822,-1.840564,-1.475126,-2.451348,7.887228,,,,
2,456,456.000000,agent_0,actor_logits,0,1,4,7.188733,-5.581365,4.342240,0.068851,0.987146,7.188733,-4.238543,-5.581365,2.846493,,,,
2,456,456.000000,agent_1,actor_logits,0,1,4,7.188735,-5.581365,4.342243,0.068851,0.987146,7.188735,-4.238543,-5.581365,2.846492,,,,
2,456,456.000000,agent_2,actor_logits,0,1,4,7.188735,-5.581365,4.342242,0.068851,0.987146,7.188735,-4.238543,-5.581365,2.846492,,,,
2,456,456.000000,agent_3,actor_logits,0,1,4,7.188735,-5.581365,4.342243,0.068851,0.987146,7.188735,-4.238543,-5.581365,2.846492,,,,
2,456,456.000000,agent_4,actor_logits,0,1,4,7.188735,-5.581365,4.342243,0.068851,0.987146,7.188735,-4.238543,-5.581365,2.846492,,,,
2,456,456.000000,agent_5,actor_logits,0,1,4,7.188734,-5.581366,4.342242,0.068851,0.987146,7.188734,-4.238543,-5.581366,2.846492,,,,
2,458,458.000000,agent_0,actor_logits,3,1,4,4.591612,-3.689777,4.597891,0.103899,0.981948,-0.006279,-0.229560,-3.689777,4.591612,,,,
2,458,458.000000,agent_1,actor_logits,3,1,4,4.591612,-3.689778,4.597890,0.103899,0.981948,-0.006278,-0.229560,-3.689778,4.591612,,,,
2,458,458.000000,agent_2,actor_logits,3,1,4,4.591612,-3.689778,4.597890,0.103899,0.981948,-0.006278,-0.229560,-3.689778,4.591612,,,,
2,458,458.000000,agent_3,actor_logits,3,1,4,4.591612,-3.689778,4.597890,0.103899,0.981948,-0.006278,-0.229561,-3.689778,4.591612,,,,
2,458,458.000000,agent_4,actor_logits,3,1,4,4.591612,-3.689778,4.597891,0.103899,0.981948,-0.006278,-0.229560,-3.689778,4.591612,,,,
2,458,458.000000,agent_5,actor_logits,3,1,4,4.591612,-3.689777,4.597890,0.103899,0.981948,-0.006278,-0.229561,-3.689777,4.591612,,,,
2,460,460.000000,agent_0,actor_logits,0,1,4,4.649395,-5.815748,3.162462,0.190135,0.956483,4.649395,-1.111894,-5.815748,1.486933,,,,
2,460,460.000000,agent_1,actor_logits,0,1,4,4.649395,-5.815748,3.162463,0.190135,0.956483,4.649395,-1.111894,-5.815748,1.486932,,,,
2,460,460.000000,agent_2,actor_logits,0,1,4,4.649395,-5.815748,3.162463,0.190135,0.956483,4.649395,-1.111894,-5.815748,1.486932,,,,
2,460,460.000000,agent_3,actor_logits,0,1,4,4.649395,-5.815749,3.162462,0.190135,0.956483,4.649395,-1.111894,-5.815749,1.486933,,,,
2,460,460.000000,agent_4,actor_logits,0,1,4,4.649396,-5.815749,3.162464,0.190135,0.956483,4.649396,-1.111894,-5.815749,1.486932,,,,
2,460,460.000000,agent_5,actor_logits,0,1,4,4.649395,-5.815748,3.162462,0.190135,0.956483,4.649395,-1.111893,-5.815748,1.486932,,,,
2,462,462.000000,agent_0,actor_logits,3,1,4,1.824994,-4.938561,0.242172,1.047041,0.452578,1.582821,0.965762,-4.938561,1.824994,,,,
2,462,462.000000,agent_1,actor_logits,3,1,4,1.824993,-4.938561,0.242172,1.047041,0.452578,1.582821,0.965764,-4.938561,1.824993,,,,
2,462,462.000000,agent_2,actor_logits,3,1,4,1.824994,-4.938561,0.242173,1.047041,0.452578,1.582821,0.965762,-4.938561,1.824994,,,,
2,462,462.000000,agent_3,actor_logits,3,1,4,1.824994,-4.938561,0.242173,1.047041,0.452578,1.582821,0.965762,-4.938561,1.824994,,,,
2,462,462.000000,agent_4,actor_logits,3,1,4,1.824994,-4.938562,0.242172,1.047041,0.452578,1.582821,0.965763,-4.938562,1.824994,,,,
2,462,462.000000,agent_5,actor_logits,3,1,4,1.824994,-4.938562,0.242173,1.047041,0.452578,1.582821,0.965763,-4.938562,1.824994,,,,
2,464,464.000000,agent_0,actor_logits,3,1,4,1.980080,-4.210084,0.834138,0.971490,0.578999,0.745027,1.145942,-4.210084,1.980080,,,,
2,464,464.000000,agent_1,actor_logits,3,1,4,1.980081,-4.210085,0.834138,0.971490,0.578999,0.745027,1.145943,-4.210085,1.980081,,,,
2,464,464.000000,agent_2,actor_logits,3,1,4,1.980079,-4.210084,0.834137,0.971490,0.578999,0.745027,1.145943,-4.210084,1.980079,,,,
2,464,464.000000,agent_3,actor_logits,3,1,4,1.980080,-4.210084,0.834137,0.971490,0.578999,0.745026,1.145943,-4.210084,1.980080,,,,
2,464,464.000000,agent_4,actor_logits,3,1,4,1.980081,-4.210085,0.834138,0.971490,0.578999,0.745027,1.145943,-4.210085,1.980081,,,,
2,464,464.000000,agent_5,actor_logits,3,1,4,1.980080,-4.210084,0.834137,0.971490,0.578999,0.745027,1.145943,-4.210084,1.980080,,,,
2,466,466.000000,agent_0,actor_logits,0,1,4,8.805365,-9.535864,7.690130,0.004317,0.999513,8.805365,1.115235,-9.535864,-1.600522,,,,
2,466,466.000000,agent_1,actor_logits,0,1,4,8.805365,-9.535865,7.690130,0.004317,0.999513,8.805365,1.115235,-9.535865,-1.600522,,,,
2,466,466.000000,agent_2,actor_logits,0,1,4,8.805365,-9.535863,7.690130,0.004317,0.999513,8.805365,1.115235,-9.535863,-1.600523,,,,
2,466,466.000000,agent_3,actor_logits,0,1,4,8.805365,-9.535864,7.690130,0.004317,0.999513,8.805365,1.115235,-9.535864,-1.600522,,,,
2,466,466.000000,agent_4,actor_logits,0,1,4,8.805365,-9.535865,7.690130,0.004317,0.999513,8.805365,1.115235,-9.535865,-1.600522,,,,
2,466,466.000000,agent_5,actor_logits,0,1,4,8.805365,-9.535865,7.690129,0.004317,0.999513,8.805365,1.115235,-9.535865,-1.600522,,,,
2,468,468.000000,agent_0,actor_logits,0,1,4,2.313550,-3.588516,2.149312,0.611791,0.817539,2.313550,-3.588516,0.164238,0.049084,,,,
2,468,468.000000,agent_1,actor_logits,0,1,4,2.313550,-3.588516,2.149312,0.611791,0.817539,2.313550,-3.588516,0.164238,0.049085,,,,
2,468,468.000000,agent_2,actor_logits,0,1,4,2.313550,-3.588517,2.149312,0.611791,0.817539,2.313550,-3.588517,0.164238,0.049085,,,,
2,468,468.000000,agent_3,actor_logits,0,1,4,2.313550,-3.588517,2.149313,0.611791,0.817539,2.313550,-3.588517,0.164237,0.049085,,,,
2,468,468.000000,agent_4,actor_logits,0,1,4,2.313550,-3.588516,2.149312,0.611791,0.817539,2.313550,-3.588516,0.164238,0.049085,,,,
2,468,468.000000,agent_5,actor_logits,0,1,4,2.313550,-3.588516,2.149313,0.611791,0.817539,2.313550,-3.588516,0.164237,0.049085,,,,
2,470,470.000000,agent_0,actor_logits,1,1,4,3.536892,-8.532413,2.070562,0.428277,0.873529,-0.444427,3.536892,1.466330,-8.532413,,,,
2,470,470.000000,agent_1,actor_logits,1,1,4,3.536892,-8.532412,2.070562,0.428277,0.873529,-0.444427,3.536892,1.466330,-8.532412,,,,
2,470,470.000000,agent_2,actor_logits,1,1,4,3.536892,-8.532413,2.070563,0.428277,0.873529,-0.444427,3.536892,1.466330,-8.532413,,,,
2,470,470.000000,agent_3,actor_logits,1,1,4,3.536892,-8.532412,2.070562,0.428277,0.873529,-0.444427,3.536892,1.466329,-8.532412,,,,
2,470,470.000000,agent_4,actor_logits,1,1,4,3.536892,-8.532412,2.070563,0.428277,0.873529,-0.444427,3.536892,1.466329,-8.532412,,,,
2,470,470.000000,agent_5,actor_logits,1,1,4,3.536892,-8.532413,2.070563,0.428277,0.873529,-0.444427,3.536892,1.466329,-8.532413,,,,
2,472,472.000000,agent_0,actor_logits,0,1,4,11.777958,-22.290524,2.703840,0.237412,0.936937,11.777958,9.074118,-22.290524,3.847239,,,,
2,472,472.000000,agent_1,actor_logits,0,1,4,11.777958,-22.290522,2.703839,0.237412,0.936937,11.777958,9.074119,-22.290522,3.847239,,,,
2,472,472.000000,agent_2,actor_logits,0,1,4,11.777958,-22.290522,2.703840,0.237412,0.936937,11.777958,9.074118,-22.290522,3.847239,,,,
2,472,472.000000,agent_3,actor_logits,0,1,4,11.777958,-22.290522,2.703840,0.237412,0.936937,11.777958,9.074118,-22.290522,3.847239,,,,
2,472,472.000000,agent_4,actor_logits,0,1,4,11.777958,-22.290524,2.703839,0.237412,0.936937,11.777958,9.074119,-22.290524,3.847239,,,,
2,472,472.000000,agent_5,actor_logits,0,1,4,11.777958,-22.290524,2.703840,0.237412,0.936937,11.777958,9.074118,-22.290524,3.847239,,,,
2,474,474.000000,agent_0,actor_logits,3,1,4,6.408146,-6.270309,5.756813,0.035406,0.994903,0.172651,0.651333,-6.270309,6.408146,,,,
2,474,474.000000,agent_1,actor_logits,3,1,4,6.408147,-6.270309,5.756814,0.035406,0.994903,0.172650,0.651333,-6.270309,6.408147,,,,
2,474,474.000000,agent_2,actor_logits,3,1,4,6.408147,-6.270309,5.756814,0.035406,0.994903,0.172650,0.651333,-6.270309,6.408147,,,,
2,474,474.000000,agent_3,actor_logits,3,1,4,6.408146,-6.270309,5.756813,0.035406,0.994903,0.172651,0.651333,-6.270309,6.408146,,,,
2,474,474.000000,agent_4,actor_logits,3,1,4,6.408146,-6.270309,5.756813,0.035406,0.994903,0.172650,0.651334,-6.270309,6.408146,,,,
2,474,474.000000,agent_5,actor_logits,3,1,4,6.408146,-6.270310,5.756813,0.035406,0.994903,0.172650,0.651334,-6.270310,6.408146,,,,
2,476,476.000000,agent_0,actor_logits,1,1,4,12.687845,-20.113337,6.221099,0.015661,0.997882,3.782336,12.687845,-20.113337,6.466746,,,,
2,476,476.000000,agent_1,actor_logits,1,1,4,12.687845,-20.113335,6.221098,0.015661,0.997882,3.782335,12.687845,-20.113335,6.466747,,,,
2,476,476.000000,agent_2,actor_logits,1,1,4,12.687844,-20.113335,6.221098,0.015661,0.997882,3.782336,12.687844,-20.113335,6.466746,,,,
2,476,476.000000,agent_3,actor_logits,1,1,4,12.687845,-20.113337,6.221099,0.015661,0.997882,3.782336,12.687845,-20.113337,6.466746,,,,
2,476,476.000000,agent_4,actor_logits,1,1,4,12.687845,-20.113335,6.221099,0.015661,0.997882,3.782336,12.687845,-20.113335,6.466746,,,,
2,476,476.000000,agent_5,actor_logits,1,1,4,12.687845,-20.113335,6.221099,0.015661,0.997882,3.782335,12.687845,-20.113335,6.466746,,,,
2,478,478.000000,agent_0,actor_logits,0,1,3,6.714163,-12.141048,7.581827,0.004372,0.999491,6.714163,-12.141048,-0.867664,,,,,
2,478,478.000000,agent_1,actor_logits,0,1,3,6.714163,-12.141047,7.581828,0.004372,0.999491,6.714163,-12.141047,-0.867665,,,,,
2,478,478.000000,agent_2,actor_logits,0,1,3,6.714165,-12.141048,7.581829,0.004372,0.999491,6.714165,-12.141048,-0.867664,,,,,
2,478,478.000000,agent_3,actor_logits,0,1,3,6.714164,-12.141048,7.581829,0.004372,0.999491,6.714164,-12.141048,-0.867664,,,,,
2,478,478.000000,agent_4,actor_logits,0,1,3,6.714164,-12.141048,7.581828,0.004372,0.999491,6.714164,-12.141048,-0.867664,,,,,
2,478,478.000000,agent_5,actor_logits,0,1,3,6.714164,-12.141047,7.581829,0.004372,0.999491,6.714164,-12.141047,-0.867665,,,,,
2,480,480.000000,agent_0,actor_logits,0,1,3,3.932209,-5.841209,7.345454,0.005997,0.999298,3.932209,-3.413244,-5.841209,,,,,
2,480,480.000000,agent_1,actor_logits,0,1,3,3.932209,-5.841208,7.345453,0.005997,0.999298,3.932209,-3.413245,-5.841208,,,,,
2,480,480.000000,agent_2,actor_logits,0,1,3,3.932210,-5.841209,7.345454,0.005997,0.999298,3.932210,-3.413244,-5.841209,,,,,
2,480,480.000000,agent_3,actor_logits,0,1,3,3.932209,-5.841208,7.345454,0.005997,0.999298,3.932209,-3.413245,-5.841208,,,,,
2,480,480.000000,agent_4,actor_logits,0,1,3,3.932209,-5.841208,7.345453,0.005997,0.999298,3.932209,-3.413245,-5.841208,,,,,
2,480,480.000000,agent_5,actor_logits,0,1,3,3.932209,-5.841208,7.345454,0.005997,0.999298,3.932209,-3.413245,-5.841208,,,,,
2,482,482.000000,agent_0,actor_logits,0,1,3,5.126423,-10.030287,4.925082,0.042749,0.992790,5.126423,0.201341,-10.030287,,,,,
2,482,482.000000,agent_1,actor_logits,0,1,3,5.126422,-10.030286,4.925081,0.042749,0.992790,5.126422,0.201341,-10.030286,,,,,
2,482,482.000000,agent_2,actor_logits,0,1,3,5.126423,-10.030287,4.925082,0.042749,0.992790,5.126423,0.201341,-10.030287,,,,,
2,482,482.000000,agent_3,actor_logits,0,1,3,5.126423,-10.030287,4.925082,0.042749,0.992790,5.126423,0.201341,-10.030287,,,,,
2,482,482.000000,agent_4,actor_logits,0,1,3,5.126423,-10.030287,4.925081,0.042749,0.992790,5.126423,0.201341,-10.030287,,,,,
2,482,482.000000,agent_5,actor_logits,0,1,3,5.126423,-10.030287,4.925081,0.042749,0.992790,5.126423,0.201341,-10.030287,,,,,
2,484,484.000000,agent_0,actor_logits,1,1,2,-7.948763,-8.755877,0.807113,0.617900,0.691494,-8.755877,-7.948763,,,,,,
2,484,484.000000,agent_1,actor_logits,1,1,2,-7.948764,-8.755877,0.807112,0.617900,0.691494,-8.755877,-7.948764,,,,,,
2,484,484.000000,agent_2,actor_logits,1,1,2,-7.948763,-8.755877,0.807113,0.617900,0.691494,-8.755877,-7.948763,,,,,,
2,484,484.000000,agent_3,actor_logits,1,1,2,-7.948764,-8.755877,0.807112,0.617900,0.691494,-8.755877,-7.948764,,,,,,
2,484,484.000000,agent_4,actor_logits,1,1,2,-7.948763,-8.755877,0.807113,0.617900,0.691494,-8.755877,-7.948763,,,,,,
2,484,484.000000,agent_5,actor_logits,1,1,2,-7.948763,-8.755877,0.807113,0.617900,0.691494,-8.755877,-7.948763,,,,,,
2,486,486.000000,agent_0,actor_logits,2,1,3,2.116590,-11.750270,0.919669,0.597647,0.714974,-11.750270,1.196921,2.116590,,,,,
2,486,486.000000,agent_1,actor_logits,2,1,3,2.116589,-11.750269,0.919669,0.597647,0.714974,-11.750269,1.196920,2.116589,,,,,
2,486,486.000000,agent_2,actor_logits,2,1,3,2.116590,-11.750270,0.919670,0.597647,0.714974,-11.750270,1.196921,2.116590,,,,,
2,486,486.000000,agent_3,actor_logits,2,1,3,2.116590,-11.750271,0.919669,0.597647,0.714974,-11.750271,1.196921,2.116590,,,,,
2,486,486.000000,agent_4,actor_logits,2,1,3,2.116590,-11.750271,0.919669,0.597647,0.714974,-11.750271,1.196921,2.116590,,,,,
2,486,486.000000,agent_5,actor_logits,2,1,3,2.116589,-11.750270,0.919668,0.597647,0.714974,-11.750270,1.196921,2.116589,,,,,
2,488,488.000000,agent_0,actor_logits,2,1,3,6.554865,-10.614136,10.239285,0.000402,0.999964,-10.614136,-3.684420,6.554865,,,,,
2,488,488.000000,agent_1,actor_logits,2,1,3,6.554865,-10.614136,10.239285,0.000402,0.999964,-10.614136,-3.684420,6.554865,,,,,
2,488,488.000000,agent_2,actor_logits,2,1,3,6.554864,-10.614136,10.239285,0.000402,0.999964,-10.614136,-3.684420,6.554864,,,,,
2,488,488.000000,agent_3,actor_logits,2,1,3,6.554864,-10.614136,10.239285,0.000402,0.999964,-10.614136,-3.684420,6.554864,,,,,
2,488,488.000000,agent_4,actor_logits,2,1,3,6.554865,-10.614136,10.239285,0.000402,0.999964,-10.614136,-3.684420,6.554865,,,,,
2,488,488.000000,agent_5,actor_logits,2,1,3,6.554865,-10.614136,10.239285,0.000402,0.999964,-10.614136,-3.684420,6.554865,,,,,
2,490,490.000000,agent_0,actor_logits,2,1,3,5.955671,-6.216034,12.012579,0.000147,0.999989,-6.056908,-6.216034,5.955671,,,,,
2,490,490.000000,agent_1,actor_logits,2,1,3,5.955670,-6.216033,12.012578,0.000147,0.999989,-6.056908,-6.216033,5.955670,,,,,
2,490,490.000000,agent_2,actor_logits,2,1,3,5.955670,-6.216034,12.012577,0.000147,0.999989,-6.056907,-6.216034,5.955670,,,,,
2,490,490.000000,agent_3,actor_logits,2,1,3,5.955670,-6.216034,12.012579,0.000147,0.999989,-6.056908,-6.216034,5.955670,,,,,
2,490,490.000000,agent_4,actor_logits,2,1,3,5.955671,-6.216034,12.012579,0.000147,0.999989,-6.056909,-6.216034,5.955671,,,,,
2,490,490.000000,agent_5,actor_logits,2,1,3,5.955671,-6.216033,12.012579,0.000147,0.999989,-6.056909,-6.216033,5.955671,,,,,
2,492,492.000000,agent_0,actor_logits,2,1,3,5.504880,-6.639377,8.456018,0.002080,0.999782,-6.639377,-2.951138,5.504880,,,,,
2,492,492.000000,agent_1,actor_logits,2,1,3,5.504879,-6.639377,8.456017,0.002080,0.999782,-6.639377,-2.951138,5.504879,,,,,
2,492,492.000000,agent_2,actor_logits,2,1,3,5.504880,-6.639377,8.456018,0.002080,0.999782,-6.639377,-2.951138,5.504880,,,,,
2,492,492.000000,agent_3,actor_logits,2,1,3,5.504879,-6.639377,8.456018,0.002080,0.999782,-6.639377,-2.951138,5.504879,,,,,
2,492,492.000000,agent_4,actor_logits,2,1,3,5.504879,-6.639377,8.456018,0.002080,0.999782,-6.639377,-2.951138,5.504879,,,,,
2,492,492.000000,agent_5,actor_logits,2,1,3,5.504879,-6.639377,8.456017,0.002080,0.999782,-6.639377,-2.951138,5.504879,,,,,
2,494,494.000000,agent_0,actor_logits,2,1,3,1.640383,-4.108637,2.582356,0.273769,0.926972,-0.941973,-4.108637,1.640383,,,,,
2,494,494.000000,agent_1,actor_logits,2,1,3,1.640382,-4.108636,2.582355,0.273769,0.926972,-0.941973,-4.108636,1.640382,,,,,
2,494,494.000000,agent_2,actor_logits,2,1,3,1.640383,-4.108636,2.582355,0.273769,0.926972,-0.941973,-4.108636,1.640383,,,,,
2,494,494.000000,agent_3,actor_logits,2,1,3,1.640382,-4.108636,2.582355,0.273769,0.926972,-0.941973,-4.108636,1.640382,,,,,
2,494,494.000000,agent_4,actor_logits,2,1,3,1.640383,-4.108636,2.582357,0.273769,0.926972,-0.941973,-4.108636,1.640383,,,,,
2,494,494.000000,agent_5,actor_logits,2,1,3,1.640383,-4.108636,2.582356,0.273769,0.926972,-0.941973,-4.108636,1.640383,,,,,
2,496,496.000000,agent_0,actor_logits,0,1,2,3.994939,-3.494933,7.489872,0.004741,0.999442,3.994939,-3.494933,,,,,,
2,496,496.000000,agent_1,actor_logits,0,1,2,3.994938,-3.494932,7.489871,0.004741,0.999442,3.994938,-3.494932,,,,,,
2,496,496.000000,agent_2,actor_logits,0,1,2,3.994939,-3.494933,7.489872,0.004741,0.999442,3.994939,-3.494933,,,,,,
2,496,496.000000,agent_3,actor_logits,0,1,2,3.994938,-3.494933,7.489871,0.004741,0.999442,3.994938,-3.494933,,,,,,
2,496,496.000000,agent_4,actor_logits,0,1,2,3.994938,-3.494933,7.489871,0.004741,0.999442,3.994938,-3.494933,,,,,,
2,496,496.000000,agent_5,actor_logits,0,1,2,3.994938,-3.494933,7.489871,0.004741,0.999442,3.994938,-3.494933,,,,,,
2,498,498.000000,agent_0,actor_logits,0,1,3,4.850363,-4.551453,7.516246,0.005490,0.999374,4.850363,-4.551453,-2.665883,,,,,
2,498,498.000000,agent_1,actor_logits,0,1,3,4.850362,-4.551454,7.516245,0.005490,0.999374,4.850362,-4.551454,-2.665883,,,,,
2,498,498.000000,agent_2,actor_logits,0,1,3,4.850363,-4.551454,7.516245,0.005490,0.999374,4.850363,-4.551454,-2.665882,,,,,
2,498,498.000000,agent_3,actor_logits,0,1,3,4.850362,-4.551454,7.516244,0.005490,0.999374,4.850362,-4.551454,-2.665882,,,,,
2,498,498.000000,agent_4,actor_logits,0,1,3,4.850362,-4.551454,7.516244,0.005490,0.999374,4.850362,-4.551454,-2.665882,,,,,
2,498,498.000000,agent_5,actor_logits,0,1,3,4.850363,-4.551454,7.516245,0.005490,0.999374,4.850363,-4.551454,-2.665883,,,,,
3,0,0.000000,agent_0,actor_logits,0,1,2,1.750134,-2.708004,4.458138,0.062569,0.988549,1.750134,-2.708004,,,,,,
3,0,0.000000,agent_1,actor_logits,3,1,4,4.275782,-4.192782,0.598823,0.658950,0.644635,3.676959,-2.163707,-4.192782,4.275782,,,,
3,0,0.000000,agent_2,actor_logits,3,1,4,4.275782,-4.192782,0.598823,0.658950,0.644635,3.676959,-2.163707,-4.192782,4.275782,,,,
3,0,0.000000,agent_3,actor_logits,3,1,4,4.275782,-4.192782,0.598823,0.658950,0.644635,3.676959,-2.163707,-4.192782,4.275782,,,,
3,0,0.000000,agent_4,actor_logits,3,1,4,4.275782,-4.192782,0.598823,0.658950,0.644635,3.676959,-2.163707,-4.192782,4.275782,,,,
3,0,0.000000,agent_5,actor_logits,3,1,4,4.275782,-4.192782,0.598823,0.658950,0.644635,3.676959,-2.163707,-4.192782,4.275782,,,,
3,2,2.000000,agent_0,actor_logits,0,1,3,8.712852,-10.546273,11.830924,0.000093,0.999993,8.712852,-3.118073,-10.546273,,,,,
3,2,2.000000,agent_1,actor_logits,0,1,4,9.283766,-10.214175,1.782147,0.412253,0.855960,9.283766,-3.726804,-10.214175,7.501619,,,,
3,2,2.000000,agent_2,actor_logits,0,1,4,9.283766,-10.214175,1.782147,0.412253,0.855960,9.283766,-3.726804,-10.214175,7.501619,,,,
3,2,2.000000,agent_3,actor_logits,0,1,4,9.283766,-10.214175,1.782147,0.412253,0.855960,9.283766,-3.726804,-10.214175,7.501619,,,,
3,2,2.000000,agent_4,actor_logits,0,1,4,9.283766,-10.214175,1.782147,0.412253,0.855960,9.283766,-3.726804,-10.214175,7.501619,,,,
3,2,2.000000,agent_5,actor_logits,0,1,3,9.015912,-10.135222,13.051483,0.000030,0.999998,9.015912,-4.035571,-10.135222,,,,,
3,4,4.000000,agent_0,actor_logits,0,1,2,2.494239,-0.016915,2.511154,0.266585,0.924920,2.494239,-0.016915,,,,,,
3,4,4.000000,agent_1,actor_logits,3,1,4,7.876810,-10.040870,4.281576,0.084309,0.984723,3.595234,1.495948,-10.040870,7.876810,,,,
3,4,4.000000,agent_2,actor_logits,3,1,4,8.646394,-11.595740,0.576625,0.653459,0.640279,8.069769,-1.802688,-11.595740,8.646394,,,,
3,4,4.000000,agent_3,actor_logits,3,1,4,8.646394,-11.595740,0.576625,0.653459,0.640279,8.069769,-1.802688,-11.595740,8.646394,,,,
3,4,4.000000,agent_4,actor_logits,3,1,4,8.646394,-11.595740,0.576625,0.653459,0.640279,8.069769,-1.802688,-11.595740,8.646394,,,,
3,4,4.000000,agent_5,actor_logits,3,1,4,8.457970,-11.825717,0.017014,0.693308,0.504245,8.440956,-1.811011,-11.825717,8.457970,,,,
3,6,6.000000,agent_0,actor_logits,0,1,3,10.263895,-11.435867,13.089073,0.000029,0.999998,10.263895,-2.825178,-11.435867,,,,,
3,6,6.000000,agent_1,actor_logits,0,1,4,8.756479,-10.080455,2.843277,0.213207,0.944959,8.756479,-2.565063,-10.080455,5.913203,,,,
3,6,6.000000,agent_2,actor_logits,0,1,4,9.162502,-11.534616,3.006512,0.190295,0.952841,9.162502,-1.291708,-11.534616,6.155991,,,,
3,6,6.000000,agent_3,actor_logits,0,1,4,9.162502,-11.534616,3.006512,0.190295,0.952841,9.162502,-1.291708,-11.534616,6.155991,,,,
3,6,6.000000,agent_4,actor_logits,0,1,4,9.162502,-11.534616,3.006512,0.190295,0.952841,9.162502,-1.291708,-11.534616,6.155991,,,,
3,6,6.000000,agent_5,actor_logits,0,1,3,7.807025,-9.489247,10.019696,0.000491,0.999956,7.807025,-2.212671,-9.489247,,,,,
3,8,8.000000,agent_0,actor_logits,0,1,2,3.660542,0.089232,3.571311,0.125406,0.972650,3.660542,0.089232,,,,,,
3,8,8.000000,agent_1,actor_logits,3,1,4,4.097706,-7.639593,1.631742,0.786326,0.720466,2.449498,2.465964,-7.639593,4.097706,,,,
3,8,8.000000,agent_2,actor_logits,0,1,4,9.866840,-11.012746,2.477314,0.272556,0.922534,9.866840,-3.307977,-11.012746,7.389526,,,,
3,8,8.000000,agent_3,actor_logits,0,1,4,9.866840,-11.012746,2.477314,0.272556,0.922534,9.866840,-3.307977,-11.012746,7.389526,,,,
3,8,8.000000,agent_4,actor_logits,0,1,4,9.866840,-11.012746,2.477314,0.272556,0.922534,9.866840,-3.307977,-11.012746,7.389526,,,,
3,8,8.000000,agent_5,actor_logits,0,1,4,10.412739,-10.990374,3.169433,0.169009,0.959667,10.412739,-3.796030,-10.990374,7.243306,,,,
3,10,10.000000,agent_0,actor_logits,0,1,3,10.113424,-11.402928,12.746233,0.000040,0.999997,10.113424,-2.632808,-11.402928,,,,,
3,10,10.000000,agent_1,actor_logits,0,1,4,7.503531,-9.375761,1.926673,0.381353,0.872841,7.503531,-2.369144,-9.375761,5.576858,,,,
3,10,10.000000,agent_2,actor_logits,0,1,4,8.924381,-9.503350,3.597423,0.123060,0.973327,8.924381,-9.503350,-2.660438,5.326958,,,,
3,10,10.000000,agent_3,actor_logits,0,1,4,8.924381,-9.503350,3.597423,0.123060,0.973327,8.924381,-9.503350,-2.660438,5.326958,,,,
3,10,10.000000,agent_4,actor_logits,0,1,4,8.924381,-9.503350,3.597423,0.123060,0.973327,8.924381,-9.503350,-2.660438,5.326958,,,,
3,10,10.000000,agent_5,actor_logits,0,1,4,9.451141,-9.422253,4.218692,0.075848,0.985492,9.451141,-9.422253,-3.078888,5.232450,,,,
3,12,12.000000,agent_0,actor_logits,0,1,2,0.700005,-2.263186,2.963192,0.195906,0.950883,0.700005,-2.263186,,,,,,
3,12,12.000000,agent_1,actor_logits,1,1,4,5.370199,-4.249525,6.241550,0.026371,0.996438,-1.091555,5.370199,-4.249525,-0.871351,,,,
3,12,12.000000,agent_2,actor_logits,0,1,3,1.538725,-9.600599,0.323845,0.680309,0.580256,1.538725,1.214879,-9.600599,,,,,
3,12,12.000000,agent_3,actor_logits,3,1,4,8.471861,-6.708388,0.584143,0.652254,0.642020,7.887718,-6.708388,-6.174830,8.471861,,,,
3,12,12.000000,agent_4,actor_logits,3,1,4,8.471861,-6.708388,0.584143,0.652254,0.642020,7.887718,-6.708388,-6.174830,8.471861,,,,
3,12,12.000000,agent_5,actor_logits,3,1,4,8.247816,-6.785709,0.103884,0.691807,0.525947,8.143932,-6.785709,-6.209245,8.247816,,,,
3,14,14.000000,agent_0,actor_logits,0,1,3,8.284451,-16.439379,5.904520,0.018782,0.997280,8.284451,2.379931,-16.439379,,,,,
3,14,14.000000,agent_1,actor_logits,0,1,3,7.280117,-7.290826,14.256008,0.000017,0.999999,7.280117,-6.975892,-7.290826,,,,,
3,14,14.000000,agent_2,actor_logits,0,1,3,4.200356,-15.157709,0.478615,0.665313,0.617421,4.200356,3.721741,-15.157709,,,,,
3,14,14.000000,agent_3,actor_logits,3,1,4,10.737622,-11.266816,4.168776,0.078910,0.984761,6.568846,-1.878631,-11.266816,10.737622,,,,
3,14,14.000000,agent_4,actor_logits,3,1,4,10.737622,-11.266816,4.168776,0.078910,0.984761,6.568846,-1.878631,-11.266816,10.737622,,,,
3,14,14.000000,agent_5,actor_logits,3,1,4,10.775647,-7.260365,5.558271,0.025200,0.996159,5.217376,-4.297355,-7.260365,10.775647,,,,
3,16,16.000000,agent_0,actor_logits,1,1,2,3.811403,-3.130301,6.941703,0.007670,0.999034,-3.130301,3.811403,,,,,,
3,16,16.000000,agent_1,actor_logits,1,1,2,6.140621,-2.134479,8.275100,0.002363,0.999745,-2.134479,6.140621,,,,,,
3,16,16.000000,agent_2,actor_logits,1,1,2,4.396390,-7.882054,12.278444,0.000062,0.999995,-7.882054,4.396390,,,,,,
3,16,16.000000,agent_3,actor_logits,3,1,4,12.338194,-14.517941,6.673563,0.009942,0.998716,1.601610,5.664631,-14.517941,12.338194,,,,
3,16,16.000000,agent_4,actor_logits,3,1,4,12.338194,-14.517941,6.673563,0.009942,0.998716,1.601610,5.664631,-14.517941,12.338194,,,,
3,16,16.000000,agent_5,actor_logits,3,1,4,12.419692,-9.705635,10.008255,0.000549,0.999951,-0.015924,2.411437,-9.705635,12.419692,,,,
3,18,18.000000,agent_0,actor_logits,0,1,3,6.257314,-11.346297,6.221115,0.014322,0.998017,6.257314,0.036198,-11.346297,,,,,
3,18,18.000000,agent_1,actor_logits,0,1,3,7.473300,-12.271223,7.084083,0.006772,0.999162,7.473300,0.389217,-12.271223,,,,,
3,18,18.000000,agent_2,actor_logits,0,1,3,5.611001,-12.228298,4.254015,0.073698,0.985992,5.611001,1.356986,-12.228298,,,,,
3,18,18.000000,agent_3,actor_logits,3,1,4,9.286947,-18.700312,2.533090,0.448156,0.880107,6.418932,6.753857,-18.700312,9.286947,,,,
3,18,18.000000,agent_4,actor_logits,3,1,4,9.286947,-18.700312,2.533090,0.448156,0.880107,6.418932,6.753857,-18.700312,9.286947,,,,
3,18,18.000000,agent_5,actor_logits,1,1,3,4.456395,-14.380240,0.028300,0.693047,0.507075,4.428095,4.456395,-14.380240,,,,,
3,20,20.000000,agent_0,actor_logits,0,1,2,3.127893,1.914684,1.213210,0.538227,0.770866,3.127893,1.914684,,,,,,
3,20,20.000000,agent_1,actor_logits,0,1,2,3.452239,1.335670,2.116569,0.341250,0.892503,3.452239,1.335670,,,,,,
3,20,20.000000,agent_2,actor_logits,0,1,2,3.522620,2.625144,0.897476,0.601766,0.710430,3.522620,2.625144,,,,,,
3,20,20.000000,agent_3,actor_logits,1,1,4,11.845337,-17.501608,3.236916,0.160983,0.962193,0.087250,11.845337,-17.501608,8.608421,,,,
3,20,20.000000,agent_4,actor_logits,1,1,3,11.078306,-17.374594,10.565446,0.000298,0.999974,0.512861,11.078306,-17.374594,,,,,
3,20,20.000000,agent_5,actor_logits,1,1,3,11.808539,-19.326267,9.466817,0.000810,0.999923,2.341722,11.808539,-19.326267,,,,,
3,22,22.000000,agent_0,actor_logits,1,1,3,10.063456,-16.890326,7.749028,0.003771,0.999569,2.314428,10.063456,-16.890326,,,,,
3,22,22.000000,agent_1,actor_logits,1,1,3,9.674559,-16.577114,7.210917,0.006059,0.999262,2.463642,9.674559,-16.577114,,,,,
3,22,22.000000,agent_2,actor_logits,1,1,3,10.110783,-17.299479,7.566309,0.004432,0.999483,2.544473,10.110783,-17.299479,,,,,
3,22,22.000000,agent_3,actor_logits,3,1,4,9.693488,-15.903289,0.930212,0.596259,0.717076,0.299092,8.763276,-15.903289,9.693488,,,,
3,22,22.000000,agent_4,actor_logits,1,1,3,8.807441,-16.861937,7.570495,0.004415,0.999485,1.236946,8.807441,-16.861937,,,,,
3,22,22.000000,agent_5,actor_logits,1,1,3,9.493932,-19.312033,5.468549,0.027174,0.995800,4.025383,9.493932,-19.312033,,,,,
3,24,24.000000,agent_0,actor_logits,1,1,3,9.649392,-15.445539,8.373344,0.002164,0.999769,1.276048,9.649392,-15.445539,,,,,
3,24,24.000000,agent_1,actor_logits,1,1,3,9.650658,-15.357617,8.463837,0.001996,0.999789,1.186821,9.650658,-15.357617,,,,,
3,24,24.000000,agent_2,actor_logits,1,1,3,9.334400,-15.398324,7.608771,0.004269,0.999504,1.725629,9.334400,-15.398324,,,,,
3,24,24.000000,agent_3,actor_logits,1,1,3,10.104364,-18.983957,6.498915,0.011271,0.998497,3.605449,10.104364,-18.983957,,,,,
3,24,24.000000,agent_4,actor_logits,1,1,3,9.848946,-19.451754,5.363758,0.029675,0.995339,4.485188,9.848946,-19.451754,,,,,
3,24,24.000000,agent_5,actor_logits,1,1,3,9.690284,-20.934916,2.906796,0.203836,0.948181,6.783488,9.690284,-20.934916,,,,,
3,26,26.000000,agent_0,actor_logits,1,1,3,7.293378,-16.998375,1.825684,0.402694,0.861247,5.467694,7.293378,-16.998375,,,,,
3,26,26.000000,agent_1,actor_logits,1,1,3,7.469381,-17.049660,2.234221,0.317814,0.903281,5.235160,7.469381,-17.049660,,,,,
3,26,26.000000,agent_2,actor_logits,1,1,3,7.147874,-17.048607,1.339421,0.510767,0.792395,5.808453,7.147874,-17.048607,,,,,
3,26,26.000000,agent_3,actor_logits,1,1,3,9.736261,-21.697016,2.716182,0.232504,0.937975,7.020079,9.736261,-21.697016,,,,,
3,26,26.000000,agent_4,actor_logits,1,1,3,9.543922,-21.711695,2.230993,0.318445,0.902998,7.312930,9.543922,-21.711695,,,,,
3,26,26.000000,agent_5,actor_logits,1,1,3,9.183186,-22.132940,0.751040,0.627317,0.679405,8.432146,9.183186,-22.132940,,,,,
3,28,28.000000,agent_0,actor_logits,1,1,3,6.104023,-15.843036,0.324419,0.680162,0.580401,5.779604,6.104023,-15.843036,,,,,
3,28,28.000000,agent_1,actor_logits,1,1,3,6.325039,-15.920753,0.805973,0.618096,0.691251,5.519066,6.325039,-15.920753,,,,,
3,28,28.000000,agent_2,actor_logits,1,1,3,6.054286,-15.937875,0.054408,0.692777,0.513599,5.999877,6.054286,-15.937875,,,,,
3,28,28.000000,agent_3,actor_logits,0,1,2,6.818256,-0.081963,6.900220,0.007952,0.998993,6.818256,-0.081963,,,,,,
3,28,28.000000,agent_4,actor_logits,0,1,2,7.022426,-0.200590,7.223016,0.005995,0.999271,7.022426,-0.200590,,,,,,
3,28,28.000000,agent_5,actor_logits,0,1,2,8.178225,-0.485585,8.663809,0.001669,0.999827,8.178225,-0.485585,,,,,,
3,30,30.000000,agent_0,actor_logits,0,1,3,5.874002,-15.306114,0.110271,0.691630,0.527540,5.874002,5.763731,-15.306114,,,,,
3,30,30.000000,agent_1,actor_logits,1,1,3,5.963938,-15.381227,0.283375,0.683209,0.570374,5.680563,5.963938,-15.381227,,,,,
3,30,30.000000,agent_2,actor_logits,0,1,3,5.980992,-15.394872,0.236053,0.686230,0.558741,5.980992,5.744939,-15.394872,,,,,
3,30,30.000000,agent_3,actor_logits,0,1,3,10.229115,-22.244846,1.543809,0.465246,0.824018,10.229115,8.685306,-22.244846,,,,,
3,30,30.000000,agent_4,actor_logits,0,1,3,10.194997,-22.193789,1.512765,0.472195,0.819471,10.194997,8.682232,-22.193789,,,,,
3,30,30.000000,agent_5,actor_logits,0,1,3,10.350352,-22.356352,1.495568,0.476043,0.816913,10.350352,8.854784,-22.356352,,,,,
3,32,32.000000,agent_0,actor_logits,0,1,3,8.949489,-10.988486,11.745974,0.000101,0.999992,8.949489,-2.796485,-10.988486,,,,,
3,32,32.000000,agent_1,actor_logits,1,1,3,5.843332,-14.344860,1.124626,0.556949,0.754846,4.718706,5.843332,-14.344860,,,,,
3,32,32.000000,agent_2,actor_logits,0,1,3,8.928259,-11.052178,11.649857,0.000110,0.999991,8.928259,-2.721597,-11.052178,,,,,
3,32,32.000000,agent_3,actor_logits,1,1,3,9.782623,-21.891935,2.022779,0.360565,0.883168,7.759845,9.782623,-21.891935,,,,,
3,32,32.000000,agent_4,actor_logits,1,1,3,9.795187,-21.818094,2.118737,0.340810,0.892711,7.676450,9.795187,-21.818094,,,,,
3,32,32.000000,agent_5,actor_logits,1,1,3,9.878879,-21.927004,2.062066,0.352410,0.887161,7.816813,9.878879,-21.927004,,,,,
3,34,34.000000,agent_0,actor_logits,0,1,3,14.706240,-10.184505,22.892509,0.000000,1.000000,14.706240,-8.186270,-10.184505,,,,,
3,34,34.000000,agent_1,actor_logits,0,1,4,7.965585,-15.373621,3.070825,0.288648,0.933191,7.965585,4.285041,-15.373621,4.894760,,,,
3,34,34.000000,agent_2,actor_logits,0,1,3,14.584129,-10.145144,22.705776,0.000000,1.000000,14.584129,-8.121647,-10.145144,,,,,
3,34,34.000000,agent_3,actor_logits,0,1,4,9.501150,-11.158446,0.313017,0.681055,0.577621,9.501150,-4.515275,-11.158446,9.188133,,,,
3,34,34.000000,agent_4,actor_logits,0,1,4,9.491995,-11.133815,0.299858,0.682040,0.574408,9.491995,-4.529508,-11.133815,9.192137,,,,
3,34,34.000000,agent_5,actor_logits,0,1,4,9.767841,-11.200355,0.757848,0.626205,0.680886,9.767841,-4.629209,-11.200355,9.009994,,,,
3,36,36.000000,agent_0,actor_logits,0,1,3,2.483498,-5.581255,4.712595,0.053702,0.990790,2.483498,-2.229096,-5.581255,,,,,
3,36,36.000000,agent_1,actor_logits,0,1,3,4.877048,-11.145675,3.360756,0.146858,0.966455,4.877048,1.516292,-11.145675,,,,,
3,36,36.000000,agent_2,actor_logits,0,1,3,2.513719,-5.619053,4.729679,0.052831,0.990959,2.513719,-2.215960,-5.619053,,,,,
3,36,36.000000,agent_3,actor_logits,1,1,4,13.449037,-15.869383,8.416096,0.002094,0.999778,-0.694622,13.449037,-15.869383,5.032940,,,,
3,36,36.000000,agent_4,actor_logits,1,1,4,13.389227,-15.847473,8.375961,0.002171,0.999769,-0.639294,13.389227,-15.847473,5.013266,,,,
3,36,36.000000,agent_5,actor_logits,1,1,4,13.426198,-15.955287,8.643848,0.001713,0.999823,-0.418749,13.426198,-15.955287,4.782350,,,,
3,38,38.000000,agent_0,actor_logits,0,1,3,-0.206521,-6.339868,0.790538,0.630997,0.686922,-0.206521,-0.997059,-6.339868,,,,,
3,38,38.000000,agent_1,actor_logits,1,1,3,0.015562,-5.018020,1.436379,0.519425,0.803663,-1.420817,0.015562,-5.018020,,,,,
3,38,38.000000,agent_2,actor_logits,0,1,3,-0.160557,-6.384713,0.844067,0.621082,0.698354,-0.160557,-1.004624,-6.384713,,,,,
3,38,38.000000,agent_3,actor_logits,0,1,3,9.839436,-17.501087,7.799395,0.003606,0.999590,9.839436,2.040040,-17.501087,,,,,
3,38,38.000000,agent_4,actor_logits,0,1,3,9.877197,-17.470289,7.894330,0.003315,0.999627,9.877197,1.982868,-17.470289,,,,,
3,38,38.000000,agent_5,actor_logits,0,1,3,10.149487,-17.530092,8.296090,0.002319,0.999751,10.149487,1.853397,-17.530092,,,,,
3,40,40.000000,agent_0,actor_logits,1,1,2,1.069709,-11.431063,12.500772,0.000050,0.999996,-11.431063,1.069709,,,,,,
3,40,40.000000,agent_1,actor_logits,1,1,3,2.146192,-4.827999,5.872688,0.026717,0.996263,-3.726496,2.146192,-4.827999,,,,,
3,40,40.000000,agent_2,actor_logits,1,1,2,1.055959,-11.412896,12.468856,0.000052,0.999996,-11.412896,1.055959,,,,,,
3,40,40.000000,agent_3,actor_logits,0,1,3,4.470748,-15.169965,1.278945,0.524020,0.782270,4.470748,3.191803,-15.169965,,,,,
3,40,40.000000,agent_4,actor_logits,0,1,3,4.480578,-15.148215,1.315969,0.515924,0.788510,4.480578,3.164609,-15.148215,,,,,
3,40,40.000000,agent_5,actor_logits,0,1,3,4.761479,-15.283868,1.532533,0.467771,0.822377,4.761479,3.228946,-15.283868,,,,,
3,42,42.000000,agent_0,actor_logits,1,1,3,7.446662,-7.786650,11.454071,0.000136,0.999989,-7.786650,7.446662,-4.007410,,,,,
3,42,42.000000,agent_1,actor_logits,0,1,4,3.328403,-4.130277,2.043887,0.373788,0.883150,3.328403,1.284516,-2.786562,-4.130277,,,,
3,42,42.000000,agent_2,actor_logits,1,1,3,7.475139,-7.793208,11.495934,0.000131,0.999990,-7.793208,7.475139,-4.020794,,,,,
3,42,42.000000,agent_3,actor_logits,1,1,3,7.057148,-9.842691,11.668127,0.000109,0.999991,-9.842691,7.057148,-4.610978,,,,,
3,42,42.000000,agent_4,actor_logits,1,1,3,7.020801,-9.789632,11.625356,0.000114,0.999991,-9.789632,7.020801,-4.604555,,,,,
3,42,42.000000,agent_5,actor_logits,1,1,3,7.110357,-9.591664,11.816140,0.000096,0.999993,-9.591664,7.110357,-4.705783,,,,,
3,44,44.000000,agent_0,actor_logits,2,1,4,5.768302,-12.362722,1.923045,0.539771,0.835865,3.845257,-12.362722,5.768302,2.776649,,,,
3,44,44.000000,agent_1,actor_logits,0,1,3,7.509468,-7.120668,9.756043,0.000630,0.999942,7.509468,-7.120668,-2.246576,,,,,
3,44,44.000000,agent_2,actor_logits,2,1,4,5.773332,-12.385387,1.884249,0.541913,0.833504,3.889083,-12.385387,5.773332,2.732825,,,,
3,44,44.000000,agent_3,actor_logits,2,1,4,7.123047,-12.217762,2.775233,0.236664,0.939538,0.917121,-12.217762,7.123047,4.347815,,,,
3,44,44.000000,agent_4,actor_logits,2,1,4,7.115546,-12.185808,2.736770,0.242192,0.937446,0.874912,-12.185808,7.115546,4.378776,,,,
3,44,44.000000,agent_5,actor_logits,2,1,4,6.972857,-12.083754,2.640958,0.259948,0.931365,0.940636,-12.083754,6.972857,4.331900,,,,
3,46,46.000000,agent_0,actor_logits,0,1,4,11.920515,-13.119429,8.786081,0.001529,0.999845,11.920515,-13.119429,-1.017313,3.134434,,,,
3,46,46.000000,agent_1,actor_logits,0,1,3,7.046846,-9.461533,6.509559,0.011168,0.998513,7.046846,-9.461533,0.537287,,,,,
3,46,46.000000,agent_2,actor_logits,0,1,4,11.950339,-13.105431,8.856283,0.001436,0.999855,11.950339,-13.105431,-1.031682,3.094056,,,,
3,46,46.000000,agent_3,actor_logits,0,1,4,10.192389,-12.291182,6.621473,0.010396,0.998648,10.192389,-12.291182,-0.515923,3.570917,,,,
3,46,46.000000,agent_4,actor_logits,0,1,4,10.173132,-12.274935,6.599056,0.010600,0.998618,10.173132,-12.274935,-0.516699,3.574076,,,,
3,46,46.000000,agent_5,actor_logits,0,1,4,10.223896,-12.156517,6.692636,0.009754,0.998743,10.223896,-12.156517,-0.643180,3.531260,,,,
3,48,48.000000,agent_0,actor_logits,1,1,3,4.543826,-6.707533,9.146254,0.001241,0.999880,-6.707533,4.543826,-4.602428,,,,,
3,48,48.000000,agent_1,actor_logits,2,1,3,10.483489,-13.139366,11.716983,0.000104,0.999992,-1.233494,-13.139366,10.483489,,,,,
3,48,48.000000,agent_2,actor_logits,1,1,3,4.560646,-6.691467,9.188253,0.001201,0.999885,-6.691467,4.560646,-4.627607,,,,,
3,48,48.000000,agent_3,actor_logits,1,1,3,5.553526,-7.944292,10.324244,0.000392,0.999966,-7.944292,5.553526,-4.770717,,,,,
3,48,48.000000,agent_4,actor_logits,1,1,3,5.558631,-7.945087,10.334579,0.000388,0.999966,-7.945087,5.558631,-4.775949,,,,,
3,48,48.000000,agent_5,actor_logits,1,1,3,5.600193,-7.862798,10.535013,0.000327,0.999972,-7.862798,5.600193,-4.934821,,,,,
3,50,50.000000,agent_0,actor_logits,2,1,3,4.640253,-9.105375,5.368784,0.029566,0.995361,-9.105375,-0.728531,4.640253,,,,,
3,50,50.000000,agent_1,actor_logits,1,1,4,3.575387,-7.443210,1.342344,0.811531,0.700072,-7.443210,3.575387,2.233044,1.786680,,,,
3,50,50.000000,agent_2,actor_logits,2,1,3,4.625268,-9.091840,5.348069,0.030084,0.995264,-9.091840,-0.722801,4.625268,,,,,
3,50,50.000000,agent_3,actor_logits,2,1,3,4.039809,-9.571969,4.445533,0.063225,0.988404,-9.571969,-0.405724,4.039809,,,,,
3,50,50.000000,agent_4,actor_logits,2,1,3,4.030738,-9.569862,4.434643,0.063783,0.988279,-9.569862,-0.403905,4.030738,,,,,
3,50,50.000000,agent_5,actor_logits,2,1,3,3.952731,-9.509628,4.342074,0.068709,0.987156,-9.509628,-0.389343,3.952731,,,,,
3,52,52.000000,agent_0,actor_logits,0,1,4,2.633858,-5.655696,0.714211,0.886673,0.608170,2.633858,-5.655696,1.919647,0.765956,,,,
3,52,52.000000,agent_1,actor_logits,0,1,4,3.879824,-5.847748,2.261143,0.453535,0.873976,3.879824,-5.847748,0.658584,1.618682,,,,
3,52,52.000000,agent_2,actor_logits,0,1,4,2.650138,-5.661009,0.734024,0.880673,0.613401,2.650138,-5.661009,1.916114,0.753261,,,,
3,52,52.000000,agent_3,actor_logits,0,1,4,2.542289,-5.014287,1.057916,0.797351,0.686297,2.542289,-5.014287,1.484373,0.329482,,,,
3,52,52.000000,agent_4,actor_logits,0,1,4,2.542307,-5.006648,1.064019,0.795765,0.687551,2.542307,-5.006648,1.478288,0.324467,,,,
3,52,52.000000,agent_5,actor_logits,0,1,4,2.566290,-4.986821,1.118676,0.779702,0.699239,2.566290,-4.986821,1.447614,0.292190,,,,
3,54,54.000000,agent_0,actor_logits,1,1,3,2.290005,-4.761356,6.068729,0.023263,0.996830,-4.761356,2.290005,-3.778724,,,,,
3,54,54.000000,agent_1,actor_logits,1,1,3,2.706178,-4.202518,6.858717,0.016124,0.997955,-4.152539,2.706178,-4.202518,,,,,
3,54,54.000000,agent_2,actor_logits,1,1,3,2.299270,-4.757424,6.083328,0.023028,0.996868,-4.757424,2.299270,-3.784058,,,,,
3,54,54.000000,agent_3,actor_logits,1,1,3,3.261566,-5.263014,7.666809,0.005944,0.999334,-5.263014,3.261566,-4.405242,,,,,
3,54,54.000000,agent_4,actor_logits,1,1,3,3.268979,-5.265460,7.680692,0.005878,0.999342,-5.265460,3.268979,-4.411714,,,,,
3,54,54.000000,agent_5,actor_logits,1,1,3,3.301205,-5.265459,7.746671,0.005598,0.999378,-5.265459,3.301205,-4.445467,,,,,
3,56,56.000000,agent_0,actor_logits,2,1,3,7.536821,-16.670738,4.142896,0.080500,0.984371,-16.670738,3.393926,7.536821,,,,,
3,56,56.000000,agent_1,actor_logits,2,1,3,7.549680,-16.409300,4.204405,0.076666,0.985290,-16.409300,3.345275,7.549680,,,,,
3,56,56.000000,agent_2,actor_logits,2,1,3,7.531631,-16.667185,4.133990,0.081070,0.984234,-16.667185,3.397641,7.531631,,,,,
3,56,56.000000,agent_3,actor_logits,2,1,3,6.863364,-17.011145,2.626925,0.246928,0.932574,-17.011145,4.236439,6.863364,,,,,
3,56,56.000000,agent_4,actor_logits,2,1,3,6.856607,-17.012695,2.613396,0.249170,0.931719,-17.012695,4.243212,6.856607,,,,,
3,56,56.000000,agent_5,actor_logits,2,1,3,6.826458,-17.017992,2.552800,0.259391,0.927761,-17.017992,4.273658,6.826458,,,,,
3,58,58.000000,agent_0,actor_logits,2,1,4,5.984577,-4.863752,0.832835,0.613806,0.696931,-4.464086,-4.863752,5.984577,5.151742,,,,
3,58,58.000000,agent_1,actor_logits,2,1,4,6.185789,-4.905904,1.233194,0.534269,0.774355,-4.529650,-4.905904,6.185789,4.952595,,,,
3,58,58.000000,agent_2,actor_logits,2,1,4,5.984732,-4.866769,0.841553,0.612270,0.698768,-4.455516,-4.866769,5.984732,5.143179,,,,
3,58,58.000000,agent_3,actor_logits,2,1,4,5.691598,-4.748740,0.770495,0.624686,0.683591,-4.230353,-4.748740,5.691598,4.921103,,,,
3,58,58.000000,agent_4,actor_logits,2,1,4,5.688790,-4.748407,0.768991,0.624939,0.683266,-4.227829,-4.748407,5.688790,4.919799,,,,
3,58,58.000000,agent_5,actor_logits,2,1,4,5.674750,-4.745940,0.754962,0.627267,0.680222,-4.218402,-4.745940,5.674750,4.919787,,,,
3,60,60.000000,agent_0,actor_logits,0,1,4,11.404380,-10.889648,8.838303,0.001453,0.999853,11.404380,-10.889648,-1.791343,2.566077,,,,
3,60,60.000000,agent_1,actor_logits,0,1,4,11.622263,-10.991070,9.161646,0.001087,0.999894,11.622263,-10.991070,-1.838941,2.460617,,,,
3,60,60.000000,agent_2,actor_logits,0,1,4,11.415258,-10.892332,8.855610,0.001431,0.999856,11.415258,-10.892332,-1.794344,2.559648,,,,
3,60,60.000000,agent_3,actor_logits,0,1,4,11.796065,-10.887878,9.396577,0.000876,0.999916,11.796065,-10.887878,-2.151581,2.399488,,,,
3,60,60.000000,agent_4,actor_logits,0,1,4,11.799629,-10.888464,9.401023,0.000872,0.999917,11.799629,-10.888464,-2.154498,2.398607,,,,
3,60,60.000000,agent_5,actor_logits,0,1,4,11.811980,-10.891199,9.413214,0.000863,0.999918,11.811980,-10.891199,-2.165612,2.398767,,,,
3,62,62.000000,agent_0,actor_logits,1,1,3,4.595777,-8.817533,6.292296,0.013493,0.998151,-8.817533,4.595777,-1.696519,,,,,
3,62,62.000000,agent_1,actor_logits,1,1,3,4.617140,-8.730930,6.381587,0.012496,0.998309,-8.730930,4.617140,-1.764446,,,,,
3,62,62.000000,agent_2,actor_logits,1,1,3,4.595450,-8.813695,6.292869,0.013486,0.998152,-8.813695,4.595450,-1.697419,,,,,
3,62,62.000000,agent_3,actor_logits,1,1,3,4.870564,-8.718769,6.877617,0.008129,0.998969,-8.718769,4.870564,-2.007053,,,,,
3,62,62.000000,agent_4,actor_logits,1,1,3,4.872484,-8.717319,6.882355,0.008096,0.998974,-8.717319,4.872484,-2.009871,,,,,
3,62,62.000000,agent_5,actor_logits,1,1,3,4.877345,-8.709583,6.896226,0.007999,0.998988,-8.709583,4.877345,-2.018881,,,,,
3,64,64.000000,agent_0,actor_logits,1,1,3,5.096617,-13.934743,0.271871,0.683993,0.567552,-13.934743,5.096617,4.824747,,,,,
3,64,64.000000,agent_1,actor_logits,1,1,3,5.137526,-13.917031,0.381704,0.675261,0.594284,-13.917031,5.137526,4.755822,,,,,
3,64,64.000000,agent_2,actor_logits,1,1,3,5.094761,-13.931334,0.270074,0.684112,0.567111,-13.931334,5.094761,4.824687,,,,,
3,64,64.000000,agent_3,actor_logits,1,1,3,5.343900,-13.899585,0.772299,0.623804,0.684018,-13.899585,5.343900,4.571601,,,,,
3,64,64.000000,agent_4,actor_logits,1,1,3,5.345240,-13.898882,0.775511,0.623267,0.684712,-13.898882,5.345240,4.569729,,,,,
3,64,64.000000,agent_5,actor_logits,1,1,3,5.349801,-13.896795,0.785455,0.621594,0.686855,-13.896795,5.349801,4.564346,,,,,
3,66,66.000000,agent_0,actor_logits,3,1,4,3.521675,-6.726937,0.792059,0.825845,0.641841,2.729616,-6.726937,1.268560,3.521675,,,,
3,66,66.000000,agent_1,actor_logits,3,1,4,3.582927,-6.694349,0.879207,0.798165,0.663536,2.703720,-6.694349,1.196204,3.582927,,,,
3,66,66.000000,agent_2,actor_logits,3,1,4,3.518222,-6.728065,0.785598,0.827144,0.640451,2.732624,-6.728065,1.269332,3.518222,,,,
3,66,66.000000,agent_3,actor_logits,3,1,4,3.362366,-6.719152,0.374003,0.851017,0.560103,2.988363,-6.719152,1.033118,3.362366,,,,
3,66,66.000000,agent_4,actor_logits,3,1,4,3.360838,-6.719396,0.370512,0.851178,0.559343,2.990326,-6.719396,1.031799,3.360838,,,,
3,66,66.000000,agent_5,actor_logits,3,1,4,3.357146,-6.718854,0.362527,0.851429,0.557631,2.994619,-6.718854,1.027644,3.357146,,,,
3,70,70.000000,agent_0,actor_logits,0,1,7,9.050423,-8.421329,8.338446,0.004845,0.999516,9.050423,-8.421329,-0.943539,-0.346869,0.711977,-0.868757,-0.558965,
3,70,70.000000,agent_1,actor_logits,0,1,7,9.055998,-8.358485,8.339267,0.004774,0.999524,9.055998,-8.358485,-1.005040,-0.378333,0.716731,-0.875282,-0.562006,
3,70,70.000000,agent_2,actor_logits,0,1,7,9.052622,-8.422981,8.340023,0.004837,0.999517,9.052622,-8.422981,-0.942802,-0.347641,0.712599,-0.868829,-0.558841,
3,70,70.000000,agent_3,actor_logits,0,1,7,9.092697,-8.181312,8.367504,0.004433,0.999559,9.092697,-8.181312,-1.120784,-0.584500,0.725193,-0.900581,-0.574898,
3,70,70.000000,agent_4,actor_logits,0,1,7,9.093014,-8.179794,8.368052,0.004430,0.999560,9.093014,-8.179794,-1.121951,-0.585971,0.724962,-0.900757,-0.575001,
3,70,70.000000,agent_5,actor_logits,0,1,7,9.093588,-8.174606,8.368726,0.004423,0.999561,9.093588,-8.174606,-1.125985,-0.589897,0.724862,-0.901302,-0.575272,
3,76,76.000000,agent_0,actor_logits,2,1,3,0.244529,-7.388625,2.810748,0.221787,0.942823,-7.388625,-2.566219,0.244529,,,,,
3,76,76.000000,agent_1,actor_logits,2,1,3,0.224491,-7.372221,2.792804,0.224621,0.941840,-7.372221,-2.568313,0.224491,,,,,
3,76,76.000000,agent_2,actor_logits,2,1,3,0.243921,-7.386904,2.810264,0.221867,0.942796,-7.386904,-2.566343,0.243921,,,,,
3,76,76.000000,agent_3,actor_logits,2,1,3,0.169683,-7.344088,2.714436,0.237048,0.937393,-7.344088,-2.544752,0.169683,,,,,
3,76,76.000000,agent_4,actor_logits,2,1,3,0.169594,-7.344570,2.714026,0.237111,0.937370,-7.344570,-2.544432,0.169594,,,,,
3,76,76.000000,agent_5,actor_logits,2,1,3,0.169037,-7.345701,2.712442,0.237359,0.937278,-7.345701,-2.543404,0.169037,,,,,
3,82,82.000000,agent_0,actor_logits,3,1,7,10.516883,-10.567886,4.666492,0.056727,0.990297,-10.567886,1.785948,1.567525,10.516883,5.850391,1.114879,-0.390505,
3,82,82.000000,agent_1,actor_logits,3,1,7,10.512310,-10.566315,4.659762,0.057035,0.990233,-10.566315,1.796703,1.556700,10.512310,5.852548,1.114238,-0.391128,
3,82,82.000000,agent_2,actor_logits,3,1,7,10.516789,-10.567726,4.666276,0.056736,0.990296,-10.567726,1.786173,1.567144,10.516789,5.850514,1.114856,-0.390498,
3,82,82.000000,agent_3,actor_logits,3,1,7,10.516517,-10.571655,4.658591,0.057079,0.990223,-10.571655,1.813491,1.542409,10.516517,5.857926,1.114889,-0.392664,
3,82,82.000000,agent_4,actor_logits,3,1,7,10.516583,-10.571649,4.658681,0.057075,0.990224,-10.571649,1.813362,1.542529,10.516583,5.857903,1.114905,-0.392664,
3,82,82.000000,agent_5,actor_logits,3,1,7,10.516684,-10.571814,4.658755,0.057071,0.990225,-10.571814,1.813393,1.542630,10.516684,5.857929,1.114928,-0.392686,
3,84,84.000000,agent_0,actor_logits,1,1,4,6.159162,-9.687798,1.969070,0.371977,0.877502,-5.228628,6.159162,4.190092,-9.687798,,,,
3,84,84.000000,agent_1,actor_logits,1,1,4,6.161171,-9.692372,1.979556,0.369761,0.878625,-5.223557,6.161171,4.181615,-9.692372,,,,
3,84,84.000000,agent_2,actor_logits,1,1,4,6.158998,-9.687718,1.968909,0.372011,0.877485,-5.228541,6.158998,4.190089,-9.687718,,,,
3,84,84.000000,agent_3,actor_logits,1,1,4,6.166273,-9.698759,1.986700,0.368254,0.879385,-5.226355,6.166273,4.179573,-9.698759,,,,
3,84,84.000000,agent_4,actor_logits,1,1,4,6.166309,-9.698785,1.986664,0.368261,0.879381,-5.226413,6.166309,4.179645,-9.698785,,,,
3,84,84.000000,agent_5,actor_logits,1,1,4,6.166480,-9.698917,1.986873,0.368217,0.879403,-5.226488,6.166480,4.179606,-9.698917,,,,
3,86,86.000000,agent_0,actor_logits,0,1,4,5.282176,-9.464385,2.410924,0.420601,0.887223,5.282176,1.995536,-9.464385,2.871252,,,,
3,86,86.000000,agent_1,actor_logits,0,1,4,5.291152,-9.472705,2.422275,0.417762,0.888299,5.291152,1.995042,-9.472705,2.868877,,,,
3,86,86.000000,agent_2,actor_logits,0,1,4,5.282215,-9.464351,2.410987,0.420578,0.887232,5.282215,1.995447,-9.464351,2.871228,,,,
3,86,86.000000,agent_3,actor_logits,0,1,4,5.292315,-9.473144,2.420662,0.417607,0.888312,5.292315,1.991882,-9.473144,2.871653,,,,
3,86,86.000000,agent_4,actor_logits,0,1,4,5.292260,-9.473073,2.420581,0.417624,0.888305,5.292260,1.991866,-9.473073,2.871679,,,,
3,86,86.000000,agent_5,actor_logits,0,1,4,5.292302,-9.473138,2.420615,0.417617,0.888308,5.292302,1.991890,-9.473138,2.871687,,,,
3,88,88.000000,agent_0,actor_logits,1,1,4,6.610335,-6.118718,4.861532,0.045133,0.992314,-5.850412,6.610335,1.748803,-6.118718,,,,
3,88,88.000000,agent_1,actor_logits,1,1,4,6.606336,-6.125185,4.859720,0.045201,0.992300,-5.839867,6.606336,1.746615,-6.125185,,,,
3,88,88.000000,agent_2,actor_logits,1,1,4,6.610300,-6.118854,4.861457,0.045136,0.992313,-5.850370,6.610300,1.748843,-6.118854,,,,
3,88,88.000000,agent_3,actor_logits,1,1,4,6.604118,-6.118111,4.858387,0.045251,0.992290,-5.839903,6.604118,1.745731,-6.118111,,,,
3,88,88.000000,agent_4,actor_logits,1,1,4,6.604128,-6.117995,4.858416,0.045250,0.992290,-5.839953,6.604128,1.745712,-6.117995,,,,
3,88,88.000000,agent_5,actor_logits,1,1,4,6.604113,-6.117890,4.858450,0.045249,0.992290,-5.839919,6.604113,1.745663,-6.117890,,,,
3,90,90.000000,agent_0,actor_logits,1,1,4,8.378442,-7.865151,5.700188,0.022519,0.996651,-2.779330,8.378442,-7.865151,2.678254,,,,
3,90,90.000000,agent_1,actor_logits,1,1,4,8.378355,-7.873536,5.700556,0.022514,0.996653,-2.769549,8.378355,-7.873536,2.677799,,,,
3,90,90.000000,agent_2,actor_logits,1,1,4,8.378429,-7.865257,5.700195,0.022519,0.996651,-2.779211,8.378429,-7.865257,2.678234,,,,
3,90,90.000000,agent_3,actor_logits,1,1,4,8.379679,-7.869674,5.702101,0.022484,0.996658,-2.774235,8.379679,-7.869674,2.677578,,,,
3,90,90.000000,agent_4,actor_logits,1,1,4,8.379675,-7.869568,5.702125,0.022483,0.996658,-2.774323,8.379675,-7.869568,2.677551,,,,
3,90,90.000000,agent_5,actor_logits,1,1,4,8.379693,-7.869506,5.702151,0.022483,0.996658,-2.774383,8.379693,-7.869506,2.677542,,,,
3,92,92.000000,agent_0,actor_logits,1,1,4,10.965111,-10.197178,7.349766,0.005369,0.999357,-3.971935,10.965111,-10.197178,3.615345,,,,
3,92,92.000000,agent_1,actor_logits,1,1,4,10.961763,-10.199739,7.347319,0.005380,0.999356,-3.965083,10.961763,-10.199739,3.614444,,,,
3,92,92.000000,agent_2,actor_logits,1,1,4,10.965057,-10.197268,7.349751,0.005369,0.999357,-3.971776,10.965057,-10.197268,3.615307,,,,
3,92,92.000000,agent_3,actor_logits,1,1,4,10.963203,-10.197643,7.347333,0.005380,0.999356,-3.969201,10.963203,-10.197643,3.615870,,,,
3,92,92.000000,agent_4,actor_logits,1,1,4,10.963215,-10.197585,7.347372,0.005380,0.999356,-3.969249,10.963215,-10.197585,3.615843,,,,
3,92,92.000000,agent_5,actor_logits,1,1,4,10.963244,-10.197527,7.347388,0.005380,0.999356,-3.969336,10.963244,-10.197527,3.615857,,,,
3,94,94.000000,agent_0,actor_logits,1,1,4,7.920936,-12.965980,2.274570,0.316718,0.905961,0.971166,7.920936,-12.965980,5.646367,,,,
3,94,94.000000,agent_1,actor_logits,1,1,4,7.918431,-12.968390,2.273888,0.316903,0.905896,0.977863,7.918431,-12.968390,5.644543,,,,
3,94,94.000000,agent_2,actor_logits,1,1,4,7.920887,-12.966086,2.274593,0.316715,0.905963,0.971378,7.920887,-12.966086,5.646294,,,,
3,94,94.000000,agent_3,actor_logits,1,1,4,7.919973,-12.965723,2.273293,0.316972,0.905852,0.971904,7.919973,-12.965723,5.646680,,,,
3,94,94.000000,agent_4,actor_logits,1,1,4,7.919958,-12.965670,2.273282,0.316974,0.905851,0.971866,7.919958,-12.965670,5.646676,,,,
3,94,94.000000,agent_5,actor_logits,1,1,4,7.919979,-12.965594,2.273259,0.316978,0.905849,0.971737,7.919979,-12.965594,5.646719,,,,
3,96,96.000000,agent_0,actor_logits,1,1,4,9.199643,-11.512757,4.819226,0.046976,0.991962,-1.205378,9.199643,-11.512757,4.380417,,,,
3,96,96.000000,agent_1,actor_logits,1,1,4,9.198477,-11.516708,4.819331,0.046975,0.991962,-1.198789,9.198477,-11.516708,4.379146,,,,
3,96,96.000000,agent_2,actor_logits,1,1,4,9.199594,-11.512890,4.819230,0.046976,0.991962,-1.205141,9.199594,-11.512890,4.380364,,,,
3,96,96.000000,agent_3,actor_logits,1,1,4,9.199934,-11.513535,4.819053,0.046983,0.991960,-1.205173,9.199934,-11.513535,4.380881,,,,
3,96,96.000000,agent_4,actor_logits,1,1,4,9.199903,-11.513453,4.819047,0.046983,0.991960,-1.205209,9.199903,-11.513453,4.380856,,,,
3,96,96.000000,agent_5,actor_logits,1,1,4,9.199926,-11.513363,4.819043,0.046983,0.991960,-1.205356,9.199926,-11.513363,4.380884,,,,
3,98,98.000000,agent_0,actor_logits,0,1,3,5.255589,-11.316105,5.459306,0.027388,0.995761,5.255589,-11.316105,-0.203718,,,,,
3,98,98.000000,agent_1,actor_logits,0,1,3,5.257995,-11.319416,5.460264,0.027366,0.995765,5.257995,-11.319416,-0.202268,,,,,
3,98,98.000000,agent_2,actor_logits,0,1,3,5.255690,-11.316243,5.459349,0.027387,0.995762,5.255690,-11.316243,-0.203659,,,,,
3,98,98.000000,agent_3,actor_logits,0,1,3,5.255058,-11.316027,5.458537,0.027406,0.995758,5.255058,-11.316027,-0.203479,,,,,
3,98,98.000000,agent_4,actor_logits,0,1,3,5.255080,-11.315989,5.458595,0.027404,0.995758,5.255080,-11.315989,-0.203515,,,,,
3,98,98.000000,agent_5,actor_logits,0,1,3,5.255021,-11.315900,5.458576,0.027405,0.995758,5.255021,-11.315900,-0.203555,,,,,
3,100,100.000000,agent_0,actor_logits,0,1,3,5.370280,-12.630415,2.337685,0.298002,0.911950,5.370280,3.032595,-12.630415,,,,,
3,100,100.000000,agent_1,actor_logits,0,1,3,5.375010,-12.631234,2.343662,0.296882,0.912429,5.375010,3.031348,-12.631234,,,,,
3,100,100.000000,agent_2,actor_logits,0,1,3,5.370476,-12.630422,2.337966,0.297950,0.911973,5.370476,3.032511,-12.630422,,,,,
3,100,100.000000,agent_3,actor_logits,0,1,3,5.370166,-12.630630,2.337185,0.298096,0.911910,5.370166,3.032981,-12.630630,,,,,
3,100,100.000000,agent_4,actor_logits,0,1,3,5.370095,-12.630631,2.337080,0.298116,0.911902,5.370095,3.033015,-12.630631,,,,,
3,100,100.000000,agent_5,actor_logits,0,1,3,5.369961,-12.630630,2.336887,0.298152,0.911886,5.369961,3.033074,-12.630630,,,,,
3,102,102.000000,agent_0,actor_logits,0,1,2,6.128727,-21.400005,27.528732,0.000000,1.000000,6.128727,-21.400005,,,,,,
3,102,102.000000,agent_1,actor_logits,0,1,2,6.132149,-21.399069,27.531218,0.000000,1.000000,6.132149,-21.399069,,,,,,
3,102,102.000000,agent_2,actor_logits,0,1,2,6.128874,-21.399961,27.528835,0.000000,1.000000,6.128874,-21.399961,,,,,,
3,102,102.000000,agent_3,actor_logits,0,1,2,6.128455,-21.400135,27.528589,0.000000,1.000000,6.128455,-21.400135,,,,,,
3,102,102.000000,agent_4,actor_logits,0,1,2,6.128449,-21.400139,27.528587,0.000000,1.000000,6.128449,-21.400139,,,,,,
3,102,102.000000,agent_5,actor_logits,0,1,2,6.128356,-21.400167,27.528524,0.000000,1.000000,6.128356,-21.400167,,,,,,
3,104,104.000000,agent_0,actor_logits,1,1,3,4.602271,-14.399640,1.987510,0.367961,0.879479,-14.399640,4.602271,2.614761,,,,,
3,104,104.000000,agent_1,actor_logits,1,1,3,4.604829,-14.398645,1.992220,0.366969,0.879978,-14.398645,4.604829,2.612609,,,,,
3,104,104.000000,agent_2,actor_logits,1,1,3,4.602369,-14.399587,1.987689,0.367923,0.879498,-14.399587,4.602369,2.614680,,,,,
3,104,104.000000,agent_3,actor_logits,1,1,3,4.602471,-14.399974,1.987808,0.367898,0.879511,-14.399974,4.602471,2.614664,,,,,
3,104,104.000000,agent_4,actor_logits,1,1,3,4.602438,-14.399963,1.987753,0.367910,0.879505,-14.399963,4.602438,2.614685,,,,,
3,104,104.000000,agent_5,actor_logits,1,1,3,4.602376,-14.399999,1.987637,0.367934,0.879493,-14.399999,4.602376,2.614738,,,,,
3,106,106.000000,agent_0,actor_logits,2,1,3,10.497521,-8.960428,18.917656,0.000000,1.000000,-8.420134,-8.960428,10.497521,,,,,
3,106,106.000000,agent_1,actor_logits,2,1,3,10.496440,-8.959288,18.915905,0.000000,1.000000,-8.419466,-8.959288,10.496440,,,,,
3,106,106.000000,agent_2,actor_logits,2,1,3,10.497484,-8.960384,18.917587,0.000000,1.000000,-8.420103,-8.960384,10.497484,,,,,
3,106,106.000000,agent_3,actor_logits,2,1,3,10.497306,-8.960303,18.917437,0.000000,1.000000,-8.420131,-8.960303,10.497306,,,,,
3,106,106.000000,agent_4,actor_logits,2,1,3,10.497325,-8.960317,18.917461,0.000000,1.000000,-8.420135,-8.960317,10.497325,,,,,
3,106,106.000000,agent_5,actor_logits,2,1,3,10.497352,-8.960344,18.917507,0.000000,1.000000,-8.420155,-8.960344,10.497352,,,,,
3,108,108.000000,agent_0,actor_logits,2,1,4,4.152375,-9.332023,0.085551,0.740117,0.516321,-9.332023,4.066823,4.152375,0.176987,,,,
3,108,108.000000,agent_1,actor_logits,2,1,4,4.151050,-9.333305,0.082180,0.740216,0.515484,-9.333305,4.068870,4.151050,0.178051,,,,
3,108,108.000000,agent_2,actor_logits,2,1,4,4.152326,-9.332072,0.085424,0.740121,0.516289,-9.332072,4.066902,4.152326,0.177028,,,,
3,108,108.000000,agent_3,actor_logits,2,1,4,4.152227,-9.332047,0.085268,0.740125,0.516251,-9.332047,4.066959,4.152227,0.177009,,,,
3,108,108.000000,agent_4,actor_logits,2,1,4,4.152252,-9.332014,0.085330,0.740122,0.516266,-9.332014,4.066922,4.152252,0.176982,,,,
3,108,108.000000,agent_5,actor_logits,2,1,4,4.152286,-9.331977,0.085417,0.740120,0.516288,-9.331977,4.066869,4.152286,0.176952,,,,
3,110,110.000000,agent_0,actor_logits,3,1,4,2.245986,-3.880136,0.118109,0.855944,0.504101,2.127876,-3.880136,-0.129771,2.245986,,,,
3,110,110.000000,agent_1,actor_logits,3,1,4,2.246578,-3.879001,0.119450,0.855857,0.504432,2.127128,-3.879001,-0.130359,2.246578,,,,
3,110,110.000000,agent_2,actor_logits,3,1,4,2.246010,-3.880092,0.118162,0.855940,0.504114,2.127848,-3.880092,-0.129795,2.246010,,,,
3,110,110.000000,agent_3,actor_logits,3,1,4,2.245951,-3.880030,0.118155,0.855948,0.504111,2.127796,-3.880030,-0.129788,2.245951,,,,
3,110,110.000000,agent_4,actor_logits,3,1,4,2.245932,-3.880054,0.118102,0.855949,0.504099,2.127830,-3.880054,-0.129784,2.245932,,,,
3,110,110.000000,agent_5,actor_logits,3,1,4,2.245913,-3.880084,0.118060,0.855951,0.504088,2.127853,-3.880084,-0.129770,2.245913,,,,
3,112,112.000000,agent_0,actor_logits,0,1,4,10.259526,-5.900224,9.235899,0.001003,0.999902,10.259526,-4.950625,-5.900224,1.023627,,,,
3,112,112.000000,agent_1,actor_logits,0,1,4,10.259245,-5.900370,9.235389,0.001004,0.999902,10.259245,-4.950379,-5.900370,1.023856,,,,
3,112,112.000000,agent_2,actor_logits,0,1,4,10.259518,-5.900229,9.235880,0.001003,0.999902,10.259518,-4.950617,-5.900229,1.023638,,,,
3,112,112.000000,agent_3,actor_logits,0,1,4,10.259476,-5.900261,9.235923,0.001003,0.999902,10.259476,-4.950519,-5.900261,1.023553,,,,
3,112,112.000000,agent_4,actor_logits,0,1,4,10.259503,-5.900267,9.235962,0.001003,0.999902,10.259503,-4.950526,-5.900267,1.023541,,,,
3,112,112.000000,agent_5,actor_logits,0,1,4,10.259516,-5.900267,9.235985,0.001003,0.999902,10.259516,-4.950531,-5.900267,1.023531,,,,
3,114,114.000000,agent_0,actor_logits,2,1,4,5.513364,-7.220828,5.822713,0.025872,0.996359,-0.309349,-1.762618,5.513364,-7.220828,,,,
3,114,114.000000,agent_1,actor_logits,2,1,4,5.513422,-7.220541,5.823042,0.025866,0.996360,-0.309620,-1.762600,5.513422,-7.220541,,,,
3,114,114.000000,agent_2,actor_logits,2,1,4,5.513367,-7.220813,5.822727,0.025871,0.996359,-0.309360,-1.762619,5.513367,-7.220813,,,,
3,114,114.000000,agent_3,actor_logits,2,1,4,5.513320,-7.220911,5.822686,0.025873,0.996359,-0.309365,-1.762516,5.513320,-7.220911,,,,
3,114,114.000000,agent_4,actor_logits,2,1,4,5.513313,-7.220918,5.822660,0.025873,0.996359,-0.309348,-1.762519,5.513313,-7.220918,,,,
3,114,114.000000,agent_5,actor_logits,2,1,4,5.513310,-7.220930,5.822648,0.025873,0.996358,-0.309337,-1.762518,5.513310,-7.220930,,,,
3,116,116.000000,agent_0,actor_logits,0,1,4,16.335466,-17.000891,15.161385,0.000005,1.000000,16.335466,-17.000891,-0.174778,1.174082,,,,
3,116,116.000000,agent_1,actor_logits,0,1,4,16.335121,-17.001013,15.160883,0.000005,1.000000,16.335121,-17.001013,-0.174489,1.174238,,,,
3,116,116.000000,agent_2,actor_logits,0,1,4,16.335451,-17.000898,15.161362,0.000005,1.000000,16.335451,-17.000898,-0.174764,1.174090,,,,
3,116,116.000000,agent_3,actor_logits,0,1,4,16.335455,-17.000826,15.161434,0.000005,1.000000,16.335455,-17.000826,-0.174818,1.174021,,,,
3,116,116.000000,agent_4,actor_logits,0,1,4,16.335459,-17.000826,15.161442,0.000005,1.000000,16.335459,-17.000826,-0.174820,1.174017,,,,
3,116,116.000000,agent_5,actor_logits,0,1,4,16.335470,-17.000822,15.161460,0.000005,1.000000,16.335470,-17.000822,-0.174828,1.174011,,,,
3,118,118.000000,agent_0,actor_logits,1,1,3,5.624936,-8.231061,7.885709,0.003355,0.999623,-2.260772,5.624936,-8.231061,,,,,
3,118,118.000000,agent_1,actor_logits,1,1,3,5.624968,-8.230735,7.886177,0.003353,0.999623,-2.261209,5.624968,-8.230735,,,,,
3,118,118.000000,agent_2,actor_logits,1,1,3,5.624934,-8.231046,7.885722,0.003355,0.999623,-2.260788,5.624934,-8.231046,,,,,
3,118,118.000000,agent_3,actor_logits,1,1,3,5.625100,-8.231148,7.885934,0.003354,0.999623,-2.260834,5.625100,-8.231148,,,,,
3,118,118.000000,agent_4,actor_logits,1,1,3,5.625096,-8.231158,7.885912,0.003354,0.999623,-2.260816,5.625096,-8.231158,,,,,
3,118,118.000000,agent_5,actor_logits,1,1,3,5.625098,-8.231170,7.885901,0.003354,0.999623,-2.260804,5.625098,-8.231170,,,,,
3,120,120.000000,agent_0,actor_logits,2,1,3,5.702315,-9.497911,7.952602,0.003152,0.999648,-2.250287,-9.497911,5.702315,,,,,
3,120,120.000000,agent_1,actor_logits,2,1,3,5.702625,-9.498045,7.953332,0.003150,0.999648,-2.250708,-9.498045,5.702625,,,,,
3,120,120.000000,agent_2,actor_logits,2,1,3,5.702330,-9.497920,7.952633,0.003152,0.999648,-2.250303,-9.497920,5.702330,,,,,
3,120,120.000000,agent_3,actor_logits,2,1,3,5.702258,-9.497822,7.952583,0.003152,0.999648,-2.250325,-9.497822,5.702258,,,,,
3,120,120.000000,agent_4,actor_logits,2,1,3,5.702253,-9.497828,7.952565,0.003152,0.999648,-2.250312,-9.497828,5.702253,,,,,
3,120,120.000000,agent_5,actor_logits,2,1,3,5.702243,-9.497822,7.952543,0.003152,0.999648,-2.250301,-9.497822,5.702243,,,,,
3,122,122.000000,agent_0,actor_logits,0,1,4,4.842806,-3.787393,2.329234,0.303498,0.910879,4.842806,-3.787393,-3.297015,2.513572,,,,
3,122,122.000000,agent_1,actor_logits,0,1,4,4.842707,-3.787847,2.328894,0.303562,0.910851,4.842707,-3.787847,-3.296608,2.513813,,,,
3,122,122.000000,agent_2,actor_logits,0,1,4,4.842803,-3.787411,2.329219,0.303501,0.910878,4.842803,-3.787411,-3.296999,2.513583,,,,
3,122,122.000000,agent_3,actor_logits,0,1,4,4.842781,-3.787337,2.329259,0.303493,0.910881,4.842781,-3.787337,-3.297018,2.513521,,,,
3,122,122.000000,agent_4,actor_logits,0,1,4,4.842776,-3.787328,2.329253,0.303494,0.910881,4.842776,-3.787328,-3.297021,2.513522,,,,
3,122,122.000000,agent_5,actor_logits,0,1,4,4.842777,-3.787313,2.329262,0.303493,0.910881,4.842777,-3.787313,-3.297033,2.513515,,,,
3,124,124.000000,agent_0,actor_logits,0,1,3,4.249339,-5.730965,6.738747,0.009661,0.998771,4.249339,-5.730965,-2.489408,,,,,
3,124,124.000000,agent_1,actor_logits,0,1,3,4.249143,-5.731155,6.738238,0.009665,0.998771,4.249143,-5.731155,-2.489095,,,,,
3,124,124.000000,agent_2,actor_logits,0,1,3,4.249331,-5.730974,6.738725,0.009661,0.998771,4.249331,-5.730974,-2.489394,,,,,
3,124,124.000000,agent_3,actor_logits,0,1,3,4.249342,-5.730919,6.738796,0.009661,0.998771,4.249342,-5.730919,-2.489454,,,,,
3,124,124.000000,agent_4,actor_logits,0,1,3,4.249344,-5.730917,6.738801,0.009661,0.998771,4.249344,-5.730917,-2.489457,,,,,
3,124,124.000000,agent_5,actor_logits,0,1,3,4.249350,-5.730911,6.738816,0.009660,0.998771,4.249350,-5.730911,-2.489466,,,,,
3,126,126.000000,agent_0,actor_logits,0,1,3,14.911104,-15.955873,15.281933,0.000004,1.000000,14.911104,-15.955873,-0.370829,,,,,
3,126,126.000000,agent_1,actor_logits,0,1,3,14.910893,-15.955996,15.281529,0.000004,1.000000,14.910893,-15.955996,-0.370636,,,,,
3,126,126.000000,agent_2,actor_logits,0,1,3,14.911094,-15.955875,15.281915,0.000004,1.000000,14.911094,-15.955875,-0.370821,,,,,
3,126,126.000000,agent_3,actor_logits,0,1,3,14.911160,-15.955927,15.281982,0.000004,1.000000,14.911160,-15.955927,-0.370823,,,,,
3,126,126.000000,agent_4,actor_logits,0,1,3,14.911160,-15.955923,15.281985,0.000004,1.000000,14.911160,-15.955923,-0.370825,,,,,
3,126,126.000000,agent_5,actor_logits,0,1,3,14.911165,-15.955919,15.281997,0.000004,1.000000,14.911165,-15.955919,-0.370831,,,,,
3,128,128.000000,agent_0,actor_logits,0,1,3,13.685724,-10.900559,20.397156,0.000000,1.000000,13.685724,-6.711432,-10.900559,,,,,
3,128,128.000000,agent_1,actor_logits,0,1,3,13.685709,-10.900413,20.397375,0.000000,1.000000,13.685709,-6.711667,-10.900413,,,,,
3,128,128.000000,agent_2,actor_logits,0,1,3,13.685722,-10.900554,20.397165,0.000000,1.000000,13.685722,-6.711442,-10.900554,,,,,
3,128,128.000000,agent_3,actor_logits,0,1,3,13.685715,-10.900578,20.397146,0.000000,1.000000,13.685715,-6.711432,-10.900578,,,,,
3,128,128.000000,agent_4,actor_logits,0,1,3,13.685715,-10.900577,20.397144,0.000000,1.000000,13.685715,-6.711429,-10.900577,,,,,
3,128,128.000000,agent_5,actor_logits,0,1,3,13.685715,-10.900581,20.397137,0.000000,1.000000,13.685715,-6.711422,-10.900581,,,,,
3,130,130.000000,agent_0,actor_logits,0,1,3,9.336647,-13.644326,8.635873,0.001711,0.999822,9.336647,-13.644326,0.700775,,,,,
3,130,130.000000,agent_1,actor_logits,0,1,3,9.336535,-13.644363,8.635704,0.001711,0.999822,9.336535,-13.644363,0.700831,,,,,
3,130,130.000000,agent_2,actor_logits,0,1,3,9.336643,-13.644328,8.635866,0.001711,0.999822,9.336643,-13.644328,0.700777,,,,,
3,130,130.000000,agent_3,actor_logits,0,1,3,9.336643,-13.644327,8.635875,0.001711,0.999822,9.336643,-13.644327,0.700768,,,,,
3,130,130.000000,agent_4,actor_logits,0,1,3,9.336643,-13.644326,8.635875,0.001711,0.999822,9.336643,-13.644326,0.700769,,,,,
3,130,130.000000,agent_5,actor_logits,0,1,3,9.336645,-13.644325,8.635879,0.001711,0.999822,9.336645,-13.644325,0.700767,,,,,
3,132,132.000000,agent_0,actor_logits,2,1,3,6.852693,-14.742190,1.200217,0.541006,0.768563,5.652476,-14.742190,6.852693,,,,,
3,132,132.000000,agent_1,actor_logits,2,1,3,6.852762,-14.742124,1.200355,0.540977,0.768588,5.652407,-14.742124,6.852762,,,,,
3,132,132.000000,agent_2,actor_logits,2,1,3,6.852696,-14.742188,1.200223,0.541005,0.768565,5.652473,-14.742188,6.852696,,,,,
3,132,132.000000,agent_3,actor_logits,2,1,3,6.852692,-14.742193,1.200222,0.541005,0.768564,5.652470,-14.742193,6.852692,,,,,
3,132,132.000000,agent_4,actor_logits,2,1,3,6.852692,-14.742193,1.200221,0.541006,0.768564,5.652471,-14.742193,6.852692,,,,,
3,132,132.000000,agent_5,actor_logits,2,1,3,6.852690,-14.742196,1.200218,0.541006,0.768564,5.652472,-14.742196,6.852690,,,,,
3,134,134.000000,agent_0,actor_logits,1,1,4,6.485471,-8.681793,3.011649,0.193064,0.952677,-8.681793,6.485471,-1.191216,3.473822,,,,
3,134,134.000000,agent_1,actor_logits,1,1,4,6.485373,-8.681713,3.011571,0.193075,0.952673,-8.681713,6.485373,-1.191162,3.473803,,,,
3,134,134.000000,agent_2,actor_logits,1,1,4,6.485467,-8.681789,3.011648,0.193065,0.952676,-8.681789,6.485467,-1.191214,3.473820,,,,
3,134,134.000000,agent_3,actor_logits,1,1,4,6.485465,-8.681805,3.011618,0.193069,0.952675,-8.681805,6.485465,-1.191211,3.473847,,,,
3,134,134.000000,agent_4,actor_logits,1,1,4,6.485466,-8.681806,3.011620,0.193068,0.952675,-8.681806,6.485466,-1.191211,3.473846,,,,
3,134,134.000000,agent_5,actor_logits,1,1,4,6.485468,-8.681808,3.011622,0.193068,0.952675,-8.681808,6.485468,-1.191213,3.473847,,,,
3,136,136.000000,agent_0,actor_logits,1,1,3,2.048435,-4.490795,6.453820,0.022571,0.996989,-4.405385,2.048435,-4.490795,,,,,
3,136,136.000000,agent_1,actor_logits,1,1,3,2.048380,-4.490758,6.453724,0.022573,0.996989,-4.405344,2.048380,-4.490758,,,,,
3,136,136.000000,agent_2,actor_logits,1,1,3,2.048432,-4.490793,6.453814,0.022571,0.996989,-4.405382,2.048432,-4.490793,,,,,
3,136,136.000000,agent_3,actor_logits,1,1,3,2.048437,-4.490797,6.453825,0.022571,0.996989,-4.405388,2.048437,-4.490797,,,,,
3,136,136.000000,agent_4,actor_logits,1,1,3,2.048438,-4.490798,6.453827,0.022571,0.996989,-4.405389,2.048438,-4.490798,,,,,
3,136,136.000000,agent_5,actor_logits,1,1,3,2.048439,-4.490798,6.453828,0.022571,0.996989,-4.405389,2.048439,-4.490798,,,,,
3,138,138.000000,agent_0,actor_logits,0,1,4,5.308382,-8.042942,3.114764,0.213784,0.951297,5.308382,-8.042942,0.318421,2.193617,,,,
3,138,138.000000,agent_1,actor_logits,0,1,4,5.308444,-8.042993,3.114805,0.213776,0.951299,5.308444,-8.042993,0.318410,2.193638,,,,
3,138,138.000000,agent_2,actor_logits,0,1,4,5.308384,-8.042943,3.114766,0.213784,0.951297,5.308384,-8.042943,0.318419,2.193619,,,,
3,138,138.000000,agent_3,actor_logits,0,1,4,5.308381,-8.042952,3.114756,0.213785,0.951297,5.308381,-8.042952,0.318426,2.193625,,,,
3,138,138.000000,agent_4,actor_logits,0,1,4,5.308382,-8.042951,3.114757,0.213785,0.951297,5.308382,-8.042951,0.318425,2.193624,,,,
3,138,138.000000,agent_5,actor_logits,0,1,4,5.308378,-8.042950,3.114753,0.213786,0.951296,5.308378,-8.042950,0.318426,2.193625,,,,
3,140,140.000000,agent_0,actor_logits,0,1,3,14.842919,-14.437695,20.599003,0.000000,1.000000,14.842919,-5.756083,-14.437695,,,,,
3,140,140.000000,agent_1,actor_logits,0,1,3,14.842907,-14.437671,20.599007,0.000000,1.000000,14.842907,-5.756100,-14.437671,,,,,
3,140,140.000000,agent_2,actor_logits,0,1,3,14.842919,-14.437693,20.599003,0.000000,1.000000,14.842919,-5.756084,-14.437693,,,,,
3,140,140.000000,agent_3,actor_logits,0,1,3,14.842919,-14.437690,20.599009,0.000000,1.000000,14.842919,-5.756089,-14.437690,,,,,
3,140,140.000000,agent_4,actor_logits,0,1,3,14.842920,-14.437690,20.599010,0.000000,1.000000,14.842920,-5.756090,-14.437690,,,,,
3,140,140.000000,agent_5,actor_logits,0,1,3,14.842920,-14.437690,20.599009,0.000000,1.000000,14.842920,-5.756089,-14.437690,,,,,
3,142,142.000000,agent_0,actor_logits,0,1,2,-6.892826,-7.530344,0.637518,0.644813,0.654192,-6.892826,-7.530344,,,,,,
3,142,142.000000,agent_1,actor_logits,0,1,2,-6.892830,-7.530361,0.637531,0.644811,0.654195,-6.892830,-7.530361,,,,,,
3,142,142.000000,agent_2,actor_logits,0,1,2,-6.892826,-7.530345,0.637520,0.644813,0.654193,-6.892826,-7.530345,,,,,,
3,142,142.000000,agent_3,actor_logits,0,1,2,-6.892825,-7.530350,0.637525,0.644812,0.654194,-6.892825,-7.530350,,,,,,
3,142,142.000000,agent_4,actor_logits,0,1,2,-6.892825,-7.530350,0.637526,0.644812,0.654194,-6.892825,-7.530350,,,,,,
3,142,142.000000,agent_5,actor_logits,0,1,2,-6.892826,-7.530349,0.637524,0.644812,0.654194,-6.892826,-7.530349,,,,,,
3,144,144.000000,agent_0,actor_logits,1,1,3,-0.208412,-4.699139,3.060140,0.239643,0.945096,-3.268553,-0.208412,-4.699139,,,,,
3,144,144.000000,agent_1,actor_logits,1,1,3,-0.208402,-4.699112,3.060176,0.239639,0.945097,-3.268578,-0.208402,-4.699112,,,,,
3,144,144.000000,agent_2,actor_logits,1,1,3,-0.208413,-4.699137,3.060140,0.239643,0.945096,-3.268553,-0.208413,-4.699137,,,,,
3,144,144.000000,agent_3,actor_logits,1,1,3,-0.208400,-4.699126,3.060174,0.239638,0.945097,-3.268574,-0.208400,-4.699126,,,,,
3,144,144.000000,agent_4,actor_logits,1,1,3,-0.208401,-4.699127,3.060169,0.239639,0.945097,-3.268571,-0.208401,-4.699127,,,,,
3,144,144.000000,agent_5,actor_logits,1,1,3,-0.208401,-4.699127,3.060171,0.239639,0.945097,-3.268572,-0.208401,-4.699127,,,,,
3,146,146.000000,agent_0,actor_logits,2,1,3,8.036204,-21.138418,3.860564,0.100450,0.979378,-21.138418,4.175640,8.036204,,,,,
3,146,146.000000,agent_1,actor_logits,2,1,3,8.036231,-21.138433,3.860594,0.100447,0.979379,-21.138433,4.175637,8.036231,,,,,
3,146,146.000000,agent_2,actor_logits,2,1,3,8.036206,-21.138418,3.860567,0.100449,0.979378,-21.138418,4.175640,8.036206,,,,,
3,146,146.000000,agent_3,actor_logits,2,1,3,8.036219,-21.138432,3.860580,0.100448,0.979378,-21.138432,4.175639,8.036219,,,,,
3,146,146.000000,agent_4,actor_logits,2,1,3,8.036216,-21.138430,3.860577,0.100449,0.979378,-21.138430,4.175639,8.036216,,,,,
3,146,146.000000,agent_5,actor_logits,2,1,3,8.036216,-21.138430,3.860577,0.100449,0.979378,-21.138430,4.175639,8.036216,,,,,
3,148,148.000000,agent_0,actor_logits,3,1,4,8.923635,-12.404362,4.585525,0.062147,0.989217,-12.404362,4.338109,1.662560,8.923635,,,,
3,148,148.000000,agent_1,actor_logits,3,1,4,8.923623,-12.404329,4.585560,0.062146,0.989217,-12.404329,4.338063,1.662584,8.923623,,,,
3,148,148.000000,agent_2,actor_logits,3,1,4,8.923635,-12.404361,4.585527,0.062147,0.989217,-12.404361,4.338108,1.662561,8.923635,,,,
3,148,148.000000,agent_3,actor_logits,3,1,4,8.923631,-12.404351,4.585542,0.062147,0.989217,-12.404351,4.338089,1.662573,8.923631,,,,
3,148,148.000000,agent_4,actor_logits,3,1,4,8.923630,-12.404352,4.585537,0.062147,0.989217,-12.404352,4.338092,1.662571,8.923630,,,,
3,148,148.000000,agent_5,actor_logits,3,1,4,8.923631,-12.404352,4.585539,0.062147,0.989217,-12.404352,4.338092,1.662571,8.923631,,,,
3,150,150.000000,agent_0,actor_logits,3,1,4,6.130095,-8.501975,1.736598,0.445380,0.847066,0.710039,4.393497,-8.501975,6.130095,,,,
3,150,150.000000,agent_1,actor_logits,3,1,4,6.130089,-8.501947,1.736651,0.445369,0.847072,0.710079,4.393437,-8.501947,6.130089,,,,
3,150,150.000000,agent_2,actor_logits,3,1,4,6.130095,-8.501975,1.736599,0.445379,0.847066,0.710040,4.393496,-8.501975,6.130095,,,,
3,150,150.000000,agent_3,actor_logits,3,1,4,6.130090,-8.501966,1.736618,0.445376,0.847068,0.710057,4.393472,-8.501966,6.130090,,,,
3,150,150.000000,agent_4,actor_logits,3,1,4,6.130090,-8.501968,1.736613,0.445377,0.847068,0.710055,4.393477,-8.501968,6.130090,,,,
3,150,150.000000,agent_5,actor_logits,3,1,4,6.130091,-8.501967,1.736614,0.445376,0.847068,0.710055,4.393476,-8.501967,6.130091,,,,
3,152,152.000000,agent_0,actor_logits,1,1,4,5.246722,-4.488686,2.477709,0.275119,0.922303,-3.056292,5.246722,-4.488686,2.769014,,,,
3,152,152.000000,agent_1,actor_logits,1,1,4,5.246691,-4.488658,2.477682,0.275124,0.922301,-3.056278,5.246691,-4.488658,2.769009,,,,
3,152,152.000000,agent_2,actor_logits,1,1,4,5.246722,-4.488685,2.477708,0.275119,0.922303,-3.056292,5.246722,-4.488685,2.769013,,,,
3,152,152.000000,agent_3,actor_logits,1,1,4,5.246708,-4.488673,2.477697,0.275121,0.922302,-3.056285,5.246708,-4.488673,2.769011,,,,
3,152,152.000000,agent_4,actor_logits,1,1,4,5.246710,-4.488676,2.477698,0.275121,0.922302,-3.056287,5.246710,-4.488676,2.769012,,,,
3,152,152.000000,agent_5,actor_logits,1,1,4,5.246710,-4.488675,2.477699,0.275120,0.922303,-3.056286,5.246710,-4.488675,2.769011,,,,
3,154,154.000000,agent_0,actor_logits,1,1,4,7.337011,-11.344431,3.595706,0.128872,0.972601,3.741305,7.337011,-11.344431,0.113563,,,,
3,154,154.000000,agent_1,actor_logits,1,1,4,7.336977,-11.344411,3.595661,0.128877,0.972600,3.741316,7.336977,-11.344411,0.113574,,,,
3,154,154.000000,agent_2,actor_logits,1,1,4,7.337009,-11.344431,3.595704,0.128872,0.972601,3.741305,7.337009,-11.344431,0.113563,,,,
3,154,154.000000,agent_3,actor_logits,1,1,4,7.336994,-11.344420,3.595683,0.128875,0.972601,3.741311,7.336994,-11.344420,0.113567,,,,
3,154,154.000000,agent_4,actor_logits,1,1,4,7.336998,-11.344424,3.595687,0.128874,0.972601,3.741311,7.336998,-11.344424,0.113565,,,,
3,154,154.000000,agent_5,actor_logits,1,1,4,7.336996,-11.344423,3.595685,0.128874,0.972601,3.741311,7.336996,-11.344423,0.113566,,,,
3,156,156.000000,agent_0,actor_logits,0,1,3,9.459590,-10.460035,11.936921,0.000085,0.999993,9.459590,-10.460035,-2.477331,,,,,
3,156,156.000000,agent_1,actor_logits,0,1,3,9.459575,-10.460022,11.936902,0.000085,0.999993,9.459575,-10.460022,-2.477328,,,,,
3,156,156.000000,agent_2,actor_logits,0,1,3,9.459589,-10.460033,11.936921,0.000085,0.999993,9.459589,-10.460033,-2.477332,,,,,
3,156,156.000000,agent_3,actor_logits,0,1,3,9.459581,-10.460028,11.936910,0.000085,0.999993,9.459581,-10.460028,-2.477328,,,,,
3,156,156.000000,agent_4,actor_logits,0,1,3,9.459583,-10.460030,11.936913,0.000085,0.999993,9.459583,-10.460030,-2.477329,,,,,
3,156,156.000000,agent_5,actor_logits,0,1,3,9.459584,-10.460030,11.936913,0.000085,0.999993,9.459584,-10.460030,-2.477328,,,,,
3,158,158.000000,agent_0,actor_logits,1,1,3,7.191523,-7.360314,12.406977,0.000062,0.999995,-7.360314,7.191523,-5.215455,,,,,
3,158,158.000000,agent_1,actor_logits,1,1,3,7.191525,-7.360301,12.406984,0.000062,0.999995,-7.360301,7.191525,-5.215459,,,,,
3,158,158.000000,agent_2,actor_logits,1,1,3,7.191523,-7.360315,12.406977,0.000062,0.999995,-7.360315,7.191523,-5.215454,,,,,
3,158,158.000000,agent_3,actor_logits,1,1,3,7.191524,-7.360309,12.406979,0.000062,0.999995,-7.360309,7.191524,-5.215455,,,,,
3,158,158.000000,agent_4,actor_logits,1,1,3,7.191524,-7.360309,12.406980,0.000062,0.999995,-7.360309,7.191524,-5.215456,,,,,
3,158,158.000000,agent_5,actor_logits,1,1,3,7.191524,-7.360309,12.406979,0.000062,0.999995,-7.360309,7.191524,-5.215455,,,,,
3,160,160.000000,agent_0,actor_logits,0,1,4,6.544278,-12.988231,2.408237,0.370046,0.900919,6.544278,2.632425,-12.988231,4.136042,,,,
3,160,160.000000,agent_1,actor_logits,0,1,4,6.544292,-12.988238,2.408254,0.370042,0.900921,6.544292,2.632421,-12.988238,4.136038,,,,
3,160,160.000000,agent_2,actor_logits,0,1,4,6.544277,-12.988231,2.408235,0.370047,0.900919,6.544277,2.632426,-12.988231,4.136042,,,,
3,160,160.000000,agent_3,actor_logits,0,1,4,6.544283,-12.988235,2.408244,0.370045,0.900920,6.544283,2.632425,-12.988235,4.136040,,,,
3,160,160.000000,agent_4,actor_logits,0,1,4,6.544283,-12.988235,2.408243,0.370045,0.900920,6.544283,2.632425,-12.988235,4.136040,,,,
3,160,160.000000,agent_5,actor_logits,0,1,4,6.544283,-12.988235,2.408243,0.370045,0.900920,6.544283,2.632425,-12.988235,4.136041,,,,
3,162,162.000000,agent_0,actor_logits,3,1,4,6.731666,-9.960656,2.134702,0.344370,0.893441,-9.960656,4.596964,-0.188267,6.731666,,,,
3,162,162.000000,agent_1,actor_logits,3,1,4,6.731663,-9.960650,2.134698,0.344371,0.893441,-9.960650,4.596965,-0.188271,6.731663,,,,
3,162,162.000000,agent_2,actor_logits,3,1,4,6.731667,-9.960656,2.134702,0.344370,0.893441,-9.960656,4.596964,-0.188267,6.731667,,,,
3,162,162.000000,agent_3,actor_logits,3,1,4,6.731665,-9.960653,2.134699,0.344371,0.893441,-9.960653,4.596966,-0.188271,6.731665,,,,
3,162,162.000000,agent_4,actor_logits,3,1,4,6.731665,-9.960653,2.134699,0.344371,0.893441,-9.960653,4.596966,-0.188271,6.731665,,,,
3,162,162.000000,agent_5,actor_logits,3,1,4,6.731666,-9.960654,2.134699,0.344371,0.893441,-9.960654,4.596966,-0.188270,6.731666,,,,
3,164,164.000000,agent_0,actor_logits,1,1,4,7.381871,-9.550187,3.844706,0.103874,0.978825,-0.949645,7.381871,-9.550187,3.537166,,,,
3,164,164.000000,agent_1,actor_logits,1,1,4,7.381869,-9.550189,3.844706,0.103874,0.978825,-0.949640,7.381869,-9.550189,3.537163,,,,
3,164,164.000000,agent_2,actor_logits,1,1,4,7.381871,-9.550187,3.844705,0.103874,0.978825,-0.949646,7.381871,-9.550187,3.537165,,,,
3,164,164.000000,agent_3,actor_logits,1,1,4,7.381872,-9.550189,3.844707,0.103874,0.978825,-0.949644,7.381872,-9.550189,3.537165,,,,
3,164,164.000000,agent_4,actor_logits,1,1,4,7.381873,-9.550189,3.844708,0.103874,0.978825,-0.949645,7.381873,-9.550189,3.537165,,,,
3,164,164.000000,agent_5,actor_logits,1,1,4,7.381872,-9.550189,3.844707,0.103874,0.978825,-0.949645,7.381872,-9.550189,3.537166,,,,
3,166,166.000000,agent_0,actor_logits,0,1,3,10.722959,-12.381875,12.167830,0.000068,0.999995,10.722959,-12.381875,-1.444872,,,,,
3,166,166.000000,agent_1,actor_logits,0,1,3,10.722960,-12.381872,12.167833,0.000068,0.999995,10.722960,-12.381872,-1.444872,,,,,
3,166,166.000000,agent_2,actor_logits,0,1,3,10.722959,-12.381874,12.167830,0.000068,0.999995,10.722959,-12.381874,-1.444872,,,,,
3,166,166.000000,agent_3,actor_logits,0,1,3,10.722958,-12.381873,12.167830,0.000068,0.999995,10.722958,-12.381873,-1.444872,,,,,
3,166,166.000000,agent_4,actor_logits,0,1,3,10.722960,-12.381874,12.167832,0.000068,0.999995,10.722960,-12.381874,-1.444872,,,,,
3,166,166.000000,agent_5,actor_logits,0,1,3,10.722958,-12.381874,12.167830,0.000068,0.999995,10.722958,-12.381874,-1.444872,,,,,
3,168,168.000000,agent_0,actor_logits,0,1,3,17.654444,-14.515000,21.767277,0.000000,1.000000,17.654444,-4.112833,-14.515000,,,,,
3,168,168.000000,agent_1,actor_logits,0,1,3,17.654444,-14.514998,21.767275,0.000000,1.000000,17.654444,-4.112831,-14.514998,,,,,
3,168,168.000000,agent_2,actor_logits,0,1,3,17.654444,-14.515000,21.767277,0.000000,1.000000,17.654444,-4.112832,-14.515000,,,,,
3,168,168.000000,agent_3,actor_logits,0,1,3,17.654444,-14.515000,21.767275,0.000000,1.000000,17.654444,-4.112831,-14.515000,,,,,
3,168,168.000000,agent_4,actor_logits,0,1,3,17.654444,-14.515000,21.767275,0.000000,1.000000,17.654444,-4.112832,-14.515000,,,,,
3,168,168.000000,agent_5,actor_logits,0,1,3,17.654444,-14.514998,21.767275,0.000000,1.000000,17.654444,-4.112831,-14.514998,,,,,
3,170,170.000000,agent_0,actor_logits,0,1,2,-3.061288,-6.642169,3.580881,0.124500,0.972904,-3.061288,-6.642169,,,,,,
3,170,170.000000,agent_1,actor_logits,0,1,2,-3.061289,-6.642169,3.580880,0.124500,0.972903,-3.061289,-6.642169,,,,,,
3,170,170.000000,agent_2,actor_logits,0,1,2,-3.061289,-6.642169,3.580881,0.124500,0.972904,-3.061289,-6.642169,,,,,,
3,170,170.000000,agent_3,actor_logits,0,1,2,-3.061290,-6.642170,3.580880,0.124500,0.972903,-3.061290,-6.642170,,,,,,
3,170,170.000000,agent_4,actor_logits,0,1,2,-3.061290,-6.642170,3.580880,0.124500,0.972903,-3.061290,-6.642170,,,,,,
3,170,170.000000,agent_5,actor_logits,0,1,2,-3.061290,-6.642170,3.580881,0.124500,0.972904,-3.061290,-6.642170,,,,,,
3,172,172.000000,agent_0,actor_logits,0,1,3,5.385826,-10.098872,6.800233,0.008680,0.998887,5.385826,-1.414408,-10.098872,,,,,
3,172,172.000000,agent_1,actor_logits,0,1,3,5.385825,-10.098871,6.800233,0.008680,0.998887,5.385825,-1.414408,-10.098871,,,,,
3,172,172.000000,agent_2,actor_logits,0,1,3,5.385826,-10.098872,6.800232,0.008680,0.998887,5.385826,-1.414407,-10.098872,,,,,
3,172,172.000000,agent_3,actor_logits,0,1,3,5.385825,-10.098871,6.800233,0.008680,0.998887,5.385825,-1.414408,-10.098871,,,,,
3,172,172.000000,agent_4,actor_logits,0,1,3,5.385825,-10.098872,6.800233,0.008680,0.998887,5.385825,-1.414408,-10.098872,,,,,
3,172,172.000000,agent_5,actor_logits,0,1,3,5.385826,-10.098872,6.800233,0.008680,0.998887,5.385826,-1.414408,-10.098872,,,,,
3,174,174.000000,agent_0,actor_logits,1,1,2,-3.805362,-11.966633,8.161271,0.002615,0.999715,-11.966633,-3.805362,,,,,,
3,174,174.000000,agent_1,actor_logits,1,1,2,-3.805362,-11.966633,8.161271,0.002615,0.999715,-11.966633,-3.805362,,,,,,
3,174,174.000000,agent_2,actor_logits,1,1,2,-3.805361,-11.966633,8.161272,0.002615,0.999715,-11.966633,-3.805361,,,,,,
3,174,174.000000,agent_3,actor_logits,1,1,2,-3.805363,-11.966633,8.161270,0.002615,0.999715,-11.966633,-3.805363,,,,,,
3,174,174.000000,agent_4,actor_logits,1,1,2,-3.805362,-11.966633,8.161271,0.002615,0.999715,-11.966633,-3.805362,,,,,,
3,174,174.000000,agent_5,actor_logits,1,1,2,-3.805362,-11.966633,8.161271,0.002615,0.999715,-11.966633,-3.805362,,,,,,
3,176,176.000000,agent_0,actor_logits,2,1,3,3.809264,-12.844238,2.888192,0.206507,0.947260,-12.844238,0.921073,3.809264,,,,,
3,176,176.000000,agent_1,actor_logits,2,1,3,3.809266,-12.844236,2.888195,0.206507,0.947260,-12.844236,0.921071,3.809266,,,,,
3,176,176.000000,agent_2,actor_logits,2,1,3,3.809264,-12.844238,2.888191,0.206508,0.947259,-12.844238,0.921073,3.809264,,,,,
3,176,176.000000,agent_3,actor_logits,2,1,3,3.809265,-12.844236,2.888193,0.206507,0.947260,-12.844236,0.921072,3.809265,,,,,
3,176,176.000000,agent_4,actor_logits,2,1,3,3.809265,-12.844237,2.888193,0.206507,0.947260,-12.844237,0.921072,3.809265,,,,,
3,176,176.000000,agent_5,actor_logits,2,1,3,3.809264,-12.844237,2.888192,0.206507,0.947260,-12.844237,0.921072,3.809264,,,,,
3,178,178.000000,agent_0,actor_logits,2,1,3,7.516413,-11.384652,9.400908,0.000860,0.999917,-11.384652,-1.884495,7.516413,,,,,
3,178,178.000000,agent_1,actor_logits,2,1,3,7.516415,-11.384651,9.400911,0.000860,0.999917,-11.384651,-1.884496,7.516415,,,,,
3,178,178.000000,agent_2,actor_logits,2,1,3,7.516413,-11.384651,9.400908,0.000860,0.999917,-11.384651,-1.884495,7.516413,,,,,
3,178,178.000000,agent_3,actor_logits,2,1,3,7.516414,-11.384651,9.400909,0.000860,0.999917,-11.384651,-1.884495,7.516414,,,,,
3,178,178.000000,agent_4,actor_logits,2,1,3,7.516413,-11.384651,9.400908,0.000860,0.999917,-11.384651,-1.884496,7.516413,,,,,
3,178,178.000000,agent_5,actor_logits,2,1,3,7.516414,-11.384651,9.400909,0.000860,0.999917,-11.384651,-1.884495,7.516414,,,,,
3,180,180.000000,agent_0,actor_logits,2,1,3,6.239820,-10.307676,6.001839,0.017285,0.997532,-10.307676,0.237980,6.239820,,,,,
3,180,180.000000,agent_1,actor_logits,2,1,3,6.239820,-10.307676,6.001842,0.017285,0.997532,-10.307676,0.237979,6.239820,,,,,
3,180,180.000000,agent_2,actor_logits,2,1,3,6.239820,-10.307676,6.001840,0.017285,0.997532,-10.307676,0.237980,6.239820,,,,,
3,180,180.000000,agent_3,actor_logits,2,1,3,6.239820,-10.307676,6.001840,0.017285,0.997532,-10.307676,0.237980,6.239820,,,,,
3,180,180.000000,agent_4,actor_logits,2,1,3,6.239820,-10.307676,6.001840,0.017285,0.997532,-10.307676,0.237980,6.239820,,,,,
3,180,180.000000,agent_5,actor_logits,2,1,3,6.239820,-10.307676,6.001840,0.017285,0.997532,-10.307676,0.237980,6.239820,,,,,
3,182,182.000000,agent_0,actor_logits,1,1,3,0.017457,-0.898047,0.592138,1.024883,0.511913,-0.898047,0.017457,-0.574681,,,,,
3,182,182.000000,agent_1,actor_logits,1,1,3,0.017455,-0.898046,0.592135,1.024883,0.511912,-0.898046,0.017455,-0.574680,,,,,
3,182,182.000000,agent_2,actor_logits,1,1,3,0.017456,-0.898046,0.592138,1.024883,0.511912,-0.898046,0.017456,-0.574681,,,,,
3,182,182.000000,agent_3,actor_logits,1,1,3,0.017456,-0.898047,0.592137,1.024883,0.511912,-0.898047,0.017456,-0.574681,,,,,
3,182,182.000000,agent_4,actor_logits,1,1,3,0.017456,-0.898046,0.592138,1.024883,0.511912,-0.898046,0.017456,-0.574681,,,,,
3,182,182.000000,agent_5,actor_logits,1,1,3,0.017456,-0.898046,0.592137,1.024883,0.511912,-0.898046,0.017456,-0.574681,,,,,
3,184,184.000000,agent_0,actor_logits,0,1,4,7.386434,-8.665623,4.703493,0.054988,0.990595,7.386434,-8.665623,-0.363451,2.682940,,,,
3,184,184.000000,agent_1,actor_logits,0,1,4,7.386433,-8.665623,4.703492,0.054988,0.990595,7.386433,-8.665623,-0.363451,2.682941,,,,
3,184,184.000000,agent_2,actor_logits,0,1,4,7.386434,-8.665623,4.703493,0.054988,0.990595,7.386434,-8.665623,-0.363451,2.682941,,,,
3,184,184.000000,agent_3,actor_logits,0,1,4,7.386433,-8.665623,4.703493,0.054988,0.990595,7.386433,-8.665623,-0.363451,2.682940,,,,
3,184,184.000000,agent_4,actor_logits,0,1,4,7.386434,-8.665623,4.703493,0.054988,0.990595,7.386434,-8.665623,-0.363451,2.682940,,,,
3,184,184.000000,agent_5,actor_logits,0,1,4,7.386434,-8.665623,4.703493,0.054988,0.990595,7.386434,-8.665623,-0.363451,2.682941,,,,
3,186,186.000000,agent_0,actor_logits,0,1,4,3.710386,-5.164621,1.151509,0.595587,0.753438,3.710386,-5.164621,-0.803986,2.558877,,,,
3,186,186.000000,agent_1,actor_logits,0,1,4,3.710385,-5.164621,1.151509,0.595587,0.753438,3.710385,-5.164621,-0.803986,2.558877,,,,
3,186,186.000000,agent_2,actor_logits,0,1,4,3.710385,-5.164621,1.151508,0.595587,0.753438,3.710385,-5.164621,-0.803987,2.558877,,,,
3,186,186.000000,agent_3,actor_logits,0,1,4,3.710385,-5.164621,1.151508,0.595587,0.753438,3.710385,-5.164621,-0.803986,2.558877,,,,
3,186,186.000000,agent_4,actor_logits,0,1,4,3.710386,-5.164621,1.151509,0.595587,0.753438,3.710386,-5.164621,-0.803987,2.558877,,,,
3,186,186.000000,agent_5,actor_logits,0,1,4,3.710386,-5.164621,1.151509,0.595587,0.753438,3.710386,-5.164621,-0.803987,2.558877,,,,
3,188,188.000000,agent_0,actor_logits,0,1,4,9.156806,-11.995478,5.814622,0.021763,0.996874,9.156806,-11.995478,0.369398,3.342184,,,,
3,188,188.000000,agent_1,actor_logits,0,1,4,9.156806,-11.995478,5.814623,0.021763,0.996874,9.156806,-11.995478,0.369397,3.342183,,,,
3,188,188.000000,agent_2,actor_logits,0,1,4,9.156807,-11.995478,5.814624,0.021763,0.996874,9.156807,-11.995478,0.369397,3.342183,,,,
3,188,188.000000,agent_3,actor_logits,0,1,4,9.156806,-11.995478,5.814624,0.021763,0.996874,9.156806,-11.995478,0.369397,3.342182,,,,
3,188,188.000000,agent_4,actor_logits,0,1,4,9.156807,-11.995478,5.814625,0.021763,0.996874,9.156807,-11.995478,0.369397,3.342182,,,,
3,188,188.000000,agent_5,actor_logits,0,1,4,9.156807,-11.995478,5.814624,0.021763,0.996874,9.156807,-11.995478,0.369397,3.342183,,,,
3,190,190.000000,agent_0,actor_logits,2,1,4,5.550106,-2.819816,7.747949,0.008314,0.999081,-2.197843,-2.719654,5.550106,-2.819816,,,,
3,190,190.000000,agent_1,actor_logits,2,1,4,5.550106,-2.819816,7.747949,0.008314,0.999081,-2.197843,-2.719654,5.550106,-2.819816,,,,
3,190,190.000000,agent_2,actor_logits,2,1,4,5.550106,-2.819816,7.747949,0.008314,0.999081,-2.197843,-2.719654,5.550106,-2.819816,,,,
3,190,190.000000,agent_3,actor_logits,2,1,4,5.550106,-2.819817,7.747949,0.008314,0.999081,-2.197844,-2.719654,5.550106,-2.819817,,,,
3,190,190.000000,agent_4,actor_logits,2,1,4,5.550106,-2.819816,7.747949,0.008314,0.999081,-2.197844,-2.719654,5.550106,-2.819816,,,,
3,190,190.000000,agent_5,actor_logits,2,1,4,5.550106,-2.819816,7.747949,0.008314,0.999081,-2.197844,-2.719654,5.550106,-2.819816,,,,
3,192,192.000000,agent_0,actor_logits,0,1,4,8.618048,-11.746588,4.213419,0.077255,0.985308,8.618048,-11.746588,-0.450936,4.404629,,,,
3,192,192.000000,agent_1,actor_logits,0,1,4,8.618047,-11.746588,4.213419,0.077255,0.985308,8.618047,-11.746588,-0.450936,4.404628,,,,
3,192,192.000000,agent_2,actor_logits,0,1,4,8.618048,-11.746588,4.213419,0.077255,0.985308,8.618048,-11.746588,-0.450936,4.404628,,,,
3,192,192.000000,agent_3,actor_logits,0,1,4,8.618048,-11.746588,4.213420,0.077255,0.985308,8.618048,-11.746588,-0.450936,4.404627,,,,
3,192,192.000000,agent_4,actor_logits,0,1,4,8.618047,-11.746588,4.213419,0.077255,0.985308,8.618047,-11.746588,-0.450937,4.404628,,,,
3,192,192.000000,agent_5,actor_logits,0,1,4,8.618047,-11.746588,4.213418,0.077255,0.985308,8.618047,-11.746588,-0.450937,4.404629,,,,
3,194,194.000000,agent_0,actor_logits,1,1,3,11.399067,-14.874110,15.287151,0.000004,1.000000,-14.874110,11.399067,-3.888084,,,,,
3,194,194.000000,agent_1,actor_logits,1,1,3,11.399067,-14.874110,15.287152,0.000004,1.000000,-14.874110,11.399067,-3.888085,,,,,
3,194,194.000000,agent_2,actor_logits,1,1,3,11.399067,-14.874111,15.287151,0.000004,1.000000,-14.874111,11.399067,-3.888085,,,,,
3,194,194.000000,agent_3,actor_logits,1,1,3,11.399067,-14.874109,15.287152,0.000004,1.000000,-14.874109,11.399067,-3.888086,,,,,
3,194,194.000000,agent_4,actor_logits,1,1,3,11.399067,-14.874109,15.287152,0.000004,1.000000,-14.874109,11.399067,-3.888085,,,,,
3,194,194.000000,agent_5,actor_logits,1,1,3,11.399068,-14.874109,15.287153,0.000004,1.000000,-14.874109,11.399068,-3.888086,,,,,
3,196,196.000000,agent_0,actor_logits,1,1,3,10.636003,-17.087105,15.080219,0.000004,1.000000,-17.087105,10.636003,-4.444216,,,,,
3,196,196.000000,agent_1,actor_logits,1,1,3,10.636002,-17.087103,15.080217,0.000004,1.000000,-17.087103,10.636002,-4.444216,,,,,
3,196,196.000000,agent_2,actor_logits,1,1,3,10.636003,-17.087105,15.080219,0.000004,1.000000,-17.087105,10.636003,-4.444216,,,,,
3,196,196.000000,agent_3,actor_logits,1,1,3,10.636003,-17.087105,15.080219,0.000004,1.000000,-17.087105,10.636003,-4.444217,,,,,
3,196,196.000000,agent_4,actor_logits,1,1,3,10.636003,-17.087107,15.080221,0.000004,1.000000,-17.087107,10.636003,-4.444217,,,,,
3,196,196.000000,agent_5,actor_logits,1,1,3,10.636002,-17.087105,15.080218,0.000004,1.000000,-17.087105,10.636002,-4.444217,,,,,
3,198,198.000000,agent_0,actor_logits,2,1,3,1.076981,-7.643626,2.676268,0.240333,0.935469,-7.643626,-1.599286,1.076981,,,,,
3,198,198.000000,agent_1,actor_logits,2,1,3,1.076981,-7.643625,2.676268,0.240333,0.935469,-7.643625,-1.599287,1.076981,,,,,
3,198,198.000000,agent_2,actor_logits,2,1,3,1.076981,-7.643626,2.676267,0.240333,0.935469,-7.643626,-1.599286,1.076981,,,,,
3,198,198.000000,agent_3,actor_logits,2,1,3,1.076981,-7.643625,2.676267,0.240333,0.935469,-7.643625,-1.599286,1.076981,,,,,
3,198,198.000000,agent_4,actor_logits,2,1,3,1.076981,-7.643625,2.676267,0.240333,0.935469,-7.643625,-1.599286,1.076981,,,,,
3,198,198.000000,agent_5,actor_logits,2,1,3,1.076981,-7.643626,2.676268,0.240333,0.935469,-7.643626,-1.599287,1.076981,,,,,
3,200,200.000000,agent_0,actor_logits,1,1,4,4.777654,-8.632838,0.783608,0.662340,0.681160,-8.632838,4.777654,0.297087,3.994045,,,,
3,200,200.000000,agent_1,actor_logits,1,1,4,4.777653,-8.632837,0.783608,0.662340,0.681160,-8.632837,4.777653,0.297087,3.994045,,,,
3,200,200.000000,agent_2,actor_logits,1,1,4,4.777654,-8.632839,0.783608,0.662340,0.681160,-8.632839,4.777654,0.297087,3.994046,,,,
3,200,200.000000,agent_3,actor_logits,1,1,4,4.777654,-8.632838,0.783608,0.662340,0.681160,-8.632838,4.777654,0.297087,3.994045,,,,
3,200,200.000000,agent_4,actor_logits,1,1,4,4.777654,-8.632839,0.783608,0.662340,0.681160,-8.632839,4.777654,0.297086,3.994046,,,,
3,200,200.000000,agent_5,actor_logits,1,1,4,4.777653,-8.632837,0.783607,0.662340,0.681160,-8.632837,4.777653,0.297087,3.994046,,,,
3,202,202.000000,agent_0,actor_logits,0,1,4,6.390905,-5.082635,3.357667,0.147656,0.966316,6.390905,-5.082635,-3.986705,3.033238,,,,
3,202,202.000000,agent_1,actor_logits,0,1,4,6.390905,-5.082636,3.357668,0.147656,0.966316,6.390905,-5.082636,-3.986706,3.033238,,,,
3,202,202.000000,agent_2,actor_logits,0,1,4,6.390904,-5.082635,3.357666,0.147656,0.966316,6.390904,-5.082635,-3.986706,3.033238,,,,
3,202,202.000000,agent_3,actor_logits,0,1,4,6.390905,-5.082635,3.357667,0.147656,0.966316,6.390905,-5.082635,-3.986706,3.033237,,,,
3,202,202.000000,agent_4,actor_logits,0,1,4,6.390906,-5.082635,3.357668,0.147656,0.966316,6.390906,-5.082635,-3.986706,3.033237,,,,
3,202,202.000000,agent_5,actor_logits,0,1,4,6.390905,-5.082636,3.357667,0.147656,0.966316,6.390905,-5.082636,-3.986706,3.033238,,,,
3,204,204.000000,agent_0,actor_logits,0,1,3,2.361553,-4.601343,5.208774,0.041244,0.993626,2.361553,-2.847221,-4.601343,,,,,
3,204,204.000000,agent_1,actor_logits,0,1,3,2.361554,-4.601343,5.208776,0.041244,0.993626,2.361554,-2.847222,-4.601343,,,,,
3,204,204.000000,agent_2,actor_logits,0,1,3,2.361552,-4.601343,5.208774,0.041244,0.993626,2.361552,-2.847222,-4.601343,,,,,
3,204,204.000000,agent_3,actor_logits,0,1,3,2.361554,-4.601344,5.208775,0.041244,0.993626,2.361554,-2.847221,-4.601344,,,,,
3,204,204.000000,agent_4,actor_logits,0,1,3,2.361554,-4.601345,5.208775,0.041244,0.993626,2.361554,-2.847221,-4.601345,,,,,
3,204,204.000000,agent_5,actor_logits,0,1,3,2.361554,-4.601343,5.208776,0.041244,0.993626,2.361554,-2.847223,-4.601343,,,,,
3,206,206.000000,agent_0,actor_logits,2,1,3,0.408923,-3.254514,1.114701,0.642322,0.738739,-0.705778,-3.254514,0.408923,,,,,
3,206,206.000000,agent_1,actor_logits,2,1,3,0.408922,-3.254514,1.114699,0.642323,0.738739,-0.705777,-3.254514,0.408922,,,,,
3,206,206.000000,agent_2,actor_logits,2,1,3,0.408922,-3.254513,1.114701,0.642322,0.738739,-0.705778,-3.254513,0.408922,,,,,
3,206,206.000000,agent_3,actor_logits,2,1,3,0.408922,-3.254513,1.114699,0.642323,0.738739,-0.705777,-3.254513,0.408922,,,,,
3,206,206.000000,agent_4,actor_logits,2,1,3,0.408922,-3.254513,1.114699,0.642323,0.738739,-0.705778,-3.254513,0.408922,,,,,
3,206,206.000000,agent_5,actor_logits,2,1,3,0.408923,-3.254515,1.114702,0.642322,0.738739,-0.705778,-3.254515,0.408923,,,,,
3,208,208.000000,agent_0,actor_logits,3,1,4,2.558378,-2.204097,2.565495,0.445628,0.888046,-0.644555,-2.204097,-0.007116,2.558378,,,,
3,208,208.000000,agent_1,actor_logits,3,1,4,2.558378,-2.204096,2.565494,0.445628,0.888045,-0.644556,-2.204096,-0.007116,2.558378,,,,
3,208,208.000000,agent_2,actor_logits,3,1,4,2.558378,-2.204096,2.565495,0.445628,0.888046,-0.644556,-2.204096,-0.007117,2.558378,,,,
3,208,208.000000,agent_3,actor_logits,3,1,4,2.558378,-2.204096,2.565495,0.445628,0.888046,-0.644556,-2.204096,-0.007116,2.558378,,,,
3,208,208.000000,agent_4,actor_logits,3,1,4,2.558377,-2.204095,2.565493,0.445628,0.888045,-0.644556,-2.204095,-0.007116,2.558377,,,,
3,208,208.000000,agent_5,actor_logits,3,1,4,2.558379,-2.204097,2.565495,0.445628,0.888046,-0.644555,-2.204097,-0.007117,2.558379,,,,
3,210,210.000000,agent_0,actor_logits,0,1,4,7.312784,-7.770645,5.490997,0.028361,0.995718,7.312784,-7.770645,-1.329038,1.821787,,,,
3,210,210.000000,agent_1,actor_logits,0,1,4,7.312785,-7.770644,5.490998,0.028361,0.995718,7.312785,-7.770644,-1.329038,1.821786,,,,
3,210,210.000000,agent_2,actor_logits,0,1,4,7.312784,-7.770646,5.490997,0.028361,0.995718,7.312784,-7.770646,-1.329037,1.821787,,,,
3,210,210.000000,agent_3,actor_logits,0,1,4,7.312785,-7.770646,5.490998,0.028361,0.995718,7.312785,-7.770646,-1.329038,1.821787,,,,
3,210,210.000000,agent_4,actor_logits,0,1,4,7.312786,-7.770646,5.490999,0.028361,0.995718,7.312786,-7.770646,-1.329038,1.821787,,,,
3,210,210.000000,agent_5,actor_logits,0,1,4,7.312784,-7.770645,5.490997,0.028361,0.995718,7.312784,-7.770645,-1.329037,1.821787,,,,
3,212,212.000000,agent_0,actor_logits,3,1,4,0.289513,-1.371838,0.044503,1.243494,0.374099,-1.371838,-0.351543,0.245011,0.289513,,,,
3,212,212.000000,agent_1,actor_logits,3,1,4,0.289514,-1.371838,0.044503,1.243494,0.374099,-1.371838,-0.351542,0.245011,0.289514,,,,
3,212,212.000000,agent_2,actor_logits,3,1,4,0.289514,-1.371838,0.044503,1.243494,0.374099,-1.371838,-0.351543,0.245011,0.289514,,,,
3,212,212.000000,agent_3,actor_logits,3,1,4,0.289514,-1.371838,0.044503,1.243494,0.374099,-1.371838,-0.351542,0.245010,0.289514,,,,
3,212,212.000000,agent_4,actor_logits,3,1,4,0.289514,-1.371838,0.044504,1.243494,0.374099,-1.371838,-0.351542,0.245010,0.289514,,,,
3,212,212.000000,agent_5,actor_logits,3,1,4,0.289513,-1.371838,0.044502,1.243494,0.374099,-1.371838,-0.351543,0.245011,0.289513,,,,
3,214,214.000000,agent_0,actor_logits,3,1,4,2.270403,-1.357755,2.367362,0.589197,0.843382,-0.096959,-0.456693,-1.357755,2.270403,,,,
3,214,214.000000,agent_1,actor_logits,3,1,4,2.270404,-1.357756,2.367362,0.589197,0.843382,-0.096959,-0.456693,-1.357756,2.270404,,,,
3,214,214.000000,agent_2,actor_logits,3,1,4,2.270403,-1.357755,2.367362,0.589197,0.843382,-0.096959,-0.456693,-1.357755,2.270403,,,,
3,214,214.000000,agent_3,actor_logits,3,1,4,2.270403,-1.357756,2.367362,0.589197,0.843382,-0.096958,-0.456693,-1.357756,2.270403,,,,
3,214,214.000000,agent_4,actor_logits,3,1,4,2.270403,-1.357756,2.367362,0.589197,0.843382,-0.096958,-0.456693,-1.357756,2.270403,,,,
3,214,214.000000,agent_5,actor_logits,3,1,4,2.270403,-1.357755,2.367362,0.589197,0.843382,-0.096958,-0.456693,-1.357755,2.270403,,,,
3,216,216.000000,agent_0,actor_logits,0,1,4,3.028985,-2.914879,1.527007,0.523161,0.813789,3.028985,-1.680158,-2.914879,1.501977,,,,
3,216,216.000000,agent_1,actor_logits,0,1,4,3.028985,-2.914879,1.527007,0.523161,0.813789,3.028985,-1.680158,-2.914879,1.501978,,,,
3,216,216.000000,agent_2,actor_logits,0,1,4,3.028985,-2.914879,1.527008,0.523161,0.813790,3.028985,-1.680158,-2.914879,1.501977,,,,
3,216,216.000000,agent_3,actor_logits,0,1,4,3.028985,-2.914879,1.527008,0.523161,0.813790,3.028985,-1.680158,-2.914879,1.501977,,,,
3,216,216.000000,agent_4,actor_logits,0,1,4,3.028985,-2.914878,1.527007,0.523161,0.813789,3.028985,-1.680158,-2.914878,1.501977,,,,
3,216,216.000000,agent_5,actor_logits,0,1,4,3.028985,-2.914879,1.527007,0.523161,0.813789,3.028985,-1.680159,-2.914879,1.501978,,,,
3,218,218.000000,agent_0,actor_logits,3,1,4,1.920629,-1.666826,2.088090,0.721527,0.786601,-0.167461,-1.666826,-0.202140,1.920629,,,,
3,218,218.000000,agent_1,actor_logits,3,1,4,1.920629,-1.666826,2.088090,0.721527,0.786601,-0.167461,-1.666826,-0.202140,1.920629,,,,
3,218,218.000000,agent_2,actor_logits,3,1,4,1.920629,-1.666826,2.088091,0.721527,0.786601,-0.167461,-1.666826,-0.202139,1.920629,,,,
3,218,218.000000,agent_3,actor_logits,3,1,4,1.920629,-1.666826,2.088090,0.721527,0.786601,-0.167461,-1.666826,-0.202139,1.920629,,,,
3,218,218.000000,agent_4,actor_logits,3,1,4,1.920629,-1.666826,2.088090,0.721527,0.786601,-0.167461,-1.666826,-0.202139,1.920629,,,,
3,218,218.000000,agent_5,actor_logits,3,1,4,1.920630,-1.666826,2.088090,0.721527,0.786601,-0.167461,-1.666826,-0.202140,1.920630,,,,
3,220,220.000000,agent_0,actor_logits,1,1,4,2.064883,-3.108881,0.398939,0.827437,0.574143,-3.108881,2.064883,-0.667992,1.665943,,,,
3,220,220.000000,agent_1,actor_logits,1,1,4,2.064883,-3.108882,0.398940,0.827437,0.574143,-3.108882,2.064883,-0.667992,1.665943,,,,
3,220,220.000000,agent_2,actor_logits,1,1,4,2.064882,-3.108881,0.398939,0.827437,0.574143,-3.108881,2.064882,-0.667991,1.665943,,,,
3,220,220.000000,agent_3,actor_logits,1,1,4,2.064883,-3.108881,0.398941,0.827437,0.574143,-3.108881,2.064883,-0.667992,1.665942,,,,
3,220,220.000000,agent_4,actor_logits,1,1,4,2.064883,-3.108881,0.398940,0.827437,0.574143,-3.108881,2.064883,-0.667992,1.665943,,,,
3,220,220.000000,agent_5,actor_logits,1,1,4,2.064883,-3.108881,0.398940,0.827437,0.574143,-3.108881,2.064883,-0.667992,1.665943,,,,
3,222,222.000000,agent_0,actor_logits,0,1,4,9.185722,-17.044065,2.177728,0.334811,0.897563,9.185722,7.007994,-17.044065,2.090596,,,,
3,222,222.000000,agent_1,actor_logits,0,1,4,9.185722,-17.044065,2.177728,0.334811,0.897563,9.185722,7.007994,-17.044065,2.090595,,,,
3,222,222.000000,agent_2,actor_logits,0,1,4,9.185724,-17.044065,2.177732,0.334810,0.897563,9.185724,7.007993,-17.044065,2.090595,,,,
3,222,222.000000,agent_3,actor_logits,0,1,4,9.185723,-17.044065,2.177729,0.334811,0.897563,9.185723,7.007995,-17.044065,2.090595,,,,
3,222,222.000000,agent_4,actor_logits,0,1,4,9.185723,-17.044065,2.177730,0.334811,0.897563,9.185723,7.007994,-17.044065,2.090596,,,,
3,222,222.000000,agent_5,actor_logits,0,1,4,9.185723,-17.044065,2.177729,0.334811,0.897563,9.185723,7.007994,-17.044065,2.090596,,,,
3,224,224.000000,agent_0,actor_logits,0,1,4,15.926647,-20.386026,13.172430,0.000053,0.999996,15.926647,2.710760,-20.386026,2.754218,,,,
3,224,224.000000,agent_1,actor_logits,0,1,4,15.926647,-20.386026,13.172428,0.000053,0.999996,15.926647,2.710760,-20.386026,2.754219,,,,
3,224,224.000000,agent_2,actor_logits,0,1,4,15.926647,-20.386026,13.172429,0.000053,0.999996,15.926647,2.710759,-20.386026,2.754218,,,,
3,224,224.000000,agent_3,actor_logits,0,1,4,15.926647,-20.386028,13.172428,0.000053,0.999996,15.926647,2.710761,-20.386028,2.754219,,,,
3,224,224.000000,agent_4,actor_logits,0,1,4,15.926647,-20.386028,13.172428,0.000053,0.999996,15.926647,2.710759,-20.386028,2.754219,,,,
3,224,224.000000,agent_5,actor_logits,0,1,4,15.926647,-20.386028,13.172429,0.000053,0.999996,15.926647,2.710760,-20.386028,2.754218,,,,
3,226,226.000000,agent_0,actor_logits,0,1,4,5.788372,-9.803340,2.598204,0.311157,0.920140,5.788372,1.397014,-9.803340,3.190168,,,,
3,226,226.000000,agent_1,actor_logits,0,1,4,5.788372,-9.803339,2.598203,0.311157,0.920140,5.788372,1.397013,-9.803339,3.190168,,,,
3,226,226.000000,agent_2,actor_logits,0,1,4,5.788373,-9.803340,2.598205,0.311157,0.920140,5.788373,1.397014,-9.803340,3.190168,,,,
3,226,226.000000,agent_3,actor_logits,0,1,4,5.788373,-9.803340,2.598205,0.311157,0.920140,5.788373,1.397014,-9.803340,3.190167,,,,
3,226,226.000000,agent_4,actor_logits,0,1,4,5.788372,-9.803340,2.598203,0.311157,0.920140,5.788372,1.397014,-9.803340,3.190169,,,,
3,226,226.000000,agent_5,actor_logits,0,1,4,5.788372,-9.803340,2.598203,0.311157,0.920140,5.788372,1.397014,-9.803340,3.190168,,,,
3,228,228.000000,agent_0,actor_logits,0,1,3,17.024466,-16.411959,22.065529,0.000000,1.000000,17.024466,-5.041064,-16.411959,,,,,
3,228,228.000000,agent_1,actor_logits,0,1,3,17.024466,-16.411957,22.065529,0.000000,1.000000,17.024466,-5.041063,-16.411957,,,,,
3,228,228.000000,agent_2,actor_logits,0,1,3,17.024464,-16.411957,22.065527,0.000000,1.000000,17.024464,-5.041063,-16.411957,,,,,
3,228,228.000000,agent_3,actor_logits,0,1,3,17.024464,-16.411957,22.065527,0.000000,1.000000,17.024464,-5.041063,-16.411957,,,,,
3,228,228.000000,agent_4,actor_logits,0,1,3,17.024464,-16.411957,22.065527,0.000000,1.000000,17.024464,-5.041063,-16.411957,,,,,
3,228,228.000000,agent_5,actor_logits,0,1,3,17.024464,-16.411957,22.065527,0.000000,1.000000,17.024464,-5.041063,-16.411957,,,,,
3,230,230.000000,agent_0,actor_logits,1,1,2,-7.123124,-7.581166,0.458043,0.667594,0.612550,-7.581166,-7.123124,,,,,,
3,230,230.000000,agent_1,actor_logits,1,1,2,-7.123124,-7.581166,0.458043,0.667594,0.612550,-7.581166,-7.123124,,,,,,
3,230,230.000000,agent_2,actor_logits,1,1,2,-7.123123,-7.581166,0.458044,0.667594,0.612550,-7.581166,-7.123123,,,,,,
3,230,230.000000,agent_3,actor_logits,1,1,2,-7.123123,-7.581166,0.458043,0.667594,0.612550,-7.581166,-7.123123,,,,,,
3,230,230.000000,agent_4,actor_logits,1,1,2,-7.123124,-7.581167,0.458043,0.667594,0.612550,-7.581167,-7.123124,,,,,,
3,230,230.000000,agent_5,actor_logits,1,1,2,-7.123123,-7.581167,0.458044,0.667594,0.612550,-7.581167,-7.123123,,,,,,
3,232,232.000000,agent_0,actor_logits,2,1,3,3.914280,-9.792555,6.417336,0.012110,0.998369,-9.792555,-2.503056,3.914280,,,,,
3,232,232.000000,agent_1,actor_logits,2,1,3,3.914280,-9.792556,6.417336,0.012110,0.998369,-9.792556,-2.503056,3.914280,,,,,
3,232,232.000000,agent_2,actor_logits,2,1,3,3.914280,-9.792555,6.417336,0.012110,0.998369,-9.792555,-2.503056,3.914280,,,,,
3,232,232.000000,agent_3,actor_logits,2,1,3,3.914280,-9.792555,6.417336,0.012110,0.998369,-9.792555,-2.503056,3.914280,,,,,
3,232,232.000000,agent_4,actor_logits,2,1,3,3.914280,-9.792555,6.417336,0.012110,0.998369,-9.792555,-2.503056,3.914280,,,,,
3,232,232.000000,agent_5,actor_logits,2,1,3,3.914280,-9.792555,6.417336,0.012110,0.998369,-9.792555,-2.503056,3.914280,,,,,
3,234,234.000000,agent_0,actor_logits,2,1,3,7.212506,-7.987214,12.063735,0.000079,0.999994,-7.987214,-4.851229,7.212506,,,,,
3,234,234.000000,agent_1,actor_logits,2,1,3,7.212505,-7.987215,12.063734,0.000079,0.999994,-7.987215,-4.851229,7.212505,,,,,
3,234,234.000000,agent_2,actor_logits,2,1,3,7.212506,-7.987215,12.063735,0.000079,0.999994,-7.987215,-4.851229,7.212506,,,,,
3,234,234.000000,agent_3,actor_logits,2,1,3,7.212505,-7.987214,12.063734,0.000079,0.999994,-7.987214,-4.851229,7.212505,,,,,
3,234,234.000000,agent_4,actor_logits,2,1,3,7.212505,-7.987214,12.063734,0.000079,0.999994,-7.987214,-4.851229,7.212505,,,,,
3,234,234.000000,agent_5,actor_logits,2,1,3,7.212505,-7.987214,12.063734,0.000079,0.999994,-7.987214,-4.851229,7.212505,,,,,
3,236,236.000000,agent_0,actor_logits,2,1,3,6.053069,-6.904531,8.627550,0.001757,0.999819,-6.904531,-2.574481,6.053069,,,,,
3,236,236.000000,agent_1,actor_logits,2,1,3,6.053069,-6.904531,8.627550,0.001757,0.999819,-6.904531,-2.574481,6.053069,,,,,
3,236,236.000000,agent_2,actor_logits,2,1,3,6.053069,-6.904531,8.627550,0.001757,0.999819,-6.904531,-2.574481,6.053069,,,,,
3,236,236.000000,agent_3,actor_logits,2,1,3,6.053069,-6.904531,8.627550,0.001757,0.999819,-6.904531,-2.574481,6.053069,,,,,
3,236,236.000000,agent_4,actor_logits,2,1,3,6.053069,-6.904531,8.627550,0.001757,0.999819,-6.904531,-2.574481,6.053069,,,,,
3,236,236.000000,agent_5,actor_logits,2,1,3,6.053069,-6.904531,8.627550,0.001757,0.999819,-6.904531,-2.574481,6.053069,,,,,
3,238,238.000000,agent_0,actor_logits,2,1,3,0.979323,-3.290178,0.918918,0.647403,0.707744,0.060405,-3.290178,0.979323,,,,,
3,238,238.000000,agent_1,actor_logits,2,1,3,0.979323,-3.290177,0.918917,0.647403,0.707744,0.060405,-3.290177,0.979323,,,,,
3,238,238.000000,agent_2,actor_logits,2,1,3,0.979322,-3.290178,0.918917,0.647403,0.707744,0.060405,-3.290178,0.979322,,,,,
3,238,238.000000,agent_3,actor_logits,2,1,3,0.979323,-3.290177,0.918917,0.647403,0.707744,0.060405,-3.290177,0.979323,,,,,
3,238,238.000000,agent_4,actor_logits,2,1,3,0.979323,-3.290178,0.918917,0.647403,0.707744,0.060406,-3.290178,0.979323,,,,,
3,238,238.000000,agent_5,actor_logits,2,1,3,0.979323,-3.290177,0.918917,0.647403,0.707744,0.060406,-3.290177,0.979323,,,,,
3,240,240.000000,agent_0,actor_logits,0,1,3,2.333632,-3.456715,0.353500,0.689680,0.586413,2.333632,1.980132,-3.456715,,,,,
3,240,240.000000,agent_1,actor_logits,0,1,3,2.333633,-3.456716,0.353500,0.689680,0.586413,2.333633,1.980133,-3.456716,,,,,
3,240,240.000000,agent_2,actor_logits,0,1,3,2.333632,-3.456716,0.353499,0.689680,0.586413,2.333632,1.980133,-3.456716,,,,,
3,240,240.000000,agent_3,actor_logits,0,1,3,2.333633,-3.456715,0.353501,0.689680,0.586413,2.333633,1.980132,-3.456715,,,,,
3,240,240.000000,agent_4,actor_logits,0,1,3,2.333632,-3.456715,0.353500,0.689680,0.586413,2.333632,1.980132,-3.456715,,,,,
3,240,240.000000,agent_5,actor_logits,0,1,3,2.333633,-3.456716,0.353500,0.689680,0.586413,2.333633,1.980132,-3.456716,,,,,
3,242,242.000000,agent_0,actor_logits,0,1,3,5.574682,-5.418853,7.566724,0.004632,0.999466,5.574682,-1.992042,-5.418853,,,,,
3,242,242.000000,agent_1,actor_logits,0,1,3,5.574681,-5.418853,7.566723,0.004632,0.999466,5.574681,-1.992042,-5.418853,,,,,
3,242,242.000000,agent_2,actor_logits,0,1,3,5.574680,-5.418853,7.566721,0.004632,0.999466,5.574680,-1.992041,-5.418853,,,,,
3,242,242.000000,agent_3,actor_logits,0,1,3,5.574681,-5.418852,7.566722,0.004632,0.999466,5.574681,-1.992042,-5.418852,,,,,
3,242,242.000000,agent_4,actor_logits,0,1,3,5.574681,-5.418852,7.566722,0.004632,0.999466,5.574681,-1.992042,-5.418852,,,,,
3,242,242.000000,agent_5,actor_logits,0,1,3,5.574681,-5.418853,7.566722,0.004632,0.999466,5.574681,-1.992042,-5.418853,,,,,
3,244,244.000000,agent_0,actor_logits,0,1,3,4.871382,-7.396330,3.672219,0.116196,0.975206,4.871382,1.199163,-7.396330,,,,,
3,244,244.000000,agent_1,actor_logits,0,1,3,4.871383,-7.396331,3.672219,0.116196,0.975206,4.871383,1.199164,-7.396331,,,,,
3,244,244.000000,agent_2,actor_logits,0,1,3,4.871382,-7.396331,3.672218,0.116197,0.975206,4.871382,1.199164,-7.396331,,,,,
3,244,244.000000,agent_3,actor_logits,0,1,3,4.871382,-7.396330,3.672219,0.116196,0.975206,4.871382,1.199164,-7.396330,,,,,
3,244,244.000000,agent_4,actor_logits,0,1,3,4.871383,-7.396330,3.672219,0.116196,0.975206,4.871383,1.199164,-7.396330,,,,,
3,244,244.000000,agent_5,actor_logits,0,1,3,4.871382,-7.396331,3.672219,0.116196,0.975206,4.871382,1.199163,-7.396331,,,,,
3,246,246.000000,agent_0,actor_logits,0,1,3,7.255711,-7.727642,7.920953,0.003243,0.999637,7.255711,-0.665242,-7.727642,,,,,
3,246,246.000000,agent_1,actor_logits,0,1,3,7.255711,-7.727641,7.920954,0.003243,0.999637,7.255711,-0.665242,-7.727641,,,,,
3,246,246.000000,agent_2,actor_logits,0,1,3,7.255710,-7.727641,7.920951,0.003243,0.999637,7.255710,-0.665242,-7.727641,,,,,
3,246,246.000000,agent_3,actor_logits,0,1,3,7.255710,-7.727641,7.920952,0.003243,0.999637,7.255710,-0.665242,-7.727641,,,,,
3,246,246.000000,agent_4,actor_logits,0,1,3,7.255711,-7.727640,7.920953,0.003243,0.999637,7.255711,-0.665242,-7.727640,,,,,
3,246,246.000000,agent_5,actor_logits,0,1,3,7.255710,-7.727641,7.920952,0.003243,0.999637,7.255710,-0.665242,-7.727641,,,,,
3,248,248.000000,agent_0,actor_logits,0,1,3,13.256100,-15.732914,12.060170,0.000076,0.999994,13.256100,1.195929,-15.732914,,,,,
3,248,248.000000,agent_1,actor_logits,0,1,3,13.256100,-15.732914,12.060170,0.000076,0.999994,13.256100,1.195929,-15.732914,,,,,
3,248,248.000000,agent_2,actor_logits,0,1,3,13.256099,-15.732915,12.060169,0.000076,0.999994,13.256099,1.195929,-15.732915,,,,,
3,248,248.000000,agent_3,actor_logits,0,1,3,13.256100,-15.732914,12.060171,0.000076,0.999994,13.256100,1.195929,-15.732914,,,,,
3,248,248.000000,agent_4,actor_logits,0,1,3,13.256100,-15.732915,12.060171,0.000076,0.999994,13.256100,1.195929,-15.732915,,,,,
3,248,248.000000,agent_5,actor_logits,0,1,3,13.256100,-15.732914,12.060171,0.000076,0.999994,13.256100,1.195928,-15.732914,,,,,
3,250,250.000000,agent_0,actor_logits,0,1,2,-4.415979,-11.572961,7.156981,0.006353,0.999221,-4.415979,-11.572961,,,,,,
3,250,250.000000,agent_1,actor_logits,0,1,2,-4.415979,-11.572962,7.156983,0.006353,0.999221,-4.415979,-11.572962,,,,,,
3,250,250.000000,agent_2,actor_logits,0,1,2,-4.415979,-11.572962,7.156982,0.006353,0.999221,-4.415979,-11.572962,,,,,,
3,250,250.000000,agent_3,actor_logits,0,1,2,-4.415980,-11.572962,7.156982,0.006353,0.999221,-4.415980,-11.572962,,,,,,
3,250,250.000000,agent_4,actor_logits,0,1,2,-4.415979,-11.572962,7.156982,0.006353,0.999221,-4.415979,-11.572962,,,,,,
3,250,250.000000,agent_5,actor_logits,0,1,2,-4.415980,-11.572961,7.156981,0.006353,0.999221,-4.415980,-11.572961,,,,,,
3,252,252.000000,agent_0,actor_logits,1,1,3,3.272101,-7.029557,6.834806,0.008798,0.998892,-7.029557,3.272101,-3.562706,,,,,
3,252,252.000000,agent_1,actor_logits,1,1,3,3.272101,-7.029557,6.834807,0.008798,0.998892,-7.029557,3.272101,-3.562706,,,,,
3,252,252.000000,agent_2,actor_logits,1,1,3,3.272101,-7.029557,6.834806,0.008798,0.998892,-7.029557,3.272101,-3.562705,,,,,
3,252,252.000000,agent_3,actor_logits,1,1,3,3.272101,-7.029557,6.834806,0.008798,0.998892,-7.029557,3.272101,-3.562705,,,,,
3,252,252.000000,agent_4,actor_logits,1,1,3,3.272101,-7.029557,6.834806,0.008798,0.998892,-7.029557,3.272101,-3.562705,,,,,
3,252,252.000000,agent_5,actor_logits,1,1,3,3.272101,-7.029558,6.834806,0.008798,0.998892,-7.029558,3.272101,-3.562705,,,,,
3,254,254.000000,agent_0,actor_logits,1,1,3,7.102353,-17.289534,9.070147,0.001158,0.999885,-17.289534,7.102353,-1.967794,,,,,
3,254,254.000000,agent_1,actor_logits,1,1,3,7.102353,-17.289534,9.070147,0.001158,0.999885,-17.289534,7.102353,-1.967794,,,,,
3,254,254.000000,agent_2,actor_logits,1,1,3,7.102353,-17.289532,9.070147,0.001158,0.999885,-17.289532,7.102353,-1.967794,,,,,
3,254,254.000000,agent_3,actor_logits,1,1,3,7.102354,-17.289532,9.070148,0.001158,0.999885,-17.289532,7.102354,-1.967794,,,,,
3,254,254.000000,agent_4,actor_logits,1,1,3,7.102354,-17.289534,9.070148,0.001158,0.999885,-17.289534,7.102354,-1.967794,,,,,
3,254,254.000000,agent_5,actor_logits,1,1,3,7.102353,-17.289534,9.070147,0.001158,0.999885,-17.289534,7.102353,-1.967794,,,,,
3,256,256.000000,agent_0,actor_logits,1,1,3,6.385086,-22.524824,2.939386,0.199223,0.949759,-22.524824,6.385086,3.445699,,,,,
3,256,256.000000,agent_1,actor_logits,1,1,3,6.385086,-22.524824,2.939387,0.199223,0.949759,-22.524824,6.385086,3.445699,,,,,
3,256,256.000000,agent_2,actor_logits,1,1,3,6.385086,-22.524824,2.939386,0.199223,0.949759,-22.524824,6.385086,3.445699,,,,,
3,256,256.000000,agent_3,actor_logits,1,1,3,6.385086,-22.524824,2.939387,0.199223,0.949759,-22.524824,6.385086,3.445699,,,,,
3,256,256.000000,agent_4,actor_logits,1,1,3,6.385086,-22.524824,2.939387,0.199223,0.949759,-22.524824,6.385086,3.445699,,,,,
3,256,256.000000,agent_5,actor_logits,1,1,3,6.385085,-22.524824,2.939385,0.199223,0.949759,-22.524824,6.385085,3.445700,,,,,
3,258,258.000000,agent_0,actor_logits,1,1,3,5.293547,-21.504469,0.401364,0.673409,0.599015,-21.504469,5.293547,4.892183,,,,,
3,258,258.000000,agent_1,actor_logits,1,1,3,5.293547,-21.504469,0.401364,0.673409,0.599015,-21.504469,5.293547,4.892183,,,,,
3,258,258.000000,agent_2,actor_logits,1,1,3,5.293546,-21.504471,0.401363,0.673409,0.599015,-21.504471,5.293546,4.892183,,,,,
3,258,258.000000,agent_3,actor_logits,1,1,3,5.293547,-21.504471,0.401364,0.673409,0.599015,-21.504471,5.293547,4.892183,,,,,
3,258,258.000000,agent_4,actor_logits,1,1,3,5.293548,-21.504469,0.401365,0.673409,0.599016,-21.504469,5.293548,4.892183,,,,,
3,258,258.000000,agent_5,actor_logits,1,1,3,5.293546,-21.504471,0.401362,0.673409,0.599015,-21.504471,5.293546,4.892184,,,,,
3,260,260.000000,agent_0,actor_logits,2,1,3,6.966480,-22.413683,0.922613,0.597085,0.715574,-22.413683,6.043867,6.966480,,,,,
3,260,260.000000,agent_1,actor_logits,2,1,3,6.966480,-22.413683,0.922612,0.597085,0.715574,-22.413683,6.043868,6.966480,,,,,
3,260,260.000000,agent_2,actor_logits,2,1,3,6.966480,-22.413681,0.922612,0.597085,0.715574,-22.413681,6.043868,6.966480,,,,,
3,260,260.000000,agent_3,actor_logits,2,1,3,6.966480,-22.413683,0.922613,0.597085,0.715574,-22.413683,6.043867,6.966480,,,,,
3,260,260.000000,agent_4,actor_logits,2,1,3,6.966480,-22.413683,0.922612,0.597085,0.715574,-22.413683,6.043868,6.966480,,,,,
3,260,260.000000,agent_5,actor_logits,2,1,3,6.966480,-22.413681,0.922613,0.597085,0.715574,-22.413681,6.043867,6.966480,,,,,
3,262,262.000000,agent_0,actor_logits,3,1,4,10.589973,-13.300498,3.547803,0.127791,0.972007,-13.300498,-0.810065,7.042170,10.589973,,,,
3,262,262.000000,agent_1,actor_logits,3,1,4,10.589973,-13.300496,3.547804,0.127791,0.972007,-13.300496,-0.810065,7.042169,10.589973,,,,
3,262,262.000000,agent_2,actor_logits,3,1,4,10.589973,-13.300497,3.547804,0.127791,0.972007,-13.300497,-0.810065,7.042169,10.589973,,,,
3,262,262.000000,agent_3,actor_logits,3,1,4,10.589972,-13.300497,3.547803,0.127791,0.972007,-13.300497,-0.810065,7.042169,10.589972,,,,
3,262,262.000000,agent_4,actor_logits,3,1,4,10.589973,-13.300497,3.547804,0.127791,0.972007,-13.300497,-0.810065,7.042170,10.589973,,,,
3,262,262.000000,agent_5,actor_logits,3,1,4,10.589972,-13.300497,3.547803,0.127791,0.972007,-13.300497,-0.810065,7.042169,10.589972,,,,
3,264,264.000000,agent_0,actor_logits,2,1,4,5.295024,-7.198732,4.117774,0.133888,0.974884,-7.198732,1.177250,5.295024,0.636296,,,,
3,264,264.000000,agent_1,actor_logits,2,1,4,5.295025,-7.198732,4.117775,0.133887,0.974884,-7.198732,1.177250,5.295025,0.636296,,,,
3,264,264.000000,agent_2,actor_logits,2,1,4,5.295024,-7.198732,4.117774,0.133888,0.974884,-7.198732,1.177251,5.295024,0.636296,,,,
3,264,264.000000,agent_3,actor_logits,2,1,4,5.295025,-7.198732,4.117775,0.133887,0.974884,-7.198732,1.177251,5.295025,0.636296,,,,
3,264,264.000000,agent_4,actor_logits,2,1,4,5.295025,-7.198732,4.117775,0.133887,0.974884,-7.198732,1.177250,5.295025,0.636296,,,,
3,264,264.000000,agent_5,actor_logits,2,1,4,5.295025,-7.198732,4.117775,0.133888,0.974884,-7.198732,1.177250,5.295025,0.636296,,,,
3,266,266.000000,agent_0,actor_logits,0,1,4,9.356964,-6.251433,10.207642,0.000456,0.999960,9.356964,-6.251433,-0.850678,-3.386692,,,,
3,266,266.000000,agent_1,actor_logits,0,1,4,9.356964,-6.251433,10.207642,0.000456,0.999960,9.356964,-6.251433,-0.850678,-3.386691,,,,
3,266,266.000000,agent_2,actor_logits,0,1,4,9.356964,-6.251433,10.207643,0.000456,0.999960,9.356964,-6.251433,-0.850679,-3.386692,,,,
3,266,266.000000,agent_3,actor_logits,0,1,4,9.356964,-6.251433,10.207642,0.000456,0.999960,9.356964,-6.251433,-0.850678,-3.386692,,,,
3,266,266.000000,agent_4,actor_logits,0,1,4,9.356964,-6.251433,10.207643,0.000456,0.999960,9.356964,-6.251433,-0.850678,-3.386692,,,,
3,266,266.000000,agent_5,actor_logits,0,1,4,9.356964,-6.251433,10.207642,0.000456,0.999960,9.356964,-6.251433,-0.850678,-3.386692,,,,
3,268,268.000000,agent_0,actor_logits,0,1,4,8.509019,-13.531344,4.387419,0.078368,0.986087,8.509019,-13.531344,2.118241,4.121600,,,,
3,268,268.000000,agent_1,actor_logits,0,1,4,8.509018,-13.531343,4.387419,0.078368,0.986087,8.509018,-13.531343,2.118241,4.121599,,,,
3,268,268.000000,agent_2,actor_logits,0,1,4,8.509018,-13.531343,4.387419,0.078368,0.986087,8.509018,-13.531343,2.118241,4.121599,,,,
3,268,268.000000,agent_3,actor_logits,0,1,4,8.509019,-13.531343,4.387420,0.078368,0.986087,8.509019,-13.531343,2.118241,4.121599,,,,
3,268,268.000000,agent_4,actor_logits,0,1,4,8.509019,-13.531343,4.387420,0.078368,0.986087,8.509019,-13.531343,2.118241,4.121599,,,,
3,268,268.000000,agent_5,actor_logits,0,1,4,8.509019,-13.531343,4.387420,0.078368,0.986087,8.509019,-13.531343,2.118241,4.121599,,,,
3,270,270.000000,agent_0,actor_logits,1,1,3,5.975664,-14.447420,4.431040,0.063950,0.988238,-14.447420,5.975664,1.544624,,,,,
3,270,270.000000,agent_1,actor_logits,1,1,3,5.975664,-14.447420,4.431039,0.063950,0.988238,-14.447420,5.975664,1.544625,,,,,
3,270,270.000000,agent_2,actor_logits,1,1,3,5.975664,-14.447420,4.431040,0.063950,0.988238,-14.447420,5.975664,1.544624,,,,,
3,270,270.000000,agent_3,actor_logits,1,1,3,5.975664,-14.447419,4.431040,0.063950,0.988238,-14.447419,5.975664,1.544624,,,,,
3,270,270.000000,agent_4,actor_logits,1,1,3,5.975665,-14.447420,4.431040,0.063950,0.988238,-14.447420,5.975665,1.544625,,,,,
3,270,270.000000,agent_5,actor_logits,1,1,3,5.975665,-14.447420,4.431041,0.063950,0.988238,-14.447420,5.975665,1.544624,,,,,
3,272,272.000000,agent_0,actor_logits,2,1,4,6.244188,-4.799906,4.808066,0.048147,0.991801,-4.799906,-3.101800,6.244188,1.436122,,,,
3,272,272.000000,agent_1,actor_logits,2,1,4,6.244188,-4.799907,4.808066,0.048147,0.991801,-4.799907,-3.101800,6.244188,1.436122,,,,
3,272,272.000000,agent_2,actor_logits,2,1,4,6.244188,-4.799907,4.808066,0.048147,0.991801,-4.799907,-3.101800,6.244188,1.436122,,,,
3,272,272.000000,agent_3,actor_logits,2,1,4,6.244188,-4.799907,4.808066,0.048147,0.991801,-4.799907,-3.101799,6.244188,1.436121,,,,
3,272,272.000000,agent_4,actor_logits,2,1,4,6.244189,-4.799907,4.808067,0.048147,0.991801,-4.799907,-3.101800,6.244189,1.436121,,,,
3,272,272.000000,agent_5,actor_logits,2,1,4,6.244188,-4.799907,4.808066,0.048147,0.991801,-4.799907,-3.101800,6.244188,1.436122,,,,
3,274,274.000000,agent_0,actor_logits,0,1,4,4.422392,-5.565396,4.302658,0.093334,0.983342,4.422392,-1.272865,0.119734,-5.565396,,,,
3,274,274.000000,agent_1,actor_logits,0,1,4,4.422393,-5.565396,4.302659,0.093334,0.983342,4.422393,-1.272865,0.119734,-5.565396,,,,
3,274,274.000000,agent_2,actor_logits,0,1,4,4.422392,-5.565396,4.302658,0.093334,0.983342,4.422392,-1.272865,0.119734,-5.565396,,,,
3,274,274.000000,agent_3,actor_logits,0,1,4,4.422393,-5.565396,4.302660,0.093333,0.983342,4.422393,-1.272864,0.119734,-5.565396,,,,
3,274,274.000000,agent_4,actor_logits,0,1,4,4.422393,-5.565397,4.302659,0.093334,0.983342,4.422393,-1.272864,0.119734,-5.565397,,,,
3,274,274.000000,agent_5,actor_logits,0,1,4,4.422393,-5.565396,4.302659,0.093334,0.983342,4.422393,-1.272865,0.119734,-5.565396,,,,
3,276,276.000000,agent_0,actor_logits,0,1,4,7.914322,-5.116703,5.346272,0.030192,0.995251,7.914322,-5.116703,-4.639106,2.568050,,,,
3,276,276.000000,agent_1,actor_logits,0,1,4,7.914322,-5.116702,5.346272,0.030192,0.995251,7.914322,-5.116702,-4.639106,2.568050,,,,
3,276,276.000000,agent_2,actor_logits,0,1,4,7.914322,-5.116703,5.346272,0.030192,0.995251,7.914322,-5.116703,-4.639106,2.568051,,,,
3,276,276.000000,agent_3,actor_logits,0,1,4,7.914322,-5.116702,5.346272,0.030192,0.995251,7.914322,-5.116702,-4.639106,2.568050,,,,
3,276,276.000000,agent_4,actor_logits,0,1,4,7.914322,-5.116702,5.346272,0.030192,0.995251,7.914322,-5.116702,-4.639106,2.568050,,,,
3,276,276.000000,agent_5,actor_logits,0,1,4,7.914323,-5.116703,5.346272,0.030192,0.995251,7.914323,-5.116703,-4.639106,2.568050,,,,
3,278,278.000000,agent_0,actor_logits,2,1,3,6.341499,-10.447237,5.738218,0.021637,0.996790,0.603281,-10.447237,6.341499,,,,,
3,278,278.000000,agent_1,actor_logits,2,1,3,6.341500,-10.447237,5.738219,0.021637,0.996790,0.603281,-10.447237,6.341500,,,,,
3,278,278.000000,agent_2,actor_logits,2,1,3,6.341499,-10.447237,5.738219,0.021637,0.996790,0.603281,-10.447237,6.341499,,,,,
3,278,278.000000,agent_3,actor_logits,2,1,3,6.341499,-10.447237,5.738218,0.021637,0.996790,0.603281,-10.447237,6.341499,,,,,
3,278,278.000000,agent_4,actor_logits,2,1,3,6.341499,-10.447236,5.738218,0.021637,0.996790,0.603281,-10.447236,6.341499,,,,,
3,278,278.000000,agent_5,actor_logits,2,1,3,6.341500,-10.447237,5.738219,0.021637,0.996790,0.603281,-10.447237,6.341500,,,,,
3,284,284.000000,agent_0,actor_logits,0,1,7,6.176219,-5.864835,0.338354,0.701492,0.581929,6.176219,-5.453227,-5.864835,5.837865,0.431143,-0.392496,-0.877444,
3,284,284.000000,agent_1,actor_logits,0,1,7,6.176220,-5.864836,0.338356,0.701492,0.581929,6.176220,-5.453227,-5.864836,5.837864,0.431144,-0.392496,-0.877444,
3,284,284.000000,agent_2,actor_logits,0,1,7,6.176219,-5.864835,0.338355,0.701492,0.581929,6.176219,-5.453228,-5.864835,5.837864,0.431144,-0.392496,-0.877444,
3,284,284.000000,agent_3,actor_logits,0,1,7,6.176219,-5.864836,0.338353,0.701492,0.581928,6.176219,-5.453227,-5.864836,5.837865,0.431144,-0.392496,-0.877445,
3,284,284.000000,agent_4,actor_logits,0,1,7,6.176220,-5.864837,0.338356,0.701492,0.581929,6.176220,-5.453227,-5.864837,5.837864,0.431144,-0.392496,-0.877444,
3,284,284.000000,agent_5,actor_logits,0,1,7,6.176219,-5.864835,0.338355,0.701492,0.581929,6.176219,-5.453228,-5.864835,5.837864,0.431144,-0.392496,-0.877444,
3,290,290.000000,agent_0,actor_logits,2,1,3,2.834552,-8.121284,9.324319,0.001130,0.999893,-6.489767,-8.121284,2.834552,,,,,
3,290,290.000000,agent_1,actor_logits,2,1,3,2.834551,-8.121284,9.324318,0.001130,0.999893,-6.489767,-8.121284,2.834551,,,,,
3,290,290.000000,agent_2,actor_logits,2,1,3,2.834552,-8.121284,9.324320,0.001130,0.999893,-6.489768,-8.121284,2.834552,,,,,
3,290,290.000000,agent_3,actor_logits,2,1,3,2.834551,-8.121283,9.324319,0.001130,0.999893,-6.489768,-8.121283,2.834551,,,,,
3,290,290.000000,agent_4,actor_logits,2,1,3,2.834551,-8.121284,9.324317,0.001130,0.999893,-6.489766,-8.121284,2.834551,,,,,
3,290,290.000000,agent_5,actor_logits,2,1,3,2.834551,-8.121283,9.324318,0.001130,0.999893,-6.489767,-8.121283,2.834551,,,,,
3,296,296.000000,agent_0,actor_logits,3,1,7,11.796405,-9.681776,5.224491,0.034403,0.994551,-9.681776,-0.593403,2.143455,11.796405,6.571914,1.126418,-0.536856,
3,296,296.000000,agent_1,actor_logits,3,1,7,11.796405,-9.681776,5.224490,0.034403,0.994551,-9.681776,-0.593403,2.143454,11.796405,6.571915,1.126418,-0.536856,
3,296,296.000000,agent_2,actor_logits,3,1,7,11.796405,-9.681776,5.224490,0.034403,0.994551,-9.681776,-0.593403,2.143454,11.796405,6.571915,1.126418,-0.536856,
3,296,296.000000,agent_3,actor_logits,3,1,7,11.796405,-9.681777,5.224490,0.034403,0.994551,-9.681777,-0.593403,2.143454,11.796405,6.571915,1.126418,-0.536856,
3,296,296.000000,agent_4,actor_logits,3,1,7,11.796405,-9.681777,5.224491,0.034403,0.994551,-9.681777,-0.593402,2.143454,11.796405,6.571914,1.126418,-0.536856,
3,296,296.000000,agent_5,actor_logits,3,1,7,11.796405,-9.681776,5.224490,0.034403,0.994551,-9.681776,-0.593403,2.143454,11.796405,6.571915,1.126418,-0.536856,
3,298,298.000000,agent_0,actor_logits,2,1,4,7.490946,-10.609260,3.140972,0.172535,0.958551,-6.290099,4.349974,7.490946,-10.609260,,,,
3,298,298.000000,agent_1,actor_logits,2,1,4,7.490946,-10.609260,3.140972,0.172535,0.958551,-6.290099,4.349974,7.490946,-10.609260,,,,
3,298,298.000000,agent_2,actor_logits,2,1,4,7.490946,-10.609260,3.140972,0.172535,0.958551,-6.290099,4.349974,7.490946,-10.609260,,,,
3,298,298.000000,agent_3,actor_logits,2,1,4,7.490946,-10.609260,3.140972,0.172535,0.958551,-6.290098,4.349974,7.490946,-10.609260,,,,
3,298,298.000000,agent_4,actor_logits,2,1,4,7.490947,-10.609260,3.140973,0.172535,0.958551,-6.290099,4.349974,7.490947,-10.609260,,,,
3,298,298.000000,agent_5,actor_logits,2,1,4,7.490946,-10.609260,3.140971,0.172535,0.958551,-6.290099,4.349975,7.490946,-10.609260,,,,
3,300,300.000000,agent_0,actor_logits,1,1,4,7.703519,-11.225326,3.905307,0.097034,0.980261,-5.844258,7.703519,3.798213,-11.225326,,,,
3,300,300.000000,agent_1,actor_logits,1,1,4,7.703520,-11.225327,3.905308,0.097034,0.980261,-5.844258,7.703520,3.798212,-11.225327,,,,
3,300,300.000000,agent_2,actor_logits,1,1,4,7.703520,-11.225327,3.905307,0.097034,0.980261,-5.844258,7.703520,3.798213,-11.225327,,,,
3,300,300.000000,agent_3,actor_logits,1,1,4,7.703519,-11.225327,3.905308,0.097034,0.980261,-5.844258,7.703519,3.798212,-11.225327,,,,
3,300,300.000000,agent_4,actor_logits,1,1,4,7.703519,-11.225327,3.905308,0.097034,0.980261,-5.844258,7.703519,3.798212,-11.225327,,,,
3,300,300.000000,agent_5,actor_logits,1,1,4,7.703520,-11.225327,3.905308,0.097034,0.980261,-5.844258,7.703520,3.798212,-11.225327,,,,
3,302,302.000000,agent_0,actor_logits,1,1,4,5.572497,-6.318323,4.639821,0.073065,0.987675,-0.301080,5.572497,-6.318323,0.932677,,,,
3,302,302.000000,agent_1,actor_logits,1,1,4,5.572497,-6.318322,4.639821,0.073065,0.987675,-0.301080,5.572497,-6.318322,0.932677,,,,
3,302,302.000000,agent_2,actor_logits,1,1,4,5.572497,-6.318322,4.639820,0.073065,0.987675,-0.301080,5.572497,-6.318322,0.932677,,,,
3,302,302.000000,agent_3,actor_logits,1,1,4,5.572497,-6.318323,4.639820,0.073065,0.987675,-0.301079,5.572497,-6.318323,0.932677,,,,
3,302,302.000000,agent_4,actor_logits,1,1,4,5.572497,-6.318323,4.639820,0.073065,0.987675,-0.301079,5.572497,-6.318323,0.932677,,,,
3,302,302.000000,agent_5,actor_logits,1,1,4,5.572497,-6.318323,4.639821,0.073065,0.987675,-0.301080,5.572497,-6.318323,0.932677,,,,
3,304,304.000000,agent_0,actor_logits,3,1,4,4.264954,-9.336792,1.240572,0.905493,0.637945,2.985948,3.024382,-9.336792,4.264954,,,,
3,304,304.000000,agent_1,actor_logits,3,1,4,4.264955,-9.336792,1.240573,0.905492,0.637945,2.985947,3.024382,-9.336792,4.264955,,,,
3,304,304.000000,agent_2,actor_logits,3,1,4,4.264955,-9.336793,1.240573,0.905492,0.637945,2.985947,3.024382,-9.336793,4.264955,,,,
3,304,304.000000,agent_3,actor_logits,3,1,4,4.264955,-9.336793,1.240573,0.905492,0.637945,2.985948,3.024381,-9.336793,4.264955,,,,
3,304,304.000000,agent_4,actor_logits,3,1,4,4.264955,-9.336793,1.240573,0.905492,0.637945,2.985947,3.024382,-9.336793,4.264955,,,,
3,304,304.000000,agent_5,actor_logits,3,1,4,4.264955,-9.336791,1.240572,0.905493,0.637945,2.985947,3.024382,-9.336791,4.264955,,,,
3,306,306.000000,agent_0,actor_logits,1,1,4,5.025055,-3.212208,4.412902,0.069842,0.987490,-3.212208,5.025055,-3.143416,0.612153,,,,
3,306,306.000000,agent_1,actor_logits,1,1,4,5.025056,-3.212208,4.412903,0.069842,0.987490,-3.212208,5.025056,-3.143417,0.612154,,,,
3,306,306.000000,agent_2,actor_logits,1,1,4,5.025056,-3.212208,4.412903,0.069842,0.987490,-3.212208,5.025056,-3.143416,0.612153,,,,
3,306,306.000000,agent_3,actor_logits,1,1,4,5.025056,-3.212208,4.412903,0.069842,0.987490,-3.212208,5.025056,-3.143417,0.612153,,,,
3,306,306.000000,agent_4,actor_logits,1,1,4,5.025056,-3.212208,4.412904,0.069842,0.987490,-3.212208,5.025056,-3.143416,0.612153,,,,
3,306,306.000000,agent_5,actor_logits,1,1,4,5.025056,-3.212208,4.412903,0.069842,0.987490,-3.212208,5.025056,-3.143417,0.612153,,,,
3,308,308.000000,agent_0,actor_logits,1,1,4,6.299567,-10.779920,3.521078,0.187949,0.960913,2.778490,6.299567,-10.779920,1.799568,,,,
3,308,308.000000,agent_1,actor_logits,1,1,4,6.299567,-10.779919,3.521079,0.187948,0.960913,2.778488,6.299567,-10.779919,1.799568,,,,
3,308,308.000000,agent_2,actor_logits,1,1,4,6.299568,-10.779919,3.521079,0.187948,0.960913,2.778489,6.299568,-10.779919,1.799568,,,,
3,308,308.000000,agent_3,actor_logits,1,1,4,6.299568,-10.779920,3.521078,0.187949,0.960913,2.778490,6.299568,-10.779920,1.799567,,,,
3,308,308.000000,agent_4,actor_logits,1,1,4,6.299567,-10.779919,3.521077,0.187949,0.960913,2.778490,6.299567,-10.779919,1.799568,,,,
3,308,308.000000,agent_5,actor_logits,1,1,4,6.299567,-10.779920,3.521077,0.187949,0.960913,2.778490,6.299567,-10.779920,1.799568,,,,
3,310,310.000000,agent_0,actor_logits,1,1,4,6.501554,-9.698592,3.708869,0.120085,0.975195,2.792685,6.501554,-9.698592,-0.478274,,,,
3,310,310.000000,agent_1,actor_logits,1,1,4,6.501554,-9.698592,3.708870,0.120085,0.975195,2.792684,6.501554,-9.698592,-0.478274,,,,
3,310,310.000000,agent_2,actor_logits,1,1,4,6.501554,-9.698591,3.708870,0.120085,0.975195,2.792684,6.501554,-9.698591,-0.478274,,,,
3,310,310.000000,agent_3,actor_logits,1,1,4,6.501554,-9.698593,3.708869,0.120085,0.975195,2.792686,6.501554,-9.698593,-0.478274,,,,
3,310,310.000000,agent_4,actor_logits,1,1,4,6.501553,-9.698592,3.708868,0.120085,0.975195,2.792686,6.501553,-9.698592,-0.478274,,,,
3,310,310.000000,agent_5,actor_logits,1,1,4,6.501554,-9.698592,3.708868,0.120085,0.975195,2.792686,6.501554,-9.698592,-0.478274,,,,
3,312,312.000000,agent_0,actor_logits,0,1,4,4.231596,-4.580299,0.662340,0.648887,0.659113,4.231596,-2.341527,-4.580299,3.569256,,,,
3,312,312.000000,agent_1,actor_logits,0,1,4,4.231596,-4.580300,0.662340,0.648887,0.659113,4.231596,-2.341527,-4.580300,3.569256,,,,
3,312,312.000000,agent_2,actor_logits,0,1,4,4.231595,-4.580299,0.662339,0.648887,0.659113,4.231595,-2.341526,-4.580299,3.569256,,,,
3,312,312.000000,agent_3,actor_logits,0,1,4,4.231597,-4.580299,0.662342,0.648887,0.659114,4.231597,-2.341527,-4.580299,3.569256,,,,
3,312,312.000000,agent_4,actor_logits,0,1,4,4.231597,-4.580299,0.662341,0.648887,0.659114,4.231597,-2.341527,-4.580299,3.569256,,,,
3,312,312.000000,agent_5,actor_logits,0,1,4,4.231596,-4.580299,0.662341,0.648887,0.659114,4.231596,-2.341527,-4.580299,3.569256,,,,
3,314,314.000000,agent_0,actor_logits,3,1,4,5.403740,-12.733597,0.301225,0.887825,0.534513,3.370794,-12.733597,5.102516,5.403740,,,,
3,314,314.000000,agent_1,actor_logits,3,1,4,5.403739,-12.733599,0.301224,0.887825,0.534513,3.370795,-12.733599,5.102516,5.403739,,,,
3,314,314.000000,agent_2,actor_logits,3,1,4,5.403739,-12.733597,0.301224,0.887825,0.534513,3.370794,-12.733597,5.102516,5.403739,,,,
3,314,314.000000,agent_3,actor_logits,3,1,4,5.403739,-12.733597,0.301224,0.887825,0.534513,3.370795,-12.733597,5.102515,5.403739,,,,
3,314,314.000000,agent_4,actor_logits,3,1,4,5.403739,-12.733597,0.301224,0.887825,0.534513,3.370794,-12.733597,5.102516,5.403739,,,,
3,314,314.000000,agent_5,actor_logits,3,1,4,5.403739,-12.733597,0.301224,0.887825,0.534513,3.370794,-12.733597,5.102515,5.403739,,,,
3,316,316.000000,agent_0,actor_logits,0,1,4,4.952983,-7.630099,2.668669,0.363107,0.908408,4.952983,1.494565,-7.630099,2.284314,,,,
3,316,316.000000,agent_1,actor_logits,0,1,4,4.952984,-7.630101,2.668672,0.363106,0.908408,4.952984,1.494564,-7.630101,2.284312,,,,
3,316,316.000000,agent_2,actor_logits,0,1,4,4.952984,-7.630101,2.668671,0.363106,0.908408,4.952984,1.494564,-7.630101,2.284313,,,,
3,316,316.000000,agent_3,actor_logits,0,1,4,4.952984,-7.630100,2.668671,0.363106,0.908408,4.952984,1.494564,-7.630100,2.284313,,,,
3,316,316.000000,agent_4,actor_logits,0,1,4,4.952984,-7.630101,2.668670,0.363106,0.908408,4.952984,1.494565,-7.630101,2.284313,,,,
3,316,316.000000,agent_5,actor_logits,0,1,4,4.952984,-7.630101,2.668671,0.363106,0.908408,4.952984,1.494564,-7.630101,2.284313,,,,
3,318,318.000000,agent_0,actor_logits,0,1,4,4.947454,-10.942211,0.080144,0.723855,0.517024,4.947454,-10.942211,4.867310,0.452253,,,,
3,318,318.000000,agent_1,actor_logits,0,1,4,4.947454,-10.942211,0.080144,0.723855,0.517024,4.947454,-10.942211,4.867311,0.452252,,,,
3,318,318.000000,agent_2,actor_logits,0,1,4,4.947455,-10.942212,0.080145,0.723855,0.517024,4.947455,-10.942212,4.867310,0.452252,,,,
3,318,318.000000,agent_3,actor_logits,0,1,4,4.947454,-10.942211,0.080144,0.723855,0.517024,4.947454,-10.942211,4.867310,0.452253,,,,
3,318,318.000000,agent_4,actor_logits,0,1,4,4.947454,-10.942211,0.080143,0.723855,0.517024,4.947454,-10.942211,4.867311,0.452253,,,,
3,318,318.000000,agent_5,actor_logits,0,1,4,4.947455,-10.942211,0.080145,0.723855,0.517024,4.947455,-10.942211,4.867310,0.452252,,,,
3,320,320.000000,agent_0,actor_logits,0,1,4,4.692639,-8.039310,0.131684,0.719107,0.530199,4.692639,0.032153,-8.039310,4.560955,,,,
3,320,320.000000,agent_1,actor_logits,0,1,4,4.692640,-8.039310,0.131684,0.719106,0.530199,4.692640,0.032152,-8.039310,4.560956,,,,
3,320,320.000000,agent_2,actor_logits,0,1,4,4.692640,-8.039310,0.131685,0.719107,0.530200,4.692640,0.032153,-8.039310,4.560955,,,,
3,320,320.000000,agent_3,actor_logits,0,1,4,4.692638,-8.039310,0.131683,0.719107,0.530199,4.692638,0.032153,-8.039310,4.560955,,,,
3,320,320.000000,agent_4,actor_logits,0,1,4,4.692639,-8.039310,0.131684,0.719107,0.530199,4.692639,0.032153,-8.039310,4.560956,,,,
3,320,320.000000,agent_5,actor_logits,0,1,4,4.692639,-8.039310,0.131685,0.719107,0.530200,4.692639,0.032153,-8.039310,4.560955,,,,
3,322,322.000000,agent_0,actor_logits,0,1,4,13.649858,-7.730071,12.001539,0.000080,0.999994,13.649858,-7.730071,-7.310847,1.648319,,,,
3,322,322.000000,agent_1,actor_logits,0,1,4,13.649858,-7.730071,12.001539,0.000080,0.999994,13.649858,-7.730071,-7.310846,1.648319,,,,
3,322,322.000000,agent_2,actor_logits,0,1,4,13.649858,-7.730070,12.001540,0.000080,0.999994,13.649858,-7.730070,-7.310846,1.648319,,,,
3,322,322.000000,agent_3,actor_logits,0,1,4,13.649858,-7.730071,12.001538,0.000080,0.999994,13.649858,-7.730071,-7.310846,1.648320,,,,
3,322,322.000000,agent_4,actor_logits,0,1,4,13.649858,-7.730072,12.001539,0.000080,0.999994,13.649858,-7.730072,-7.310846,1.648320,,,,
3,322,322.000000,agent_5,actor_logits,0,1,4,13.649858,-7.730071,12.001539,0.000080,0.999994,13.649858,-7.730071,-7.310846,1.648319,,,,
3,324,324.000000,agent_0,actor_logits,1,1,4,2.077602,-2.911642,2.964076,0.397061,0.905382,-0.886475,2.077602,-0.999627,-2.911642,,,,
3,324,324.000000,agent_1,actor_logits,1,1,4,2.077601,-2.911643,2.964076,0.397061,0.905382,-0.886475,2.077601,-0.999627,-2.911643,,,,
3,324,324.000000,agent_2,actor_logits,1,1,4,2.077602,-2.911642,2.964077,0.397061,0.905382,-0.886475,2.077602,-0.999627,-2.911642,,,,
3,324,324.000000,agent_3,actor_logits,1,1,4,2.077602,-2.911642,2.964078,0.397061,0.905382,-0.886476,2.077602,-0.999627,-2.911642,,,,
3,324,324.000000,agent_4,actor_logits,1,1,4,2.077601,-2.911642,2.964076,0.397061,0.905382,-0.886475,2.077601,-0.999627,-2.911642,,,,
3,324,324.000000,agent_5,actor_logits,1,1,4,2.077601,-2.911643,2.964076,0.397061,0.905382,-0.886475,2.077601,-0.999627,-2.911643,,,,
3,326,326.000000,agent_0,actor_logits,0,1,3,8.042435,-13.257819,6.719634,0.009307,0.998794,8.042435,1.322801,-13.257819,,,,,
3,326,326.000000,agent_1,actor_logits,0,1,3,8.042435,-13.257819,6.719634,0.009307,0.998794,8.042435,1.322801,-13.257819,,,,,
3,326,326.000000,agent_2,actor_logits,0,1,3,8.042434,-13.257819,6.719633,0.009307,0.998794,8.042434,1.322801,-13.257819,,,,,
3,326,326.000000,agent_3,actor_logits,0,1,3,8.042434,-13.257819,6.719633,0.009307,0.998794,8.042434,1.322800,-13.257819,,,,,
3,326,326.000000,agent_4,actor_logits,0,1,3,8.042435,-13.257819,6.719635,0.009307,0.998794,8.042435,1.322800,-13.257819,,,,,
3,326,326.000000,agent_5,actor_logits,0,1,3,8.042435,-13.257819,6.719635,0.009307,0.998794,8.042435,1.322800,-13.257819,,,,,
3,328,328.000000,agent_0,actor_logits,0,1,2,-4.052485,-9.708155,5.655670,0.023204,0.996515,-4.052485,-9.708155,,,,,,
3,328,328.000000,agent_1,actor_logits,0,1,2,-4.052485,-9.708153,5.655668,0.023204,0.996515,-4.052485,-9.708153,,,,,,
3,328,328.000000,agent_2,actor_logits,0,1,2,-4.052485,-9.708155,5.655670,0.023204,0.996515,-4.052485,-9.708155,,,,,,
3,328,328.000000,agent_3,actor_logits,0,1,2,-4.052485,-9.708155,5.655670,0.023204,0.996515,-4.052485,-9.708155,,,,,,
3,328,328.000000,agent_4,actor_logits,0,1,2,-4.052485,-9.708153,5.655668,0.023204,0.996515,-4.052485,-9.708153,,,,,,
3,328,328.000000,agent_5,actor_logits,0,1,2,-4.052484,-9.708155,5.655671,0.023204,0.996515,-4.052484,-9.708155,,,,,,
3,330,330.000000,agent_0,actor_logits,1,1,3,5.840337,-6.666129,11.746006,0.000151,0.999988,-5.905668,5.840337,-6.666129,,,,,
3,330,330.000000,agent_1,actor_logits,1,1,3,5.840337,-6.666128,11.746006,0.000151,0.999988,-5.905669,5.840337,-6.666128,,,,,
3,330,330.000000,agent_2,actor_logits,1,1,3,5.840337,-6.666127,11.746006,0.000151,0.999988,-5.905669,5.840337,-6.666127,,,,,
3,330,330.000000,agent_3,actor_logits,1,1,3,5.840337,-6.666128,11.746006,0.000151,0.999988,-5.905669,5.840337,-6.666128,,,,,
3,330,330.000000,agent_4,actor_logits,1,1,3,5.840337,-6.666127,11.746006,0.000151,0.999988,-5.905669,5.840337,-6.666127,,,,,
3,330,330.000000,agent_5,actor_logits,1,1,3,5.840337,-6.666128,11.746006,0.000151,0.999988,-5.905668,5.840337,-6.666128,,,,,
3,332,332.000000,agent_0,actor_logits,1,1,3,9.236054,-19.839357,11.197874,0.000167,0.999986,-19.839357,9.236054,-1.961820,,,,,
3,332,332.000000,agent_1,actor_logits,1,1,3,9.236054,-19.839357,11.197874,0.000167,0.999986,-19.839357,9.236054,-1.961820,,,,,
3,332,332.000000,agent_2,actor_logits,1,1,3,9.236053,-19.839357,11.197873,0.000167,0.999986,-19.839357,9.236053,-1.961819,,,,,
3,332,332.000000,agent_3,actor_logits,1,1,3,9.236054,-19.839357,11.197874,0.000167,0.999986,-19.839357,9.236054,-1.961820,,,,,
3,332,332.000000,agent_4,actor_logits,1,1,3,9.236053,-19.839357,11.197873,0.000167,0.999986,-19.839357,9.236053,-1.961820,,,,,
3,332,332.000000,agent_5,actor_logits,1,1,3,9.236054,-19.839357,11.197874,0.000167,0.999986,-19.839357,9.236054,-1.961820,,,,,
3,334,334.000000,agent_0,actor_logits,1,1,3,6.791646,-21.520403,3.516781,0.130681,0.971161,-21.520403,6.791646,3.274865,,,,,
3,334,334.000000,agent_1,actor_logits,1,1,3,6.791646,-21.520401,3.516780,0.130681,0.971161,-21.520401,6.791646,3.274866,,,,,
3,334,334.000000,agent_2,actor_logits,1,1,3,6.791645,-21.520401,3.516778,0.130682,0.971161,-21.520401,6.791645,3.274867,,,,,
3,334,334.000000,agent_3,actor_logits,1,1,3,6.791646,-21.520401,3.516781,0.130681,0.971161,-21.520401,6.791646,3.274865,,,,,
3,334,334.000000,agent_4,actor_logits,1,1,3,6.791646,-21.520401,3.516780,0.130681,0.971161,-21.520401,6.791646,3.274866,,,,,
3,334,334.000000,agent_5,actor_logits,1,1,3,6.791646,-21.520403,3.516780,0.130681,0.971161,-21.520403,6.791646,3.274866,,,,,
3,336,336.000000,agent_0,actor_logits,2,1,3,6.396626,-21.244081,1.780329,0.412626,0.855738,-21.244081,4.616298,6.396626,,,,,
3,336,336.000000,agent_1,actor_logits,2,1,3,6.396627,-21.244081,1.780330,0.412626,0.855738,-21.244081,4.616297,6.396627,,,,,
3,336,336.000000,agent_2,actor_logits,2,1,3,6.396628,-21.244081,1.780332,0.412626,0.855738,-21.244081,4.616296,6.396628,,,,,
3,336,336.000000,agent_3,actor_logits,2,1,3,6.396627,-21.244081,1.780330,0.412626,0.855738,-21.244081,4.616297,6.396627,,,,,
3,336,336.000000,agent_4,actor_logits,2,1,3,6.396627,-21.244081,1.780330,0.412626,0.855738,-21.244081,4.616297,6.396627,,,,,
3,336,336.000000,agent_5,actor_logits,2,1,3,6.396627,-21.244081,1.780331,0.412626,0.855738,-21.244081,4.616297,6.396627,,,,,
3,338,338.000000,agent_0,actor_logits,3,1,4,11.239626,-16.333052,5.839446,0.023189,0.996723,-16.333052,3.358164,5.400180,11.239626,,,,
3,338,338.000000,agent_1,actor_logits,3,1,4,11.239626,-16.333052,5.839446,0.023189,0.996723,-16.333052,3.358164,5.400180,11.239626,,,,
3,338,338.000000,agent_2,actor_logits,3,1,4,11.239627,-16.333052,5.839446,0.023189,0.996723,-16.333052,3.358163,5.400181,11.239627,,,,
3,338,338.000000,agent_3,actor_logits,3,1,4,11.239626,-16.333052,5.839446,0.023189,0.996723,-16.333052,3.358163,5.400180,11.239626,,,,
3,338,338.000000,agent_4,actor_logits,3,1,4,11.239626,-16.333052,5.839446,0.023189,0.996723,-16.333052,3.358164,5.400180,11.239626,,,,
3,338,338.000000,agent_5,actor_logits,3,1,4,11.239626,-16.333052,5.839446,0.023189,0.996723,-16.333052,3.358164,5.400180,11.239626,,,,
3,340,340.000000,agent_0,actor_logits,3,1,4,7.025106,-2.878116,7.672554,0.007474,0.999165,-2.878116,-0.647448,-1.020757,7.025106,,,,
3,340,340.000000,agent_1,actor_logits,3,1,4,7.025107,-2.878116,7.672555,0.007474,0.999165,-2.878116,-0.647449,-1.020757,7.025107,,,,
3,340,340.000000,agent_2,actor_logits,3,1,4,7.025107,-2.878116,7.672556,0.007474,0.999165,-2.878116,-0.647449,-1.020757,7.025107,,,,
3,340,340.000000,agent_3,actor_logits,3,1,4,7.025106,-2.878115,7.672554,0.007474,0.999165,-2.878115,-0.647448,-1.020757,7.025106,,,,
3,340,340.000000,agent_4,actor_logits,3,1,4,7.025106,-2.878116,7.672554,0.007474,0.999165,-2.878116,-0.647448,-1.020757,7.025106,,,,
3,340,340.000000,agent_5,actor_logits,3,1,4,7.025106,-2.878115,7.672555,0.007474,0.999165,-2.878115,-0.647449,-1.020758,7.025106,,,,
3,342,342.000000,agent_0,actor_logits,1,1,4,6.334859,-2.987897,8.214787,0.005113,0.999464,-1.879927,6.334859,-2.987897,-2.309136,,,,
3,342,342.000000,agent_1,actor_logits,1,1,4,6.334858,-2.987897,8.214786,0.005113,0.999464,-1.879927,6.334858,-2.987897,-2.309137,,,,
3,342,342.000000,agent_2,actor_logits,1,1,4,6.334858,-2.987897,8.214785,0.005113,0.999464,-1.879927,6.334858,-2.987897,-2.309136,,,,
3,342,342.000000,agent_3,actor_logits,1,1,4,6.334858,-2.987898,8.214786,0.005113,0.999464,-1.879928,6.334858,-2.987898,-2.309136,,,,
3,342,342.000000,agent_4,actor_logits,1,1,4,6.334858,-2.987897,8.214786,0.005113,0.999464,-1.879927,6.334858,-2.987897,-2.309137,,,,
3,342,342.000000,agent_5,actor_logits,1,1,4,6.334858,-2.987897,8.214786,0.005113,0.999464,-1.879927,6.334858,-2.987897,-2.309137,,,,
3,344,344.000000,agent_0,actor_logits,0,1,4,12.519753,-13.113924,8.528679,0.001889,0.999802,12.519753,-13.113924,-2.342014,3.991074,,,,
3,344,344.000000,agent_1,actor_logits,0,1,4,12.519753,-13.113924,8.528679,0.001889,0.999802,12.519753,-13.113924,-2.342014,3.991075,,,,
3,344,344.000000,agent_2,actor_logits,0,1,4,12.519753,-13.113924,8.528679,0.001889,0.999802,12.519753,-13.113924,-2.342014,3.991074,,,,
3,344,344.000000,agent_3,actor_logits,0,1,4,12.519753,-13.113924,8.528679,0.001889,0.999802,12.519753,-13.113924,-2.342014,3.991075,,,,
3,344,344.000000,agent_4,actor_logits,0,1,4,12.519753,-13.113924,8.528679,0.001889,0.999802,12.519753,-13.113924,-2.342014,3.991074,,,,
3,344,344.000000,agent_5,actor_logits,0,1,4,12.519754,-13.113925,8.528680,0.001889,0.999802,12.519754,-13.113925,-2.342014,3.991075,,,,
3,346,346.000000,agent_0,actor_logits,0,1,4,14.087612,-16.712410,8.516495,0.001910,0.999800,14.087612,-16.712410,-0.656640,5.571117,,,,
3,346,346.000000,agent_1,actor_logits,0,1,4,14.087611,-16.712410,8.516495,0.001910,0.999800,14.087611,-16.712410,-0.656639,5.571117,,,,
3,346,346.000000,agent_2,actor_logits,0,1,4,14.087611,-16.712410,8.516494,0.001910,0.999800,14.087611,-16.712410,-0.656640,5.571117,,,,
3,346,346.000000,agent_3,actor_logits,0,1,4,14.087612,-16.712410,8.516495,0.001910,0.999800,14.087612,-16.712410,-0.656640,5.571117,,,,
3,346,346.000000,agent_4,actor_logits,0,1,4,14.087612,-16.712410,8.516496,0.001910,0.999800,14.087612,-16.712410,-0.656640,5.571116,,,,
3,346,346.000000,agent_5,actor_logits,0,1,4,14.087612,-16.712410,8.516495,0.001910,0.999800,14.087612,-16.712410,-0.656639,5.571117,,,,
3,348,348.000000,agent_0,actor_logits,3,1,4,3.136129,-5.334543,0.778988,0.697955,0.674024,-5.334543,-0.571033,2.357141,3.136129,,,,
3,348,348.000000,agent_1,actor_logits,3,1,4,3.136129,-5.334544,0.778988,0.697955,0.674024,-5.334544,-0.571033,2.357141,3.136129,,,,
3,348,348.000000,agent_2,actor_logits,3,1,4,3.136130,-5.334543,0.778989,0.697955,0.674024,-5.334543,-0.571033,2.357141,3.136130,,,,
3,348,348.000000,agent_3,actor_logits,3,1,4,3.136129,-5.334543,0.778989,0.697955,0.674024,-5.334543,-0.571032,2.357141,3.136129,,,,
3,348,348.000000,agent_4,actor_logits,3,1,4,3.136129,-5.334543,0.778988,0.697955,0.674024,-5.334543,-0.571033,2.357141,3.136129,,,,
3,348,348.000000,agent_5,actor_logits,3,1,4,3.136129,-5.334543,0.778987,0.697955,0.674024,-5.334543,-0.571033,2.357141,3.136129,,,,
3,350,350.000000,agent_0,actor_logits,0,1,4,9.427437,-9.174901,5.934006,0.018387,0.997354,9.427437,-9.174901,-2.690722,3.493431,,,,
3,350,350.000000,agent_1,actor_logits,0,1,4,9.427437,-9.174902,5.934006,0.018387,0.997354,9.427437,-9.174902,-2.690721,3.493431,,,,
3,350,350.000000,agent_2,actor_logits,0,1,4,9.427437,-9.174902,5.934005,0.018387,0.997354,9.427437,-9.174902,-2.690722,3.493432,,,,
3,350,350.000000,agent_3,actor_logits,0,1,4,9.427437,-9.174901,5.934005,0.018387,0.997354,9.427437,-9.174901,-2.690722,3.493432,,,,
3,350,350.000000,agent_4,actor_logits,0,1,4,9.427437,-9.174900,5.934005,0.018387,0.997354,9.427437,-9.174900,-2.690722,3.493432,,,,
3,350,350.000000,agent_5,actor_logits,0,1,4,9.427437,-9.174902,5.934005,0.018387,0.997354,9.427437,-9.174902,-2.690722,3.493432,,,,
3,352,352.000000,agent_0,actor_logits,1,1,4,1.301066,-2.118516,0.447597,0.960785,0.553675,-2.118516,1.301066,-0.707171,0.853469,,,,
3,352,352.000000,agent_1,actor_logits,1,1,4,1.301066,-2.118515,0.447597,0.960785,0.553675,-2.118515,1.301066,-0.707171,0.853469,,,,
3,352,352.000000,agent_2,actor_logits,1,1,4,1.301066,-2.118516,0.447597,0.960785,0.553675,-2.118516,1.301066,-0.707170,0.853469,,,,
3,352,352.000000,agent_3,actor_logits,1,1,4,1.301065,-2.118515,0.447596,0.960785,0.553675,-2.118515,1.301065,-0.707171,0.853469,,,,
3,352,352.000000,agent_4,actor_logits,1,1,4,1.301065,-2.118516,0.447596,0.960785,0.553675,-2.118516,1.301065,-0.707171,0.853469,,,,
3,352,352.000000,agent_5,actor_logits,1,1,4,1.301065,-2.118515,0.447596,0.960785,0.553675,-2.118515,1.301065,-0.707171,0.853469,,,,
3,354,354.000000,agent_0,actor_logits,3,1,4,3.574065,-5.472227,1.561278,0.611702,0.793410,2.012787,0.586253,-5.472227,3.574065,,,,
3,354,354.000000,agent_1,actor_logits,3,1,4,3.574064,-5.472227,1.561276,0.611702,0.793409,2.012787,0.586253,-5.472227,3.574064,,,,
3,354,354.000000,agent_2,actor_logits,3,1,4,3.574064,-5.472228,1.561277,0.611702,0.793409,2.012787,0.586253,-5.472228,3.574064,,,,
3,354,354.000000,agent_3,actor_logits,3,1,4,3.574064,-5.472228,1.561277,0.611702,0.793409,2.012787,0.586253,-5.472228,3.574064,,,,
3,354,354.000000,agent_4,actor_logits,3,1,4,3.574065,-5.472227,1.561279,0.611702,0.793410,2.012786,0.586253,-5.472227,3.574065,,,,
3,354,354.000000,agent_5,actor_logits,3,1,4,3.574064,-5.472228,1.561277,0.611702,0.793409,2.012787,0.586253,-5.472228,3.574064,,,,
3,356,356.000000,agent_0,actor_logits,0,1,4,9.700251,-6.629757,7.237112,0.005929,0.999281,9.700251,-6.629757,-5.024869,2.463139,,,,
3,356,356.000000,agent_1,actor_logits,0,1,4,9.700250,-6.629757,7.237111,0.005929,0.999281,9.700250,-6.629757,-5.024868,2.463139,,,,
3,356,356.000000,agent_2,actor_logits,0,1,4,9.700249,-6.629756,7.237110,0.005929,0.999281,9.700249,-6.629756,-5.024868,2.463139,,,,
3,356,356.000000,agent_3,actor_logits,0,1,4,9.700250,-6.629756,7.237111,0.005929,0.999281,9.700250,-6.629756,-5.024869,2.463139,,,,
3,356,356.000000,agent_4,actor_logits,0,1,4,9.700249,-6.629757,7.237110,0.005929,0.999281,9.700249,-6.629757,-5.024868,2.463139,,,,
3,356,356.000000,agent_5,actor_logits,0,1,4,9.700249,-6.629756,7.237110,0.005929,0.999281,9.700249,-6.629756,-5.024869,2.463139,,,,
3,358,358.000000,agent_0,actor_logits,1,1,4,3.405477,-3.538006,2.392558,0.302922,0.914442,1.012919,3.405477,-3.538006,-3.317748,,,,
3,358,358.000000,agent_1,actor_logits,1,1,4,3.405477,-3.538006,2.392558,0.302922,0.914442,1.012919,3.405477,-3.538006,-3.317747,,,,
3,358,358.000000,agent_2,actor_logits,1,1,4,3.405477,-3.538006,2.392558,0.302922,0.914442,1.012919,3.405477,-3.538006,-3.317747,,,,
3,358,358.000000,agent_3,actor_logits,1,1,4,3.405477,-3.538006,2.392558,0.302922,0.914442,1.012919,3.405477,-3.538006,-3.317747,,,,
3,358,358.000000,agent_4,actor_logits,1,1,4,3.405477,-3.538006,2.392558,0.302922,0.914442,1.012919,3.405477,-3.538006,-3.317748,,,,
3,358,358.000000,agent_5,actor_logits,1,1,4,3.405477,-3.538006,2.392558,0.302922,0.914442,1.012919,3.405477,-3.538006,-3.317748,,,,
3,360,360.000000,agent_0,actor_logits,0,1,4,6.913328,-10.533364,3.812434,0.116209,0.976785,6.913328,0.519596,-10.533364,3.100894,,,,
3,360,360.000000,agent_1,actor_logits,0,1,4,6.913328,-10.533364,3.812434,0.116209,0.976785,6.913328,0.519595,-10.533364,3.100894,,,,
3,360,360.000000,agent_2,actor_logits,0,1,4,6.913329,-10.533364,3.812434,0.116209,0.976785,6.913329,0.519595,-10.533364,3.100895,,,,
3,360,360.000000,agent_3,actor_logits,0,1,4,6.913328,-10.533364,3.812433,0.116209,0.976785,6.913328,0.519595,-10.533364,3.100895,,,,
3,360,360.000000,agent_4,actor_logits,0,1,4,6.913329,-10.533364,3.812434,0.116209,0.976785,6.913329,0.519594,-10.533364,3.100894,,,,
3,360,360.000000,agent_5,actor_logits,0,1,4,6.913329,-10.533365,3.812434,0.116209,0.976785,6.913329,0.519595,-10.533365,3.100895,,,,
3,362,362.000000,agent_0,actor_logits,0,1,3,10.138752,-16.583479,8.755445,0.001537,0.999842,10.138752,1.383307,-16.583479,,,,,
3,362,362.000000,agent_1,actor_logits,0,1,3,10.138752,-16.583479,8.755445,0.001537,0.999842,10.138752,1.383307,-16.583479,,,,,
3,362,362.000000,agent_2,actor_logits,0,1,3,10.138751,-16.583479,8.755444,0.001537,0.999842,10.138751,1.383307,-16.583479,,,,,
3,362,362.000000,agent_3,actor_logits,0,1,3,10.138751,-16.583479,8.755444,0.001537,0.999842,10.138751,1.383308,-16.583479,,,,,
3,362,362.000000,agent_4,actor_logits,0,1,3,10.138751,-16.583479,8.755444,0.001537,0.999842,10.138751,1.383307,-16.583479,,,,,
3,362,362.000000,agent_5,actor_logits,0,1,3,10.138751,-16.583479,8.755444,0.001537,0.999842,10.138751,1.383307,-16.583479,,,,,
3,364,364.000000,agent_0,actor_logits,0,1,2,-6.346082,-9.590167,3.244085,0.160046,0.962460,-6.346082,-9.590167,,,,,,
3,364,364.000000,agent_1,actor_logits,0,1,2,-6.346083,-9.590167,3.244084,0.160046,0.962460,-6.346083,-9.590167,,,,,,
3,364,364.000000,agent_2,actor_logits,0,1,2,-6.346083,-9.590167,3.244084,0.160046,0.962460,-6.346083,-9.590167,,,,,,
3,364,364.000000,agent_3,actor_logits,0,1,2,-6.346083,-9.590168,3.244085,0.160046,0.962460,-6.346083,-9.590168,,,,,,
3,364,364.000000,agent_4,actor_logits,0,1,2,-6.346083,-9.590167,3.244084,0.160046,0.962460,-6.346083,-9.590167,,,,,,
3,364,364.000000,agent_5,actor_logits,0,1,2,-6.346082,-9.590167,3.244085,0.160046,0.962460,-6.346082,-9.590167,,,,,,
3,366,366.000000,agent_0,actor_logits,1,1,3,2.937214,-6.042305,7.197541,0.007386,0.999126,-4.260327,2.937214,-6.042305,,,,,
3,366,366.000000,agent_1,actor_logits,1,1,3,2.937214,-6.042305,7.197542,0.007386,0.999126,-4.260328,2.937214,-6.042305,,,,,
3,366,366.000000,agent_2,actor_logits,1,1,3,2.937214,-6.042305,7.197541,0.007386,0.999126,-4.260327,2.937214,-6.042305,,,,,
3,366,366.000000,agent_3,actor_logits,1,1,3,2.937214,-6.042306,7.197540,0.007386,0.999126,-4.260326,2.937214,-6.042306,,,,,
3,366,366.000000,agent_4,actor_logits,1,1,3,2.937214,-6.042305,7.197542,0.007386,0.999126,-4.260328,2.937214,-6.042305,,,,,
3,366,366.000000,agent_5,actor_logits,1,1,3,2.937215,-6.042306,7.197542,0.007386,0.999126,-4.260328,2.937215,-6.042306,,,,,
3,368,368.000000,agent_0,actor_logits,1,1,3,7.738688,-15.840570,11.706860,0.000105,0.999992,-15.840570,7.738688,-3.968172,,,,,
3,368,368.000000,agent_1,actor_logits,1,1,3,7.738687,-15.840571,11.706859,0.000105,0.999992,-15.840571,7.738687,-3.968172,,,,,
3,368,368.000000,agent_2,actor_logits,1,1,3,7.738687,-15.840570,11.706859,0.000105,0.999992,-15.840570,7.738687,-3.968171,,,,,
3,368,368.000000,agent_3,actor_logits,1,1,3,7.738688,-15.840570,11.706861,0.000105,0.999992,-15.840570,7.738688,-3.968173,,,,,
3,368,368.000000,agent_4,actor_logits,1,1,3,7.738688,-15.840571,11.706860,0.000105,0.999992,-15.840571,7.738688,-3.968172,,,,,
3,368,368.000000,agent_5,actor_logits,1,1,3,7.738688,-15.840571,11.706860,0.000105,0.999992,-15.840571,7.738688,-3.968171,,,,,
3,370,370.000000,agent_0,actor_logits,1,1,3,7.262914,-20.635607,7.344644,0.005388,0.999354,-20.635607,7.262914,-0.081730,,,,,
3,370,370.000000,agent_1,actor_logits,1,1,3,7.262914,-20.635607,7.344643,0.005388,0.999354,-20.635607,7.262914,-0.081730,,,,,
3,370,370.000000,agent_2,actor_logits,1,1,3,7.262914,-20.635607,7.344643,0.005388,0.999354,-20.635607,7.262914,-0.081729,,,,,
3,370,370.000000,agent_3,actor_logits,1,1,3,7.262914,-20.635605,7.344645,0.005388,0.999354,-20.635605,7.262914,-0.081730,,,,,
3,370,370.000000,agent_4,actor_logits,1,1,3,7.262914,-20.635607,7.344644,0.005388,0.999354,-20.635607,7.262914,-0.081730,,,,,
3,370,370.000000,agent_5,actor_logits,1,1,3,7.262913,-20.635607,7.344642,0.005388,0.999354,-20.635607,7.262913,-0.081729,,,,,
3,372,372.000000,agent_0,actor_logits,1,1,3,7.269520,-22.184240,4.101808,0.083158,0.983726,-22.184240,7.269520,3.167713,,,,,
3,372,372.000000,agent_1,actor_logits,1,1,3,7.269520,-22.184244,4.101807,0.083158,0.983726,-22.184244,7.269520,3.167713,,,,,
3,372,372.000000,agent_2,actor_logits,1,1,3,7.269519,-22.184242,4.101806,0.083158,0.983726,-22.184242,7.269519,3.167713,,,,,
3,372,372.000000,agent_3,actor_logits,1,1,3,7.269520,-22.184242,4.101808,0.083158,0.983726,-22.184242,7.269520,3.167713,,,,,
3,372,372.000000,agent_4,actor_logits,1,1,3,7.269520,-22.184240,4.101807,0.083158,0.983726,-22.184240,7.269520,3.167713,,,,,
3,372,372.000000,agent_5,actor_logits,1,1,3,7.269519,-22.184242,4.101806,0.083158,0.983726,-22.184242,7.269519,3.167714,,,,,
3,374,374.000000,agent_0,actor_logits,2,1,3,9.455441,-18.452814,10.036366,0.000483,0.999956,-18.452814,-0.580925,9.455441,,,,,
3,374,374.000000,agent_1,actor_logits,2,1,3,9.455441,-18.452814,10.036366,0.000483,0.999956,-18.452814,-0.580925,9.455441,,,,,
3,374,374.000000,agent_2,actor_logits,2,1,3,9.455441,-18.452814,10.036367,0.000483,0.999956,-18.452814,-0.580926,9.455441,,,,,
3,374,374.000000,agent_3,actor_logits,2,1,3,9.455441,-18.452814,10.036366,0.000483,0.999956,-18.452814,-0.580925,9.455441,,,,,
3,374,374.000000,agent_4,actor_logits,2,1,3,9.455441,-18.452814,10.036366,0.000483,0.999956,-18.452814,-0.580925,9.455441,,,,,
3,374,374.000000,agent_5,actor_logits,2,1,3,9.455441,-18.452812,10.036366,0.000483,0.999956,-18.452812,-0.580926,9.455441,,,,,
3,376,376.000000,agent_0,actor_logits,3,1,4,8.834150,-6.874563,6.328249,0.013318,0.998196,-6.874563,2.505901,-1.901335,8.834150,,,,
3,376,376.000000,agent_1,actor_logits,3,1,4,8.834150,-6.874563,6.328249,0.013318,0.998196,-6.874563,2.505901,-1.901335,8.834150,,,,
3,376,376.000000,agent_2,actor_logits,3,1,4,8.834150,-6.874563,6.328250,0.013318,0.998196,-6.874563,2.505901,-1.901334,8.834150,,,,
3,376,376.000000,agent_3,actor_logits,3,1,4,8.834150,-6.874563,6.328249,0.013318,0.998196,-6.874563,2.505901,-1.901335,8.834150,,,,
3,376,376.000000,agent_4,actor_logits,3,1,4,8.834151,-6.874563,6.328250,0.013318,0.998196,-6.874563,2.505901,-1.901335,8.834151,,,,
3,376,376.000000,agent_5,actor_logits,3,1,4,8.834150,-6.874563,6.328250,0.013318,0.998196,-6.874563,2.505900,-1.901334,8.834150,,,,
3,378,378.000000,agent_0,actor_logits,3,1,4,5.698453,-3.324697,5.296511,0.041086,0.993812,-1.116619,0.401942,-3.324697,5.698453,,,,
3,378,378.000000,agent_1,actor_logits,3,1,4,5.698453,-3.324697,5.296511,0.041086,0.993812,-1.116619,0.401942,-3.324697,5.698453,,,,
3,378,378.000000,agent_2,actor_logits,3,1,4,5.698453,-3.324697,5.296512,0.041086,0.993812,-1.116619,0.401942,-3.324697,5.698453,,,,
3,378,378.000000,agent_3,actor_logits,3,1,4,5.698453,-3.324697,5.296511,0.041086,0.993812,-1.116619,0.401943,-3.324697,5.698453,,,,
3,378,378.000000,agent_4,actor_logits,3,1,4,5.698453,-3.324696,5.296511,0.041086,0.993812,-1.116619,0.401942,-3.324696,5.698453,,,,
3,378,378.000000,agent_5,actor_logits,3,1,4,5.698454,-3.324697,5.296512,0.041086,0.993812,-1.116619,0.401942,-3.324697,5.698454,,,,
3,380,380.000000,agent_0,actor_logits,1,1,4,3.807899,-5.966308,2.624358,0.467648,0.873545,1.183541,3.807899,-5.966308,1.179826,,,,
3,380,380.000000,agent_1,actor_logits,1,1,4,3.807899,-5.966307,2.624358,0.467649,0.873545,1.183541,3.807899,-5.966307,1.179827,,,,
3,380,380.000000,agent_2,actor_logits,1,1,4,3.807898,-5.966307,2.624357,0.467649,0.873545,1.183541,3.807898,-5.966307,1.179827,,,,
3,380,380.000000,agent_3,actor_logits,1,1,4,3.807899,-5.966308,2.624357,0.467649,0.873545,1.183541,3.807899,-5.966308,1.179827,,,,
3,380,380.000000,agent_4,actor_logits,1,1,4,3.807899,-5.966307,2.624357,0.467649,0.873545,1.183541,3.807899,-5.966307,1.179826,,,,
3,380,380.000000,agent_5,actor_logits,1,1,4,3.807898,-5.966307,2.624357,0.467649,0.873545,1.183541,3.807898,-5.966307,1.179827,,,,
3,382,382.000000,agent_0,actor_logits,0,1,4,7.076458,-10.341908,4.717752,0.071069,0.988150,7.076458,2.358707,-10.341908,1.286263,,,,
3,382,382.000000,agent_1,actor_logits,0,1,4,7.076459,-10.341908,4.717752,0.071069,0.988150,7.076459,2.358706,-10.341908,1.286263,,,,
3,382,382.000000,agent_2,actor_logits,0,1,4,7.076458,-10.341908,4.717752,0.071069,0.988150,7.076458,2.358706,-10.341908,1.286263,,,,
3,382,382.000000,agent_3,actor_logits,0,1,4,7.076458,-10.341908,4.717752,0.071069,0.988150,7.076458,2.358706,-10.341908,1.286263,,,,
3,382,382.000000,agent_4,actor_logits,0,1,4,7.076459,-10.341908,4.717752,0.071069,0.988150,7.076459,2.358707,-10.341908,1.286263,,,,
3,382,382.000000,agent_5,actor_logits,0,1,4,7.076459,-10.341908,4.717753,0.071069,0.988150,7.076459,2.358706,-10.341908,1.286263,,,,
3,384,384.000000,agent_0,actor_logits,0,1,4,10.539557,-11.586422,6.752076,0.009088,0.998830,10.539557,-11.586422,-2.217046,3.787480,,,,
3,384,384.000000,agent_1,actor_logits,0,1,4,10.539557,-11.586422,6.752077,0.009088,0.998830,10.539557,-11.586422,-2.217047,3.787481,,,,
3,384,384.000000,agent_2,actor_logits,0,1,4,10.539557,-11.586422,6.752077,0.009088,0.998830,10.539557,-11.586422,-2.217046,3.787480,,,,
3,384,384.000000,agent_3,actor_logits,0,1,4,10.539557,-11.586422,6.752077,0.009088,0.998830,10.539557,-11.586422,-2.217047,3.787480,,,,
3,384,384.000000,agent_4,actor_logits,0,1,4,10.539557,-11.586422,6.752076,0.009088,0.998830,10.539557,-11.586422,-2.217046,3.787480,,,,
3,384,384.000000,agent_5,actor_logits,0,1,4,10.539557,-11.586422,6.752077,0.009088,0.998830,10.539557,-11.586422,-2.217046,3.787480,,,,
3,386,386.000000,agent_0,actor_logits,3,1,4,4.049204,-4.736596,0.521825,0.666804,0.627044,-4.736596,-2.679590,3.527379,4.049204,,,,
3,386,386.000000,agent_1,actor_logits,3,1,4,4.049204,-4.736597,0.521825,0.666804,0.627044,-4.736597,-2.679590,3.527379,4.049204,,,,
3,386,386.000000,agent_2,actor_logits,3,1,4,4.049205,-4.736596,0.521826,0.666804,0.627044,-4.736596,-2.679590,3.527379,4.049205,,,,
3,386,386.000000,agent_3,actor_logits,3,1,4,4.049204,-4.736597,0.521825,0.666804,0.627043,-4.736597,-2.679589,3.527379,4.049204,,,,
3,386,386.000000,agent_4,actor_logits,3,1,4,4.049204,-4.736596,0.521825,0.666804,0.627044,-4.736596,-2.679590,3.527379,4.049204,,,,
3,386,386.000000,agent_5,actor_logits,3,1,4,4.049204,-4.736596,0.521824,0.666804,0.627043,-4.736596,-2.679590,3.527380,4.049204,,,,
3,388,388.000000,agent_0,actor_logits,0,1,4,7.560338,-7.455149,5.132248,0.036521,0.994085,7.560338,-2.405314,-7.455149,2.428089,,,,
3,388,388.000000,agent_1,actor_logits,0,1,4,7.560338,-7.455149,5.132248,0.036521,0.994085,7.560338,-2.405314,-7.455149,2.428090,,,,
3,388,388.000000,agent_2,actor_logits,0,1,4,7.560338,-7.455149,5.132247,0.036521,0.994085,7.560338,-2.405314,-7.455149,2.428090,,,,
3,388,388.000000,agent_3,actor_logits,0,1,4,7.560337,-7.455149,5.132247,0.036521,0.994085,7.560337,-2.405314,-7.455149,2.428090,,,,
3,388,388.000000,agent_4,actor_logits,0,1,4,7.560338,-7.455149,5.132247,0.036521,0.994085,7.560338,-2.405315,-7.455149,2.428090,,,,
3,388,388.000000,agent_5,actor_logits,0,1,4,7.560338,-7.455149,5.132249,0.036521,0.994085,7.560338,-2.405315,-7.455149,2.428090,,,,
3,390,390.000000,agent_0,actor_logits,2,1,4,2.661294,-2.857750,1.789434,0.488326,0.844435,-1.669356,-2.857750,2.661294,0.871860,,,,
3,390,390.000000,agent_1,actor_logits,2,1,4,2.661294,-2.857750,1.789433,0.488326,0.844435,-1.669356,-2.857750,2.661294,0.871860,,,,
3,390,390.000000,agent_2,actor_logits,2,1,4,2.661294,-2.857751,1.789434,0.488326,0.844435,-1.669356,-2.857751,2.661294,0.871860,,,,
3,390,390.000000,agent_3,actor_logits,2,1,4,2.661293,-2.857750,1.789433,0.488326,0.844435,-1.669355,-2.857750,2.661293,0.871861,,,,
3,390,390.000000,agent_4,actor_logits,2,1,4,2.661294,-2.857751,1.789433,0.488326,0.844435,-1.669356,-2.857751,2.661294,0.871861,,,,
3,390,390.000000,agent_5,actor_logits,2,1,4,2.661295,-2.857751,1.789435,0.488326,0.844435,-1.669356,-2.857751,2.661295,0.871860,,,,
3,392,392.000000,agent_0,actor_logits,0,1,4,13.444401,-10.843525,13.133743,0.000029,0.999998,13.444401,-10.843525,-3.188542,0.310658,,,,
3,392,392.000000,agent_1,actor_logits,0,1,4,13.444401,-10.843525,13.133743,0.000029,0.999998,13.444401,-10.843525,-3.188543,0.310657,,,,
3,392,392.000000,agent_2,actor_logits,0,1,4,13.444401,-10.843523,13.133743,0.000029,0.999998,13.444401,-10.843523,-3.188542,0.310657,,,,
3,392,392.000000,agent_3,actor_logits,0,1,4,13.444401,-10.843525,13.133743,0.000029,0.999998,13.444401,-10.843525,-3.188543,0.310657,,,,
3,392,392.000000,agent_4,actor_logits,0,1,4,13.444399,-10.843524,13.133741,0.000029,0.999998,13.444399,-10.843524,-3.188542,0.310658,,,,
3,392,392.000000,agent_5,actor_logits,0,1,4,13.444401,-10.843525,13.133743,0.000029,0.999998,13.444401,-10.843525,-3.188542,0.310658,,,,
3,394,394.000000,agent_0,actor_logits,1,1,3,9.082466,-7.437289,15.714726,0.000004,1.000000,-7.437289,9.082466,-6.632260,,,,,
3,394,394.000000,agent_1,actor_logits,1,1,3,9.082466,-7.437289,15.714726,0.000004,1.000000,-7.437289,9.082466,-6.632260,,,,,
3,394,394.000000,agent_2,actor_logits,1,1,3,9.082466,-7.437289,15.714725,0.000004,1.000000,-7.437289,9.082466,-6.632260,,,,,
3,394,394.000000,agent_3,actor_logits,1,1,3,9.082465,-7.437289,15.714725,0.000004,1.000000,-7.437289,9.082465,-6.632260,,,,,
3,394,394.000000,agent_4,actor_logits,1,1,3,9.082467,-7.437290,15.714727,0.000004,1.000000,-7.437290,9.082467,-6.632260,,,,,
3,394,394.000000,agent_5,actor_logits,1,1,3,9.082466,-7.437289,15.714725,0.000004,1.000000,-7.437289,9.082466,-6.632259,,,,,
3,396,396.000000,agent_0,actor_logits,1,1,3,10.826258,-13.363622,17.410025,0.000000,1.000000,-13.363622,10.826258,-6.583766,,,,,
3,396,396.000000,agent_1,actor_logits,1,1,3,10.826259,-13.363622,17.410025,0.000000,1.000000,-13.363622,10.826259,-6.583766,,,,,
3,396,396.000000,agent_2,actor_logits,1,1,3,10.826259,-13.363622,17.410025,0.000000,1.000000,-13.363622,10.826259,-6.583766,,,,,
3,396,396.000000,agent_3,actor_logits,1,1,3,10.826258,-13.363622,17.410023,0.000000,1.000000,-13.363622,10.826258,-6.583766,,,,,
3,396,396.000000,agent_4,actor_logits,1,1,3,10.826259,-13.363623,17.410025,0.000000,1.000000,-13.363623,10.826259,-6.583766,,,,,
3,396,396.000000,agent_5,actor_logits,1,1,3,10.826259,-13.363622,17.410025,0.000000,1.000000,-13.363622,10.826259,-6.583766,,,,,
3,398,398.000000,agent_0,actor_logits,2,1,4,7.412296,-4.538865,9.163799,0.001564,0.999852,-2.788464,-4.538865,7.412296,-1.751503,,,,
3,398,398.000000,agent_1,actor_logits,2,1,4,7.412296,-4.538866,9.163800,0.001564,0.999852,-2.788464,-4.538866,7.412296,-1.751504,,,,
3,398,398.000000,agent_2,actor_logits,2,1,4,7.412296,-4.538866,9.163799,0.001564,0.999852,-2.788464,-4.538866,7.412296,-1.751504,,,,
3,398,398.000000,agent_3,actor_logits,2,1,4,7.412296,-4.538865,9.163800,0.001564,0.999852,-2.788464,-4.538865,7.412296,-1.751504,,,,
3,398,398.000000,agent_4,actor_logits,2,1,4,7.412296,-4.538865,9.163800,0.001564,0.999852,-2.788464,-4.538865,7.412296,-1.751504,,,,
3,398,398.000000,agent_5,actor_logits,2,1,4,7.412296,-4.538865,9.163800,0.001564,0.999852,-2.788464,-4.538865,7.412296,-1.751504,,,,
3,400,400.000000,agent_0,actor_logits,1,1,4,5.124635,-9.313542,1.437546,0.490158,0.807977,-3.686232,5.124635,3.687089,-9.313542,,,,
3,400,400.000000,agent_1,actor_logits,1,1,4,5.124635,-9.313542,1.437546,0.490158,0.807977,-3.686233,5.124635,3.687089,-9.313542,,,,
3,400,400.000000,agent_2,actor_logits,1,1,4,5.124635,-9.313542,1.437546,0.490158,0.807977,-3.686232,5.124635,3.687089,-9.313542,,,,
3,400,400.000000,agent_3,actor_logits,1,1,4,5.124636,-9.313543,1.437547,0.490158,0.807977,-3.686232,5.124636,3.687088,-9.313543,,,,
3,400,400.000000,agent_4,actor_logits,1,1,4,5.124637,-9.313543,1.437549,0.490158,0.807977,-3.686232,5.124637,3.687088,-9.313543,,,,
3,400,400.000000,agent_5,actor_logits,1,1,4,5.124635,-9.313543,1.437547,0.490158,0.807977,-3.686232,5.124635,3.687088,-9.313543,,,,
3,402,402.000000,agent_0,actor_logits,0,1,4,9.145432,-6.432041,6.632211,0.010065,0.998683,9.145432,-4.302120,-6.432041,2.513221,,,,
3,402,402.000000,agent_1,actor_logits,0,1,4,9.145432,-6.432041,6.632211,0.010065,0.998683,9.145432,-4.302120,-6.432041,2.513221,,,,
3,402,402.000000,agent_2,actor_logits,0,1,4,9.145432,-6.432041,6.632211,0.010065,0.998683,9.145432,-4.302120,-6.432041,2.513221,,,,
3,402,402.000000,agent_3,actor_logits,0,1,4,9.145432,-6.432040,6.632211,0.010065,0.998683,9.145432,-4.302120,-6.432040,2.513221,,,,
3,402,402.000000,agent_4,actor_logits,0,1,4,9.145432,-6.432041,6.632211,0.010065,0.998683,9.145432,-4.302119,-6.432041,2.513221,,,,
3,402,402.000000,agent_5,actor_logits,0,1,4,9.145432,-6.432041,6.632211,0.010065,0.998683,9.145432,-4.302120,-6.432041,2.513220,,,,
3,404,404.000000,agent_0,actor_logits,0,1,4,10.489532,-10.457411,8.073728,0.002882,0.999684,10.489532,-10.457411,-1.913503,2.415804,,,,
3,404,404.000000,agent_1,actor_logits,0,1,4,10.489532,-10.457411,8.073729,0.002882,0.999684,10.489532,-10.457411,-1.913502,2.415804,,,,
3,404,404.000000,agent_2,actor_logits,0,1,4,10.489532,-10.457411,8.073729,0.002882,0.999684,10.489532,-10.457411,-1.913503,2.415804,,,,
3,404,404.000000,agent_3,actor_logits,0,1,4,10.489532,-10.457411,8.073729,0.002882,0.999684,10.489532,-10.457411,-1.913502,2.415804,,,,
3,404,404.000000,agent_4,actor_logits,0,1,4,10.489532,-10.457411,8.073729,0.002882,0.999684,10.489532,-10.457411,-1.913503,2.415804,,,,
3,404,404.000000,agent_5,actor_logits,0,1,4,10.489532,-10.457411,8.073729,0.002882,0.999684,10.489532,-10.457411,-1.913503,2.415804,,,,
3,406,406.000000,agent_0,actor_logits,0,1,3,1.272117,-6.985832,0.355293,0.679002,0.587811,1.272117,0.916824,-6.985832,,,,,
3,406,406.000000,agent_1,actor_logits,0,1,3,1.272118,-6.985832,0.355294,0.679002,0.587811,1.272118,0.916824,-6.985832,,,,,
3,406,406.000000,agent_2,actor_logits,0,1,3,1.272118,-6.985832,0.355294,0.679002,0.587811,1.272118,0.916824,-6.985832,,,,,
3,406,406.000000,agent_3,actor_logits,0,1,3,1.272118,-6.985832,0.355294,0.679002,0.587811,1.272118,0.916823,-6.985832,,,,,
3,406,406.000000,agent_4,actor_logits,0,1,3,1.272118,-6.985832,0.355294,0.679002,0.587811,1.272118,0.916824,-6.985832,,,,,
3,406,406.000000,agent_5,actor_logits,0,1,3,1.272118,-6.985832,0.355294,0.679002,0.587811,1.272118,0.916824,-6.985832,,,,,
3,408,408.000000,agent_0,actor_logits,0,1,3,5.622556,-6.270394,9.215221,0.001105,0.999894,5.622556,-3.592666,-6.270394,,,,,
3,408,408.000000,agent_1,actor_logits,0,1,3,5.622555,-6.270393,9.215220,0.001105,0.999894,5.622555,-3.592665,-6.270393,,,,,
3,408,408.000000,agent_2,actor_logits,0,1,3,5.622555,-6.270393,9.215221,0.001105,0.999894,5.622555,-3.592666,-6.270393,,,,,
3,408,408.000000,agent_3,actor_logits,0,1,3,5.622556,-6.270393,9.215221,0.001105,0.999894,5.622556,-3.592666,-6.270393,,,,,
3,408,408.000000,agent_4,actor_logits,0,1,3,5.622556,-6.270393,9.215222,0.001105,0.999894,5.622556,-3.592666,-6.270393,,,,,
3,408,408.000000,agent_5,actor_logits,0,1,3,5.622555,-6.270393,9.215221,0.001105,0.999894,5.622555,-3.592666,-6.270393,,,,,
3,410,410.000000,agent_0,actor_logits,0,1,3,3.339480,-4.004940,5.756824,0.026657,0.996207,3.339480,-4.004940,-2.417344,,,,,
3,410,410.000000,agent_1,actor_logits,0,1,3,3.339480,-4.004940,5.756824,0.026657,0.996207,3.339480,-4.004940,-2.417344,,,,,
3,410,410.000000,agent_2,actor_logits,0,1,3,3.339479,-4.004941,5.756824,0.026657,0.996207,3.339479,-4.004941,-2.417344,,,,,
3,410,410.000000,agent_3,actor_logits,0,1,3,3.339480,-4.004940,5.756824,0.026657,0.996207,3.339480,-4.004940,-2.417344,,,,,
3,410,410.000000,agent_4,actor_logits,0,1,3,3.339480,-4.004941,5.756824,0.026657,0.996207,3.339480,-4.004941,-2.417344,,,,,
3,410,410.000000,agent_5,actor_logits,0,1,3,3.339479,-4.004941,5.756824,0.026657,0.996207,3.339479,-4.004941,-2.417344,,,,,
3,412,412.000000,agent_0,actor_logits,1,1,3,2.268236,-7.121553,2.341107,0.298136,0.912155,-0.072871,2.268236,-7.121553,,,,,
3,412,412.000000,agent_1,actor_logits,1,1,3,2.268237,-7.121554,2.341107,0.298136,0.912155,-0.072870,2.268237,-7.121554,,,,,
3,412,412.000000,agent_2,actor_logits,1,1,3,2.268237,-7.121554,2.341108,0.298136,0.912155,-0.072872,2.268237,-7.121554,,,,,
3,412,412.000000,agent_3,actor_logits,1,1,3,2.268237,-7.121554,2.341108,0.298136,0.912155,-0.072871,2.268237,-7.121554,,,,,
3,412,412.000000,agent_4,actor_logits,1,1,3,2.268237,-7.121554,2.341107,0.298136,0.912155,-0.072870,2.268237,-7.121554,,,,,
3,412,412.000000,agent_5,actor_logits,1,1,3,2.268237,-7.121553,2.341109,0.298136,0.912155,-0.072872,2.268237,-7.121553,,,,,
3,414,414.000000,agent_0,actor_logits,2,1,3,-0.364147,-3.571738,0.970983,0.700613,0.704640,-3.571738,-1.335129,-0.364147,,,,,
3,414,414.000000,agent_1,actor_logits,2,1,3,-0.364146,-3.571739,0.970983,0.700613,0.704640,-3.571739,-1.335129,-0.364146,,,,,
3,414,414.000000,agent_2,actor_logits,2,1,3,-0.364147,-3.571739,0.970982,0.700614,0.704640,-3.571739,-1.335129,-0.364147,,,,,
3,414,414.000000,agent_3,actor_logits,2,1,3,-0.364147,-3.571739,0.970982,0.700613,0.704640,-3.571739,-1.335128,-0.364147,,,,,
3,414,414.000000,agent_4,actor_logits,2,1,3,-0.364147,-3.571738,0.970982,0.700614,0.704640,-3.571738,-1.335129,-0.364147,,,,,
3,414,414.000000,agent_5,actor_logits,2,1,3,-0.364147,-3.571739,0.970982,0.700613,0.704640,-3.571739,-1.335129,-0.364147,,,,,
3,416,416.000000,agent_0,actor_logits,3,1,4,3.662488,-6.131490,2.332704,0.556394,0.837684,-6.131490,1.326126,1.329784,3.662488,,,,
3,416,416.000000,agent_1,actor_logits,3,1,4,3.662489,-6.131491,2.332704,0.556394,0.837684,-6.131491,1.326125,1.329785,3.662489,,,,
3,416,416.000000,agent_2,actor_logits,3,1,4,3.662489,-6.131492,2.332704,0.556394,0.837684,-6.131492,1.326125,1.329786,3.662489,,,,
3,416,416.000000,agent_3,actor_logits,3,1,4,3.662490,-6.131491,2.332705,0.556394,0.837684,-6.131491,1.326125,1.329785,3.662490,,,,
3,416,416.000000,agent_4,actor_logits,3,1,4,3.662488,-6.131491,2.332704,0.556394,0.837684,-6.131491,1.326126,1.329785,3.662488,,,,
3,416,416.000000,agent_5,actor_logits,3,1,4,3.662489,-6.131491,2.332703,0.556394,0.837684,-6.131491,1.326125,1.329786,3.662489,,,,
3,418,418.000000,agent_0,actor_logits,0,1,4,5.849986,-6.971155,2.069605,0.355635,0.887390,5.849986,-6.971155,-1.471358,3.780381,,,,
3,418,418.000000,agent_1,actor_logits,0,1,4,5.849985,-6.971156,2.069604,0.355635,0.887390,5.849985,-6.971156,-1.471357,3.780381,,,,
3,418,418.000000,agent_2,actor_logits,0,1,4,5.849985,-6.971156,2.069602,0.355636,0.887390,5.849985,-6.971156,-1.471357,3.780383,,,,
3,418,418.000000,agent_3,actor_logits,0,1,4,5.849985,-6.971156,2.069603,0.355635,0.887390,5.849985,-6.971156,-1.471357,3.780382,,,,
3,418,418.000000,agent_4,actor_logits,0,1,4,5.849986,-6.971156,2.069604,0.355635,0.887390,5.849986,-6.971156,-1.471358,3.780382,,,,
3,418,418.000000,agent_5,actor_logits,0,1,4,5.849985,-6.971156,2.069602,0.355635,0.887390,5.849985,-6.971156,-1.471357,3.780382,,,,
3,420,420.000000,agent_0,actor_logits,2,1,4,3.489856,-5.484313,2.516996,0.401215,0.895194,-5.484313,0.172492,3.489856,0.972860,,,,
3,420,420.000000,agent_1,actor_logits,2,1,4,3.489857,-5.484313,2.516998,0.401215,0.895194,-5.484313,0.172492,3.489857,0.972859,,,,
3,420,420.000000,agent_2,actor_logits,2,1,4,3.489858,-5.484313,2.516999,0.401215,0.895194,-5.484313,0.172491,3.489858,0.972859,,,,
3,420,420.000000,agent_3,actor_logits,2,1,4,3.489856,-5.484313,2.516998,0.401215,0.895194,-5.484313,0.172492,3.489856,0.972859,,,,
3,420,420.000000,agent_4,actor_logits,2,1,4,3.489856,-5.484312,2.516996,0.401215,0.895194,-5.484312,0.172493,3.489856,0.972860,,,,
3,420,420.000000,agent_5,actor_logits,2,1,4,3.489857,-5.484313,2.516998,0.401215,0.895194,-5.484313,0.172492,3.489857,0.972859,,,,
3,422,422.000000,agent_0,actor_logits,0,1,4,6.358044,-9.860520,3.402466,0.162602,0.964838,6.358044,-9.860520,0.598336,2.955579,,,,
3,422,422.000000,agent_1,actor_logits,0,1,4,6.358043,-9.860519,3.402465,0.162602,0.964838,6.358043,-9.860519,0.598336,2.955578,,,,
3,422,422.000000,agent_2,actor_logits,0,1,4,6.358043,-9.860519,3.402466,0.162602,0.964838,6.358043,-9.860519,0.598337,2.955577,,,,
3,422,422.000000,agent_3,actor_logits,0,1,4,6.358044,-9.860519,3.402466,0.162602,0.964838,6.358044,-9.860519,0.598336,2.955578,,,,
3,422,422.000000,agent_4,actor_logits,0,1,4,6.358045,-9.860519,3.402466,0.162602,0.964838,6.358045,-9.860519,0.598336,2.955579,,,,
3,422,422.000000,agent_5,actor_logits,0,1,4,6.358044,-9.860519,3.402466,0.162602,0.964838,6.358044,-9.860519,0.598336,2.955578,,,,
3,424,424.000000,agent_0,actor_logits,1,1,3,6.020148,-6.995150,12.096533,0.000104,0.999992,-6.995150,6.020148,-6.076384,,,,,
3,424,424.000000,agent_1,actor_logits,1,1,3,6.020149,-6.995150,12.096532,0.000104,0.999992,-6.995150,6.020149,-6.076383,,,,,
3,424,424.000000,agent_2,actor_logits,1,1,3,6.020148,-6.995150,12.096533,0.000104,0.999992,-6.995150,6.020148,-6.076384,,,,,
3,424,424.000000,agent_3,actor_logits,1,1,3,6.020149,-6.995149,12.096533,0.000104,0.999992,-6.995149,6.020149,-6.076384,,,,,
3,424,424.000000,agent_4,actor_logits,1,1,3,6.020149,-6.995150,12.096534,0.000104,0.999992,-6.995150,6.020149,-6.076385,,,,,
3,424,424.000000,agent_5,actor_logits,1,1,3,6.020149,-6.995149,12.096533,0.000104,0.999992,-6.995149,6.020149,-6.076384,,,,,
3,426,426.000000,agent_0,actor_logits,1,1,3,9.264711,-13.574733,14.426214,0.000008,0.999999,-13.574733,9.264711,-5.161503,,,,,
3,426,426.000000,agent_1,actor_logits,1,1,3,9.264711,-13.574733,14.426214,0.000008,0.999999,-13.574733,9.264711,-5.161502,,,,,
3,426,426.000000,agent_2,actor_logits,1,1,3,9.264712,-13.574734,14.426216,0.000008,0.999999,-13.574734,9.264712,-5.161503,,,,,
3,426,426.000000,agent_3,actor_logits,1,1,3,9.264710,-13.574731,14.426212,0.000008,0.999999,-13.574731,9.264710,-5.161502,,,,,
3,426,426.000000,agent_4,actor_logits,1,1,3,9.264711,-13.574733,14.426214,0.000008,0.999999,-13.574733,9.264711,-5.161503,,,,,
3,426,426.000000,agent_5,actor_logits,1,1,3,9.264711,-13.574733,14.426214,0.000008,0.999999,-13.574733,9.264711,-5.161502,,,,,
3,428,428.000000,agent_0,actor_logits,1,1,3,9.078728,-17.195107,11.206780,0.000166,0.999986,-17.195107,9.078728,-2.128052,,,,,
3,428,428.000000,agent_1,actor_logits,1,1,3,9.078728,-17.195107,11.206780,0.000166,0.999986,-17.195107,9.078728,-2.128052,,,,,
3,428,428.000000,agent_2,actor_logits,1,1,3,9.078729,-17.195105,11.206781,0.000166,0.999986,-17.195105,9.078729,-2.128053,,,,,
3,428,428.000000,agent_3,actor_logits,1,1,3,9.078728,-17.195107,11.206779,0.000166,0.999986,-17.195107,9.078728,-2.128052,,,,,
3,428,428.000000,agent_4,actor_logits,1,1,3,9.078728,-17.195105,11.206779,0.000166,0.999986,-17.195105,9.078728,-2.128052,,,,,
3,428,428.000000,agent_5,actor_logits,1,1,3,9.078729,-17.195107,11.206781,0.000166,0.999986,-17.195107,9.078729,-2.128053,,,,,
3,430,430.000000,agent_0,actor_logits,2,1,4,7.760660,-6.531042,4.417756,0.064709,0.988077,-4.504454,-6.531042,7.760660,3.342904,,,,
3,430,430.000000,agent_1,actor_logits,2,1,4,7.760661,-6.531043,4.417757,0.064709,0.988077,-4.504454,-6.531043,7.760661,3.342904,,,,
3,430,430.000000,agent_2,actor_logits,2,1,4,7.760660,-6.531042,4.417756,0.064709,0.988077,-4.504454,-6.531042,7.760660,3.342904,,,,
3,430,430.000000,agent_3,actor_logits,2,1,4,7.760661,-6.531043,4.417758,0.064709,0.988077,-4.504455,-6.531043,7.760661,3.342904,,,,
3,430,430.000000,agent_4,actor_logits,2,1,4,7.760660,-6.531042,4.417756,0.064709,0.988077,-4.504455,-6.531042,7.760660,3.342904,,,,
3,430,430.000000,agent_5,actor_logits,2,1,4,7.760660,-6.531042,4.417755,0.064709,0.988077,-4.504454,-6.531042,7.760660,3.342904,,,,
3,432,432.000000,agent_0,actor_logits,2,1,4,6.470054,-6.602608,4.826760,0.046883,0.992003,-6.602608,1.643294,6.470054,-3.501234,,,,
3,432,432.000000,agent_1,actor_logits,2,1,4,6.470055,-6.602609,4.826761,0.046883,0.992003,-6.602609,1.643294,6.470055,-3.501234,,,,
3,432,432.000000,agent_2,actor_logits,2,1,4,6.470055,-6.602609,4.826761,0.046883,0.992003,-6.602609,1.643294,6.470055,-3.501234,,,,
3,432,432.000000,agent_3,actor_logits,2,1,4,6.470056,-6.602609,4.826763,0.046883,0.992003,-6.602609,1.643293,6.470056,-3.501234,,,,
3,432,432.000000,agent_4,actor_logits,2,1,4,6.470055,-6.602609,4.826761,0.046883,0.992003,-6.602609,1.643294,6.470055,-3.501234,,,,
3,432,432.000000,agent_5,actor_logits,2,1,4,6.470054,-6.602609,4.826760,0.046883,0.992003,-6.602609,1.643294,6.470054,-3.501234,,,,
3,434,434.000000,agent_0,actor_logits,2,1,4,3.794095,-9.516473,2.458835,0.380303,0.899666,0.143927,1.335259,3.794095,-9.516473,,,,
3,434,434.000000,agent_1,actor_logits,2,1,4,3.794095,-9.516473,2.458836,0.380303,0.899667,0.143927,1.335259,3.794095,-9.516473,,,,
3,434,434.000000,agent_2,actor_logits,2,1,4,3.794095,-9.516473,2.458836,0.380303,0.899667,0.143927,1.335259,3.794095,-9.516473,,,,
3,434,434.000000,agent_3,actor_logits,2,1,4,3.794096,-9.516473,2.458838,0.380303,0.899667,0.143927,1.335258,3.794096,-9.516473,,,,
3,434,434.000000,agent_4,actor_logits,2,1,4,3.794095,-9.516473,2.458835,0.380303,0.899667,0.143927,1.335260,3.794095,-9.516473,,,,
3,434,434.000000,agent_5,actor_logits,2,1,4,3.794094,-9.516473,2.458835,0.380304,0.899666,0.143928,1.335259,3.794094,-9.516473,,,,
3,436,436.000000,agent_0,actor_logits,0,1,4,3.042723,-12.978694,0.399507,1.011260,0.499207,3.042723,2.643216,1.941691,-12.978694,,,,
3,436,436.000000,agent_1,actor_logits,0,1,4,3.042724,-12.978693,0.399508,1.011260,0.499207,3.042724,2.643216,1.941691,-12.978693,,,,
3,436,436.000000,agent_2,actor_logits,0,1,4,3.042724,-12.978694,0.399508,1.011260,0.499207,3.042724,2.643216,1.941691,-12.978694,,,,
3,436,436.000000,agent_3,actor_logits,0,1,4,3.042724,-12.978694,0.399508,1.011260,0.499207,3.042724,2.643216,1.941692,-12.978694,,,,
3,436,436.000000,agent_4,actor_logits,0,1,4,3.042724,-12.978693,0.399508,1.011260,0.499207,3.042724,2.643216,1.941691,-12.978693,,,,
3,436,436.000000,agent_5,actor_logits,0,1,4,3.042724,-12.978693,0.399508,1.011259,0.499207,3.042724,2.643216,1.941691,-12.978693,,,,
3,438,438.000000,agent_0,actor_logits,1,1,4,9.886553,-10.745996,10.333168,0.000396,0.999966,-0.446615,9.886553,-3.256636,-10.745996,,,,
3,438,438.000000,agent_1,actor_logits,1,1,4,9.886553,-10.745996,10.333167,0.000396,0.999966,-0.446615,9.886553,-3.256636,-10.745996,,,,
3,438,438.000000,agent_2,actor_logits,1,1,4,9.886553,-10.745996,10.333166,0.000396,0.999966,-0.446614,9.886553,-3.256636,-10.745996,,,,
3,438,438.000000,agent_3,actor_logits,1,1,4,9.886553,-10.745997,10.333166,0.000396,0.999966,-0.446613,9.886553,-3.256637,-10.745997,,,,
3,438,438.000000,agent_4,actor_logits,1,1,4,9.886553,-10.745996,10.333167,0.000396,0.999966,-0.446614,9.886553,-3.256636,-10.745996,,,,
3,438,438.000000,agent_5,actor_logits,1,1,4,9.886553,-10.745996,10.333167,0.000396,0.999966,-0.446614,9.886553,-3.256636,-10.745996,,,,
3,440,440.000000,agent_0,actor_logits,0,1,4,8.238143,-16.875566,1.562731,0.516854,0.817575,8.238143,6.675412,-16.875566,3.937947,,,,
3,440,440.000000,agent_1,actor_logits,0,1,4,8.238142,-16.875566,1.562731,0.516855,0.817575,8.238142,6.675411,-16.875566,3.937947,,,,
3,440,440.000000,agent_2,actor_logits,0,1,4,8.238143,-16.875566,1.562731,0.516854,0.817575,8.238143,6.675412,-16.875566,3.937948,,,,
3,440,440.000000,agent_3,actor_logits,0,1,4,8.238145,-16.875568,1.562734,0.516854,0.817576,8.238145,6.675411,-16.875568,3.937947,,,,
3,440,440.000000,agent_4,actor_logits,0,1,4,8.238143,-16.875566,1.562732,0.516854,0.817575,8.238143,6.675411,-16.875566,3.937947,,,,
3,440,440.000000,agent_5,actor_logits,0,1,4,8.238144,-16.875566,1.562733,0.516854,0.817576,8.238144,6.675411,-16.875566,3.937947,,,,
3,442,442.000000,agent_0,actor_logits,3,1,4,6.390213,-6.243073,2.182464,0.328663,0.898608,-3.239727,4.207749,-6.243073,6.390213,,,,
3,442,442.000000,agent_1,actor_logits,3,1,4,6.390213,-6.243072,2.182464,0.328663,0.898608,-3.239727,4.207749,-6.243072,6.390213,,,,
3,442,442.000000,agent_2,actor_logits,3,1,4,6.390213,-6.243072,2.182464,0.328663,0.898608,-3.239726,4.207749,-6.243072,6.390213,,,,
3,442,442.000000,agent_3,actor_logits,3,1,4,6.390213,-6.243072,2.182464,0.328663,0.898608,-3.239725,4.207749,-6.243072,6.390213,,,,
3,442,442.000000,agent_4,actor_logits,3,1,4,6.390213,-6.243072,2.182464,0.328663,0.898608,-3.239726,4.207749,-6.243072,6.390213,,,,
3,442,442.000000,agent_5,actor_logits,3,1,4,6.390213,-6.243072,2.182464,0.328663,0.898608,-3.239726,4.207749,-6.243072,6.390213,,,,
3,444,444.000000,agent_0,actor_logits,1,1,4,11.839886,-15.827065,6.630095,0.010216,0.998669,0.570095,11.839886,-15.827065,5.209790,,,,
3,444,444.000000,agent_1,actor_logits,1,1,4,11.839886,-15.827065,6.630095,0.010216,0.998669,0.570095,11.839886,-15.827065,5.209791,,,,
3,444,444.000000,agent_2,actor_logits,1,1,4,11.839886,-15.827065,6.630095,0.010216,0.998669,0.570095,11.839886,-15.827065,5.209791,,,,
3,444,444.000000,agent_3,actor_logits,1,1,4,11.839885,-15.827065,6.630094,0.010216,0.998669,0.570097,11.839885,-15.827065,5.209791,,,,
3,444,444.000000,agent_4,actor_logits,1,1,4,11.839886,-15.827065,6.630095,0.010216,0.998669,0.570096,11.839886,-15.827065,5.209791,,,,
3,444,444.000000,agent_5,actor_logits,1,1,4,11.839886,-15.827065,6.630095,0.010216,0.998669,0.570097,11.839886,-15.827065,5.209791,,,,
3,446,446.000000,agent_0,actor_logits,1,1,4,15.925134,-19.694796,11.210161,0.000171,0.999986,1.030151,15.925134,-19.694796,4.714972,,,,
3,446,446.000000,agent_1,actor_logits,1,1,4,15.925135,-19.694796,11.210162,0.000171,0.999986,1.030151,15.925135,-19.694796,4.714972,,,,
3,446,446.000000,agent_2,actor_logits,1,1,4,15.925134,-19.694796,11.210161,0.000171,0.999986,1.030151,15.925134,-19.694796,4.714973,,,,
3,446,446.000000,agent_3,actor_logits,1,1,4,15.925133,-19.694796,11.210161,0.000171,0.999986,1.030152,15.925133,-19.694796,4.714972,,,,
3,446,446.000000,agent_4,actor_logits,1,1,4,15.925134,-19.694796,11.210161,0.000171,0.999986,1.030151,15.925134,-19.694796,4.714973,,,,
3,446,446.000000,agent_5,actor_logits,1,1,4,15.925134,-19.694796,11.210161,0.000171,0.999986,1.030152,15.925134,-19.694796,4.714972,,,,
3,448,448.000000,agent_0,actor_logits,3,1,4,9.000965,-8.349563,7.279409,0.006529,0.999232,-0.447071,1.721556,-8.349563,9.000965,,,,
3,448,448.000000,agent_1,actor_logits,3,1,4,9.000965,-8.349563,7.279409,0.006529,0.999232,-0.447072,1.721556,-8.349563,9.000965,,,,
3,448,448.000000,agent_2,actor_logits,3,1,4,9.000965,-8.349563,7.279409,0.006529,0.999232,-0.447072,1.721556,-8.349563,9.000965,,,,
3,448,448.000000,agent_3,actor_logits,3,1,4,9.000964,-8.349562,7.279409,0.006529,0.999232,-0.447071,1.721555,-8.349562,9.000964,,,,
3,448,448.000000,agent_4,actor_logits,3,1,4,9.000964,-8.349563,7.279408,0.006529,0.999232,-0.447071,1.721555,-8.349563,9.000964,,,,
3,448,448.000000,agent_5,actor_logits,3,1,4,9.000965,-8.349563,7.279410,0.006529,0.999232,-0.447071,1.721555,-8.349563,9.000965,,,,
3,450,450.000000,agent_0,actor_logits,1,1,4,13.409799,-7.311852,16.078054,0.000002,1.000000,-5.473111,13.409799,-7.311852,-2.668256,,,,
3,450,450.000000,agent_1,actor_logits,1,1,4,13.409799,-7.311851,16.078054,0.000002,1.000000,-5.473112,13.409799,-7.311851,-2.668256,,,,
3,450,450.000000,agent_2,actor_logits,1,1,4,13.409800,-7.311852,16.078056,0.000002,1.000000,-5.473111,13.409800,-7.311852,-2.668256,,,,
3,450,450.000000,agent_3,actor_logits,1,1,4,13.409798,-7.311852,16.078054,0.000002,1.000000,-5.473110,13.409798,-7.311852,-2.668257,,,,
3,450,450.000000,agent_4,actor_logits,1,1,4,13.409798,-7.311851,16.078054,0.000002,1.000000,-5.473110,13.409798,-7.311851,-2.668256,,,,
3,450,450.000000,agent_5,actor_logits,1,1,4,13.409798,-7.311852,16.078053,0.000002,1.000000,-5.473110,13.409798,-7.311852,-2.668256,,,,
3,452,452.000000,agent_0,actor_logits,0,1,4,9.584477,-10.393564,5.686257,0.022676,0.996614,9.584477,-10.393564,-2.618588,3.898221,,,,
3,452,452.000000,agent_1,actor_logits,0,1,4,9.584478,-10.393564,5.686257,0.022676,0.996614,9.584478,-10.393564,-2.618588,3.898221,,,,
3,452,452.000000,agent_2,actor_logits,0,1,4,9.584477,-10.393564,5.686256,0.022677,0.996614,9.584477,-10.393564,-2.618588,3.898221,,,,
3,452,452.000000,agent_3,actor_logits,0,1,4,9.584478,-10.393564,5.686258,0.022676,0.996614,9.584478,-10.393564,-2.618588,3.898221,,,,
3,452,452.000000,agent_4,actor_logits,0,1,4,9.584478,-10.393565,5.686258,0.022676,0.996614,9.584478,-10.393565,-2.618588,3.898220,,,,
3,452,452.000000,agent_5,actor_logits,0,1,4,9.584477,-10.393564,5.686257,0.022676,0.996614,9.584477,-10.393564,-2.618588,3.898220,,,,
3,454,454.000000,agent_0,actor_logits,3,1,4,7.887229,-2.451348,9.362355,0.001896,0.999822,-1.840565,-1.475126,-2.451348,7.887229,,,,
3,454,454.000000,agent_1,actor_logits,3,1,4,7.887229,-2.451348,9.362355,0.001896,0.999822,-1.840564,-1.475126,-2.451348,7.887229,,,,
3,454,454.000000,agent_2,actor_logits,3,1,4,7.887229,-2.451348,9.362355,0.001896,0.999822,-1.840565,-1.475126,-2.451348,7.887229,,,,
3,454,454.000000,agent_3,actor_logits,3,1,4,7.887229,-2.451348,9.362355,0.001896,0.999822,-1.840564,-1.475126,-2.451348,7.887229,,,,
3,454,454.000000,agent_4,actor_logits,3,1,4,7.887228,-2.451349,9.362354,0.001896,0.999822,-1.840564,-1.475126,-2.451349,7.887228,,,,
3,454,454.000000,agent_5,actor_logits,3,1,4,7.887228,-2.451348,9.362354,0.001896,0.999822,-1.840564,-1.475126,-2.451348,7.887228,,,,
3,456,456.000000,agent_0,actor_logits,0,1,4,7.188733,-5.581365,4.342240,0.068851,0.987146,7.188733,-4.238543,-5.581365,2.846493,,,,
3,456,456.000000,agent_1,actor_logits,0,1,4,7.188735,-5.581365,4.342243,0.068851,0.987146,7.188735,-4.238543,-5.581365,2.846492,,,,
3,456,456.000000,agent_2,actor_logits,0,1,4,7.188735,-5.581365,4.342242,0.068851,0.987146,7.188735,-4.238543,-5.581365,2.846492,,,,
3,456,456.000000,agent_3,actor_logits,0,1,4,7.188735,-5.581365,4.342243,0.068851,0.987146,7.188735,-4.238543,-5.581365,2.846492,,,,
3,456,456.000000,agent_4,actor_logits,0,1,4,7.188735,-5.581365,4.342243,0.068851,0.987146,7.188735,-4.238543,-5.581365,2.846492,,,,
3,456,456.000000,agent_5,actor_logits,0,1,4,7.188734,-5.581366,4.342242,0.068851,0.987146,7.188734,-4.238543,-5.581366,2.846492,,,,
3,458,458.000000,agent_0,actor_logits,3,1,4,4.591612,-3.689777,4.597891,0.103899,0.981948,-0.006279,-0.229560,-3.689777,4.591612,,,,
3,458,458.000000,agent_1,actor_logits,3,1,4,4.591612,-3.689778,4.597890,0.103899,0.981948,-0.006278,-0.229560,-3.689778,4.591612,,,,
3,458,458.000000,agent_2,actor_logits,3,1,4,4.591612,-3.689778,4.597890,0.103899,0.981948,-0.006278,-0.229560,-3.689778,4.591612,,,,
3,458,458.000000,agent_3,actor_logits,3,1,4,4.591612,-3.689778,4.597890,0.103899,0.981948,-0.006278,-0.229561,-3.689778,4.591612,,,,
3,458,458.000000,agent_4,actor_logits,3,1,4,4.591612,-3.689778,4.597891,0.103899,0.981948,-0.006278,-0.229560,-3.689778,4.591612,,,,
3,458,458.000000,agent_5,actor_logits,3,1,4,4.591612,-3.689777,4.597890,0.103899,0.981948,-0.006278,-0.229561,-3.689777,4.591612,,,,
3,460,460.000000,agent_0,actor_logits,0,1,4,4.649395,-5.815748,3.162462,0.190135,0.956483,4.649395,-1.111894,-5.815748,1.486933,,,,
3,460,460.000000,agent_1,actor_logits,0,1,4,4.649395,-5.815748,3.162463,0.190135,0.956483,4.649395,-1.111894,-5.815748,1.486932,,,,
3,460,460.000000,agent_2,actor_logits,0,1,4,4.649395,-5.815748,3.162463,0.190135,0.956483,4.649395,-1.111894,-5.815748,1.486932,,,,
3,460,460.000000,agent_3,actor_logits,0,1,4,4.649395,-5.815749,3.162462,0.190135,0.956483,4.649395,-1.111894,-5.815749,1.486933,,,,
3,460,460.000000,agent_4,actor_logits,0,1,4,4.649396,-5.815749,3.162464,0.190135,0.956483,4.649396,-1.111894,-5.815749,1.486932,,,,
3,460,460.000000,agent_5,actor_logits,0,1,4,4.649395,-5.815748,3.162462,0.190135,0.956483,4.649395,-1.111893,-5.815748,1.486932,,,,
3,462,462.000000,agent_0,actor_logits,3,1,4,1.824994,-4.938561,0.242172,1.047041,0.452578,1.582821,0.965762,-4.938561,1.824994,,,,
3,462,462.000000,agent_1,actor_logits,3,1,4,1.824993,-4.938561,0.242172,1.047041,0.452578,1.582821,0.965764,-4.938561,1.824993,,,,
3,462,462.000000,agent_2,actor_logits,3,1,4,1.824994,-4.938561,0.242173,1.047041,0.452578,1.582821,0.965762,-4.938561,1.824994,,,,
3,462,462.000000,agent_3,actor_logits,3,1,4,1.824994,-4.938561,0.242173,1.047041,0.452578,1.582821,0.965762,-4.938561,1.824994,,,,
3,462,462.000000,agent_4,actor_logits,3,1,4,1.824994,-4.938562,0.242172,1.047041,0.452578,1.582821,0.965763,-4.938562,1.824994,,,,
3,462,462.000000,agent_5,actor_logits,3,1,4,1.824994,-4.938562,0.242173,1.047041,0.452578,1.582821,0.965763,-4.938562,1.824994,,,,
3,464,464.000000,agent_0,actor_logits,3,1,4,1.980080,-4.210084,0.834138,0.971490,0.578999,0.745027,1.145942,-4.210084,1.980080,,,,
3,464,464.000000,agent_1,actor_logits,3,1,4,1.980081,-4.210085,0.834138,0.971490,0.578999,0.745027,1.145943,-4.210085,1.980081,,,,
3,464,464.000000,agent_2,actor_logits,3,1,4,1.980079,-4.210084,0.834137,0.971490,0.578999,0.745027,1.145943,-4.210084,1.980079,,,,
3,464,464.000000,agent_3,actor_logits,3,1,4,1.980080,-4.210084,0.834137,0.971490,0.578999,0.745026,1.145943,-4.210084,1.980080,,,,
3,464,464.000000,agent_4,actor_logits,3,1,4,1.980081,-4.210085,0.834138,0.971490,0.578999,0.745027,1.145943,-4.210085,1.980081,,,,
3,464,464.000000,agent_5,actor_logits,3,1,4,1.980080,-4.210084,0.834137,0.971490,0.578999,0.745027,1.145943,-4.210084,1.980080,,,,
3,466,466.000000,agent_0,actor_logits,0,1,4,8.805365,-9.535864,7.690130,0.004317,0.999513,8.805365,1.115235,-9.535864,-1.600522,,,,
3,466,466.000000,agent_1,actor_logits,0,1,4,8.805365,-9.535865,7.690130,0.004317,0.999513,8.805365,1.115235,-9.535865,-1.600522,,,,
3,466,466.000000,agent_2,actor_logits,0,1,4,8.805365,-9.535863,7.690130,0.004317,0.999513,8.805365,1.115235,-9.535863,-1.600523,,,,
3,466,466.000000,agent_3,actor_logits,0,1,4,8.805365,-9.535864,7.690130,0.004317,0.999513,8.805365,1.115235,-9.535864,-1.600522,,,,
3,466,466.000000,agent_4,actor_logits,0,1,4,8.805365,-9.535865,7.690130,0.004317,0.999513,8.805365,1.115235,-9.535865,-1.600522,,,,
3,466,466.000000,agent_5,actor_logits,0,1,4,8.805365,-9.535865,7.690129,0.004317,0.999513,8.805365,1.115235,-9.535865,-1.600522,,,,
3,468,468.000000,agent_0,actor_logits,0,1,4,2.313550,-3.588516,2.149312,0.611791,0.817539,2.313550,-3.588516,0.164238,0.049084,,,,
3,468,468.000000,agent_1,actor_logits,0,1,4,2.313550,-3.588516,2.149312,0.611791,0.817539,2.313550,-3.588516,0.164238,0.049085,,,,
3,468,468.000000,agent_2,actor_logits,0,1,4,2.313550,-3.588517,2.149312,0.611791,0.817539,2.313550,-3.588517,0.164238,0.049085,,,,
3,468,468.000000,agent_3,actor_logits,0,1,4,2.313550,-3.588517,2.149313,0.611791,0.817539,2.313550,-3.588517,0.164237,0.049085,,,,
3,468,468.000000,agent_4,actor_logits,0,1,4,2.313550,-3.588516,2.149312,0.611791,0.817539,2.313550,-3.588516,0.164238,0.049085,,,,
3,468,468.000000,agent_5,actor_logits,0,1,4,2.313550,-3.588516,2.149313,0.611791,0.817539,2.313550,-3.588516,0.164237,0.049085,,,,
3,470,470.000000,agent_0,actor_logits,1,1,4,3.536892,-8.532413,2.070562,0.428277,0.873529,-0.444427,3.536892,1.466330,-8.532413,,,,
3,470,470.000000,agent_1,actor_logits,1,1,4,3.536892,-8.532412,2.070562,0.428277,0.873529,-0.444427,3.536892,1.466330,-8.532412,,,,
3,470,470.000000,agent_2,actor_logits,1,1,4,3.536892,-8.532413,2.070563,0.428277,0.873529,-0.444427,3.536892,1.466330,-8.532413,,,,
3,470,470.000000,agent_3,actor_logits,1,1,4,3.536892,-8.532412,2.070562,0.428277,0.873529,-0.444427,3.536892,1.466329,-8.532412,,,,
3,470,470.000000,agent_4,actor_logits,1,1,4,3.536892,-8.532412,2.070563,0.428277,0.873529,-0.444427,3.536892,1.466329,-8.532412,,,,
3,470,470.000000,agent_5,actor_logits,1,1,4,3.536892,-8.532413,2.070563,0.428277,0.873529,-0.444427,3.536892,1.466329,-8.532413,,,,
3,472,472.000000,agent_0,actor_logits,0,1,4,11.777958,-22.290524,2.703840,0.237412,0.936937,11.777958,9.074118,-22.290524,3.847239,,,,
3,472,472.000000,agent_1,actor_logits,0,1,4,11.777958,-22.290522,2.703839,0.237412,0.936937,11.777958,9.074119,-22.290522,3.847239,,,,
3,472,472.000000,agent_2,actor_logits,0,1,4,11.777958,-22.290522,2.703840,0.237412,0.936937,11.777958,9.074118,-22.290522,3.847239,,,,
3,472,472.000000,agent_3,actor_logits,0,1,4,11.777958,-22.290522,2.703840,0.237412,0.936937,11.777958,9.074118,-22.290522,3.847239,,,,
3,472,472.000000,agent_4,actor_logits,0,1,4,11.777958,-22.290524,2.703839,0.237412,0.936937,11.777958,9.074119,-22.290524,3.847239,,,,
3,472,472.000000,agent_5,actor_logits,0,1,4,11.777958,-22.290524,2.703840,0.237412,0.936937,11.777958,9.074118,-22.290524,3.847239,,,,
3,474,474.000000,agent_0,actor_logits,3,1,4,6.408146,-6.270309,5.756813,0.035406,0.994903,0.172651,0.651333,-6.270309,6.408146,,,,
3,474,474.000000,agent_1,actor_logits,3,1,4,6.408147,-6.270309,5.756814,0.035406,0.994903,0.172650,0.651333,-6.270309,6.408147,,,,
3,474,474.000000,agent_2,actor_logits,3,1,4,6.408147,-6.270309,5.756814,0.035406,0.994903,0.172650,0.651333,-6.270309,6.408147,,,,
3,474,474.000000,agent_3,actor_logits,3,1,4,6.408146,-6.270309,5.756813,0.035406,0.994903,0.172651,0.651333,-6.270309,6.408146,,,,
3,474,474.000000,agent_4,actor_logits,3,1,4,6.408146,-6.270309,5.756813,0.035406,0.994903,0.172650,0.651334,-6.270309,6.408146,,,,
3,474,474.000000,agent_5,actor_logits,3,1,4,6.408146,-6.270310,5.756813,0.035406,0.994903,0.172650,0.651334,-6.270310,6.408146,,,,
3,476,476.000000,agent_0,actor_logits,1,1,4,12.687845,-20.113337,6.221099,0.015661,0.997882,3.782336,12.687845,-20.113337,6.466746,,,,
3,476,476.000000,agent_1,actor_logits,1,1,4,12.687845,-20.113335,6.221098,0.015661,0.997882,3.782335,12.687845,-20.113335,6.466747,,,,
3,476,476.000000,agent_2,actor_logits,1,1,4,12.687844,-20.113335,6.221098,0.015661,0.997882,3.782336,12.687844,-20.113335,6.466746,,,,
3,476,476.000000,agent_3,actor_logits,1,1,4,12.687845,-20.113337,6.221099,0.015661,0.997882,3.782336,12.687845,-20.113337,6.466746,,,,
3,476,476.000000,agent_4,actor_logits,1,1,4,12.687845,-20.113335,6.221099,0.015661,0.997882,3.782336,12.687845,-20.113335,6.466746,,,,
3,476,476.000000,agent_5,actor_logits,1,1,4,12.687845,-20.113335,6.221099,0.015661,0.997882,3.782335,12.687845,-20.113335,6.466746,,,,
3,478,478.000000,agent_0,actor_logits,0,1,3,6.714163,-12.141048,7.581827,0.004372,0.999491,6.714163,-12.141048,-0.867664,,,,,
3,478,478.000000,agent_1,actor_logits,0,1,3,6.714163,-12.141047,7.581828,0.004372,0.999491,6.714163,-12.141047,-0.867665,,,,,
3,478,478.000000,agent_2,actor_logits,0,1,3,6.714165,-12.141048,7.581829,0.004372,0.999491,6.714165,-12.141048,-0.867664,,,,,
3,478,478.000000,agent_3,actor_logits,0,1,3,6.714164,-12.141048,7.581829,0.004372,0.999491,6.714164,-12.141048,-0.867664,,,,,
3,478,478.000000,agent_4,actor_logits,0,1,3,6.714164,-12.141048,7.581828,0.004372,0.999491,6.714164,-12.141048,-0.867664,,,,,
3,478,478.000000,agent_5,actor_logits,0,1,3,6.714164,-12.141047,7.581829,0.004372,0.999491,6.714164,-12.141047,-0.867665,,,,,
3,480,480.000000,agent_0,actor_logits,0,1,3,3.932209,-5.841209,7.345454,0.005997,0.999298,3.932209,-3.413244,-5.841209,,,,,
3,480,480.000000,agent_1,actor_logits,0,1,3,3.932209,-5.841208,7.345453,0.005997,0.999298,3.932209,-3.413245,-5.841208,,,,,
3,480,480.000000,agent_2,actor_logits,0,1,3,3.932210,-5.841209,7.345454,0.005997,0.999298,3.932210,-3.413244,-5.841209,,,,,
3,480,480.000000,agent_3,actor_logits,0,1,3,3.932209,-5.841208,7.345454,0.005997,0.999298,3.932209,-3.413245,-5.841208,,,,,
3,480,480.000000,agent_4,actor_logits,0,1,3,3.932209,-5.841208,7.345453,0.005997,0.999298,3.932209,-3.413245,-5.841208,,,,,
3,480,480.000000,agent_5,actor_logits,0,1,3,3.932209,-5.841208,7.345454,0.005997,0.999298,3.932209,-3.413245,-5.841208,,,,,
3,482,482.000000,agent_0,actor_logits,0,1,3,5.126423,-10.030287,4.925082,0.042749,0.992790,5.126423,0.201341,-10.030287,,,,,
3,482,482.000000,agent_1,actor_logits,0,1,3,5.126422,-10.030286,4.925081,0.042749,0.992790,5.126422,0.201341,-10.030286,,,,,
3,482,482.000000,agent_2,actor_logits,0,1,3,5.126423,-10.030287,4.925082,0.042749,0.992790,5.126423,0.201341,-10.030287,,,,,
3,482,482.000000,agent_3,actor_logits,0,1,3,5.126423,-10.030287,4.925082,0.042749,0.992790,5.126423,0.201341,-10.030287,,,,,
3,482,482.000000,agent_4,actor_logits,0,1,3,5.126423,-10.030287,4.925081,0.042749,0.992790,5.126423,0.201341,-10.030287,,,,,
3,482,482.000000,agent_5,actor_logits,0,1,3,5.126423,-10.030287,4.925081,0.042749,0.992790,5.126423,0.201341,-10.030287,,,,,
3,484,484.000000,agent_0,actor_logits,1,1,2,-7.948763,-8.755877,0.807113,0.617900,0.691494,-8.755877,-7.948763,,,,,,
3,484,484.000000,agent_1,actor_logits,1,1,2,-7.948764,-8.755877,0.807112,0.617900,0.691494,-8.755877,-7.948764,,,,,,
3,484,484.000000,agent_2,actor_logits,1,1,2,-7.948763,-8.755877,0.807113,0.617900,0.691494,-8.755877,-7.948763,,,,,,
3,484,484.000000,agent_3,actor_logits,1,1,2,-7.948764,-8.755877,0.807112,0.617900,0.691494,-8.755877,-7.948764,,,,,,
3,484,484.000000,agent_4,actor_logits,1,1,2,-7.948763,-8.755877,0.807113,0.617900,0.691494,-8.755877,-7.948763,,,,,,
3,484,484.000000,agent_5,actor_logits,1,1,2,-7.948763,-8.755877,0.807113,0.617900,0.691494,-8.755877,-7.948763,,,,,,
3,486,486.000000,agent_0,actor_logits,2,1,3,2.116590,-11.750270,0.919669,0.597647,0.714974,-11.750270,1.196921,2.116590,,,,,
3,486,486.000000,agent_1,actor_logits,2,1,3,2.116589,-11.750269,0.919669,0.597647,0.714974,-11.750269,1.196920,2.116589,,,,,
3,486,486.000000,agent_2,actor_logits,2,1,3,2.116590,-11.750270,0.919670,0.597647,0.714974,-11.750270,1.196921,2.116590,,,,,
3,486,486.000000,agent_3,actor_logits,2,1,3,2.116590,-11.750271,0.919669,0.597647,0.714974,-11.750271,1.196921,2.116590,,,,,
3,486,486.000000,agent_4,actor_logits,2,1,3,2.116590,-11.750271,0.919669,0.597647,0.714974,-11.750271,1.196921,2.116590,,,,,
3,486,486.000000,agent_5,actor_logits,2,1,3,2.116589,-11.750270,0.919668,0.597647,0.714974,-11.750270,1.196921,2.116589,,,,,
3,488,488.000000,agent_0,actor_logits,2,1,3,6.554865,-10.614136,10.239285,0.000402,0.999964,-10.614136,-3.684420,6.554865,,,,,
3,488,488.000000,agent_1,actor_logits,2,1,3,6.554865,-10.614136,10.239285,0.000402,0.999964,-10.614136,-3.684420,6.554865,,,,,
3,488,488.000000,agent_2,actor_logits,2,1,3,6.554864,-10.614136,10.239285,0.000402,0.999964,-10.614136,-3.684420,6.554864,,,,,
3,488,488.000000,agent_3,actor_logits,2,1,3,6.554864,-10.614136,10.239285,0.000402,0.999964,-10.614136,-3.684420,6.554864,,,,,
3,488,488.000000,agent_4,actor_logits,2,1,3,6.554865,-10.614136,10.239285,0.000402,0.999964,-10.614136,-3.684420,6.554865,,,,,
3,488,488.000000,agent_5,actor_logits,2,1,3,6.554865,-10.614136,10.239285,0.000402,0.999964,-10.614136,-3.684420,6.554865,,,,,
3,490,490.000000,agent_0,actor_logits,2,1,3,5.955671,-6.216034,12.012579,0.000147,0.999989,-6.056908,-6.216034,5.955671,,,,,
3,490,490.000000,agent_1,actor_logits,2,1,3,5.955670,-6.216033,12.012578,0.000147,0.999989,-6.056908,-6.216033,5.955670,,,,,
3,490,490.000000,agent_2,actor_logits,2,1,3,5.955670,-6.216034,12.012577,0.000147,0.999989,-6.056907,-6.216034,5.955670,,,,,
3,490,490.000000,agent_3,actor_logits,2,1,3,5.955670,-6.216034,12.012579,0.000147,0.999989,-6.056908,-6.216034,5.955670,,,,,
3,490,490.000000,agent_4,actor_logits,2,1,3,5.955671,-6.216034,12.012579,0.000147,0.999989,-6.056909,-6.216034,5.955671,,,,,
3,490,490.000000,agent_5,actor_logits,2,1,3,5.955671,-6.216033,12.012579,0.000147,0.999989,-6.056909,-6.216033,5.955671,,,,,
3,492,492.000000,agent_0,actor_logits,2,1,3,5.504880,-6.639377,8.456018,0.002080,0.999782,-6.639377,-2.951138,5.504880,,,,,
3,492,492.000000,agent_1,actor_logits,2,1,3,5.504879,-6.639377,8.456017,0.002080,0.999782,-6.639377,-2.951138,5.504879,,,,,
3,492,492.000000,agent_2,actor_logits,2,1,3,5.504880,-6.639377,8.456018,0.002080,0.999782,-6.639377,-2.951138,5.504880,,,,,
3,492,492.000000,agent_3,actor_logits,2,1,3,5.504879,-6.639377,8.456018,0.002080,0.999782,-6.639377,-2.951138,5.504879,,,,,
3,492,492.000000,agent_4,actor_logits,2,1,3,5.504879,-6.639377,8.456018,0.002080,0.999782,-6.639377,-2.951138,5.504879,,,,,
3,492,492.000000,agent_5,actor_logits,2,1,3,5.504879,-6.639377,8.456017,0.002080,0.999782,-6.639377,-2.951138,5.504879,,,,,
3,494,494.000000,agent_0,actor_logits,2,1,3,1.640383,-4.108637,2.582356,0.273769,0.926972,-0.941973,-4.108637,1.640383,,,,,
3,494,494.000000,agent_1,actor_logits,2,1,3,1.640382,-4.108636,2.582355,0.273769,0.926972,-0.941973,-4.108636,1.640382,,,,,
3,494,494.000000,agent_2,actor_logits,2,1,3,1.640383,-4.108636,2.582355,0.273769,0.926972,-0.941973,-4.108636,1.640383,,,,,
3,494,494.000000,agent_3,actor_logits,2,1,3,1.640382,-4.108636,2.582355,0.273769,0.926972,-0.941973,-4.108636,1.640382,,,,,
3,494,494.000000,agent_4,actor_logits,2,1,3,1.640383,-4.108636,2.582357,0.273769,0.926972,-0.941973,-4.108636,1.640383,,,,,
3,494,494.000000,agent_5,actor_logits,2,1,3,1.640383,-4.108636,2.582356,0.273769,0.926972,-0.941973,-4.108636,1.640383,,,,,
3,496,496.000000,agent_0,actor_logits,0,1,2,3.994939,-3.494933,7.489872,0.004741,0.999442,3.994939,-3.494933,,,,,,
3,496,496.000000,agent_1,actor_logits,0,1,2,3.994938,-3.494932,7.489871,0.004741,0.999442,3.994938,-3.494932,,,,,,
3,496,496.000000,agent_2,actor_logits,0,1,2,3.994939,-3.494933,7.489872,0.004741,0.999442,3.994939,-3.494933,,,,,,
3,496,496.000000,agent_3,actor_logits,0,1,2,3.994938,-3.494933,7.489871,0.004741,0.999442,3.994938,-3.494933,,,,,,
3,496,496.000000,agent_4,actor_logits,0,1,2,3.994938,-3.494933,7.489871,0.004741,0.999442,3.994938,-3.494933,,,,,,
3,496,496.000000,agent_5,actor_logits,0,1,2,3.994938,-3.494933,7.489871,0.004741,0.999442,3.994938,-3.494933,,,,,,
3,498,498.000000,agent_0,actor_logits,0,1,3,4.850363,-4.551453,7.516246,0.005490,0.999374,4.850363,-4.551453,-2.665883,,,,,
3,498,498.000000,agent_1,actor_logits,0,1,3,4.850362,-4.551454,7.516245,0.005490,0.999374,4.850362,-4.551454,-2.665883,,,,,
3,498,498.000000,agent_2,actor_logits,0,1,3,4.850363,-4.551454,7.516245,0.005490,0.999374,4.850363,-4.551454,-2.665882,,,,,
3,498,498.000000,agent_3,actor_logits,0,1,3,4.850362,-4.551454,7.516244,0.005490,0.999374,4.850362,-4.551454,-2.665882,,,,,
3,498,498.000000,agent_4,actor_logits,0,1,3,4.850362,-4.551454,7.516244,0.005490,0.999374,4.850362,-4.551454,-2.665882,,,,,
3,498,498.000000,agent_5,actor_logits,0,1,3,4.850363,-4.551454,7.516245,0.005490,0.999374,4.850363,-4.551454,-2.665883,,,,,
4,0,0.000000,agent_0,actor_logits,0,1,2,1.750134,-2.708004,4.458138,0.062569,0.988549,1.750134,-2.708004,,,,,,
4,0,0.000000,agent_1,actor_logits,3,1,4,4.275782,-4.192782,0.598823,0.658950,0.644635,3.676959,-2.163707,-4.192782,4.275782,,,,
4,0,0.000000,agent_2,actor_logits,3,1,4,4.275782,-4.192782,0.598823,0.658950,0.644635,3.676959,-2.163707,-4.192782,4.275782,,,,
4,0,0.000000,agent_3,actor_logits,3,1,4,4.275782,-4.192782,0.598823,0.658950,0.644635,3.676959,-2.163707,-4.192782,4.275782,,,,
4,0,0.000000,agent_4,actor_logits,3,1,4,4.275782,-4.192782,0.598823,0.658950,0.644635,3.676959,-2.163707,-4.192782,4.275782,,,,
4,0,0.000000,agent_5,actor_logits,3,1,4,4.275782,-4.192782,0.598823,0.658950,0.644635,3.676959,-2.163707,-4.192782,4.275782,,,,
4,2,2.000000,agent_0,actor_logits,0,1,3,8.712852,-10.546273,11.830924,0.000093,0.999993,8.712852,-3.118073,-10.546273,,,,,
4,2,2.000000,agent_1,actor_logits,0,1,4,9.283766,-10.214175,1.782147,0.412253,0.855960,9.283766,-3.726804,-10.214175,7.501619,,,,
4,2,2.000000,agent_2,actor_logits,0,1,4,9.283766,-10.214175,1.782147,0.412253,0.855960,9.283766,-3.726804,-10.214175,7.501619,,,,
4,2,2.000000,agent_3,actor_logits,0,1,4,9.283766,-10.214175,1.782147,0.412253,0.855960,9.283766,-3.726804,-10.214175,7.501619,,,,
4,2,2.000000,agent_4,actor_logits,0,1,4,9.283766,-10.214175,1.782147,0.412253,0.855960,9.283766,-3.726804,-10.214175,7.501619,,,,
4,2,2.000000,agent_5,actor_logits,0,1,3,9.015912,-10.135222,13.051483,0.000030,0.999998,9.015912,-4.035571,-10.135222,,,,,
4,4,4.000000,agent_0,actor_logits,0,1,2,2.494239,-0.016915,2.511154,0.266585,0.924920,2.494239,-0.016915,,,,,,
4,4,4.000000,agent_1,actor_logits,3,1,4,7.876810,-10.040870,4.281576,0.084309,0.984723,3.595234,1.495948,-10.040870,7.876810,,,,
4,4,4.000000,agent_2,actor_logits,3,1,4,8.646394,-11.595740,0.576625,0.653459,0.640279,8.069769,-1.802688,-11.595740,8.646394,,,,
4,4,4.000000,agent_3,actor_logits,3,1,4,8.646394,-11.595740,0.576625,0.653459,0.640279,8.069769,-1.802688,-11.595740,8.646394,,,,
4,4,4.000000,agent_4,actor_logits,3,1,4,8.646394,-11.595740,0.576625,0.653459,0.640279,8.069769,-1.802688,-11.595740,8.646394,,,,
4,4,4.000000,agent_5,actor_logits,3,1,4,8.457970,-11.825717,0.017014,0.693308,0.504245,8.440956,-1.811011,-11.825717,8.457970,,,,
4,6,6.000000,agent_0,actor_logits,0,1,3,10.263895,-11.435867,13.089073,0.000029,0.999998,10.263895,-2.825178,-11.435867,,,,,
4,6,6.000000,agent_1,actor_logits,0,1,4,8.756479,-10.080455,2.843277,0.213207,0.944959,8.756479,-2.565063,-10.080455,5.913203,,,,
4,6,6.000000,agent_2,actor_logits,0,1,4,9.162502,-11.534616,3.006512,0.190295,0.952841,9.162502,-1.291708,-11.534616,6.155991,,,,
4,6,6.000000,agent_3,actor_logits,0,1,4,9.162502,-11.534616,3.006512,0.190295,0.952841,9.162502,-1.291708,-11.534616,6.155991,,,,
4,6,6.000000,agent_4,actor_logits,0,1,4,9.162502,-11.534616,3.006512,0.190295,0.952841,9.162502,-1.291708,-11.534616,6.155991,,,,
4,6,6.000000,agent_5,actor_logits,0,1,3,7.807025,-9.489247,10.019696,0.000491,0.999956,7.807025,-2.212671,-9.489247,,,,,
4,8,8.000000,agent_0,actor_logits,0,1,2,3.660542,0.089232,3.571311,0.125406,0.972650,3.660542,0.089232,,,,,,
4,8,8.000000,agent_1,actor_logits,3,1,4,4.097706,-7.639593,1.631742,0.786326,0.720466,2.449498,2.465964,-7.639593,4.097706,,,,
4,8,8.000000,agent_2,actor_logits,0,1,4,9.866840,-11.012746,2.477314,0.272556,0.922534,9.866840,-3.307977,-11.012746,7.389526,,,,
4,8,8.000000,agent_3,actor_logits,0,1,4,9.866840,-11.012746,2.477314,0.272556,0.922534,9.866840,-3.307977,-11.012746,7.389526,,,,
4,8,8.000000,agent_4,actor_logits,0,1,4,9.866840,-11.012746,2.477314,0.272556,0.922534,9.866840,-3.307977,-11.012746,7.389526,,,,
4,8,8.000000,agent_5,actor_logits,0,1,4,10.412739,-10.990374,3.169433,0.169009,0.959667,10.412739,-3.796030,-10.990374,7.243306,,,,
4,10,10.000000,agent_0,actor_logits,0,1,3,10.113424,-11.402928,12.746233,0.000040,0.999997,10.113424,-2.632808,-11.402928,,,,,
4,10,10.000000,agent_1,actor_logits,0,1,4,7.503531,-9.375761,1.926673,0.381353,0.872841,7.503531,-2.369144,-9.375761,5.576858,,,,
4,10,10.000000,agent_2,actor_logits,0,1,4,8.924381,-9.503350,3.597423,0.123060,0.973327,8.924381,-9.503350,-2.660438,5.326958,,,,
4,10,10.000000,agent_3,actor_logits,0,1,4,8.924381,-9.503350,3.597423,0.123060,0.973327,8.924381,-9.503350,-2.660438,5.326958,,,,
4,10,10.000000,agent_4,actor_logits,0,1,4,8.924381,-9.503350,3.597423,0.123060,0.973327,8.924381,-9.503350,-2.660438,5.326958,,,,
4,10,10.000000,agent_5,actor_logits,0,1,4,9.451141,-9.422253,4.218692,0.075848,0.985492,9.451141,-9.422253,-3.078888,5.232450,,,,
4,12,12.000000,agent_0,actor_logits,0,1,2,0.700005,-2.263186,2.963192,0.195906,0.950883,0.700005,-2.263186,,,,,,
4,12,12.000000,agent_1,actor_logits,1,1,4,5.370199,-4.249525,6.241550,0.026371,0.996438,-1.091555,5.370199,-4.249525,-0.871351,,,,
4,12,12.000000,agent_2,actor_logits,0,1,3,1.538725,-9.600599,0.323845,0.680309,0.580256,1.538725,1.214879,-9.600599,,,,,
4,12,12.000000,agent_3,actor_logits,3,1,4,8.471861,-6.708388,0.584143,0.652254,0.642020,7.887718,-6.708388,-6.174830,8.471861,,,,
4,12,12.000000,agent_4,actor_logits,3,1,4,8.471861,-6.708388,0.584143,0.652254,0.642020,7.887718,-6.708388,-6.174830,8.471861,,,,
4,12,12.000000,agent_5,actor_logits,3,1,4,8.247816,-6.785709,0.103884,0.691807,0.525947,8.143932,-6.785709,-6.209245,8.247816,,,,
4,14,14.000000,agent_0,actor_logits,0,1,3,8.284451,-16.439379,5.904520,0.018782,0.997280,8.284451,2.379931,-16.439379,,,,,
4,14,14.000000,agent_1,actor_logits,0,1,3,7.280117,-7.290826,14.256008,0.000017,0.999999,7.280117,-6.975892,-7.290826,,,,,
4,14,14.000000,agent_2,actor_logits,0,1,3,4.200356,-15.157709,0.478615,0.665313,0.617421,4.200356,3.721741,-15.157709,,,,,
4,14,14.000000,agent_3,actor_logits,3,1,4,10.737622,-11.266816,4.168776,0.078910,0.984761,6.568846,-1.878631,-11.266816,10.737622,,,,
4,14,14.000000,agent_4,actor_logits,3,1,4,10.737622,-11.266816,4.168776,0.078910,0.984761,6.568846,-1.878631,-11.266816,10.737622,,,,
4,14,14.000000,agent_5,actor_logits,3,1,4,10.775647,-7.260365,5.558271,0.025200,0.996159,5.217376,-4.297355,-7.260365,10.775647,,,,
4,16,16.000000,agent_0,actor_logits,1,1,2,3.811403,-3.130301,6.941703,0.007670,0.999034,-3.130301,3.811403,,,,,,
4,16,16.000000,agent_1,actor_logits,1,1,2,6.140621,-2.134479,8.275100,0.002363,0.999745,-2.134479,6.140621,,,,,,
4,16,16.000000,agent_2,actor_logits,1,1,2,4.396390,-7.882054,12.278444,0.000062,0.999995,-7.882054,4.396390,,,,,,
4,16,16.000000,agent_3,actor_logits,3,1,4,12.338194,-14.517941,6.673563,0.009942,0.998716,1.601610,5.664631,-14.517941,12.338194,,,,
4,16,16.000000,agent_4,actor_logits,3,1,4,12.338194,-14.517941,6.673563,0.009942,0.998716,1.601610,5.664631,-14.517941,12.338194,,,,
4,16,16.000000,agent_5,actor_logits,3,1,4,12.419692,-9.705635,10.008255,0.000549,0.999951,-0.015924,2.411437,-9.705635,12.419692,,,,
4,18,18.000000,agent_0,actor_logits,0,1,3,6.257314,-11.346297,6.221115,0.014322,0.998017,6.257314,0.036198,-11.346297,,,,,
4,18,18.000000,agent_1,actor_logits,0,1,3,7.473300,-12.271223,7.084083,0.006772,0.999162,7.473300,0.389217,-12.271223,,,,,
4,18,18.000000,agent_2,actor_logits,0,1,3,5.611001,-12.228298,4.254015,0.073698,0.985992,5.611001,1.356986,-12.228298,,,,,
4,18,18.000000,agent_3,actor_logits,3,1,4,9.286947,-18.700312,2.533090,0.448156,0.880107,6.418932,6.753857,-18.700312,9.286947,,,,
4,18,18.000000,agent_4,actor_logits,3,1,4,9.286947,-18.700312,2.533090,0.448156,0.880107,6.418932,6.753857,-18.700312,9.286947,,,,
4,18,18.000000,agent_5,actor_logits,1,1,3,4.456395,-14.380240,0.028300,0.693047,0.507075,4.428095,4.456395,-14.380240,,,,,
4,20,20.000000,agent_0,actor_logits,0,1,2,3.127893,1.914684,1.213210,0.538227,0.770866,3.127893,1.914684,,,,,,
4,20,20.000000,agent_1,actor_logits,0,1,2,3.452239,1.335670,2.116569,0.341250,0.892503,3.452239,1.335670,,,,,,
4,20,20.000000,agent_2,actor_logits,0,1,2,3.522620,2.625144,0.897476,0.601766,0.710430,3.522620,2.625144,,,,,,
4,20,20.000000,agent_3,actor_logits,1,1,4,11.845337,-17.501608,3.236916,0.160983,0.962193,0.087250,11.845337,-17.501608,8.608421,,,,
4,20,20.000000,agent_4,actor_logits,1,1,3,11.078306,-17.374594,10.565446,0.000298,0.999974,0.512861,11.078306,-17.374594,,,,,
4,20,20.000000,agent_5,actor_logits,1,1,3,11.808539,-19.326267,9.466817,0.000810,0.999923,2.341722,11.808539,-19.326267,,,,,
4,22,22.000000,agent_0,actor_logits,1,1,3,10.063456,-16.890326,7.749028,0.003771,0.999569,2.314428,10.063456,-16.890326,,,,,
4,22,22.000000,agent_1,actor_logits,1,1,3,9.674559,-16.577114,7.210917,0.006059,0.999262,2.463642,9.674559,-16.577114,,,,,
4,22,22.000000,agent_2,actor_logits,1,1,3,10.110783,-17.299479,7.566309,0.004432,0.999483,2.544473,10.110783,-17.299479,,,,,
4,22,22.000000,agent_3,actor_logits,3,1,4,9.693488,-15.903289,0.930212,0.596259,0.717076,0.299092,8.763276,-15.903289,9.693488,,,,
4,22,22.000000,agent_4,actor_logits,1,1,3,8.807441,-16.861937,7.570495,0.004415,0.999485,1.236946,8.807441,-16.861937,,,,,
4,22,22.000000,agent_5,actor_logits,1,1,3,9.493932,-19.312033,5.468549,0.027174,0.995800,4.025383,9.493932,-19.312033,,,,,
4,24,24.000000,agent_0,actor_logits,1,1,3,9.649392,-15.445539,8.373344,0.002164,0.999769,1.276048,9.649392,-15.445539,,,,,
4,24,24.000000,agent_1,actor_logits,1,1,3,9.650658,-15.357617,8.463837,0.001996,0.999789,1.186821,9.650658,-15.357617,,,,,
4,24,24.000000,agent_2,actor_logits,1,1,3,9.334400,-15.398324,7.608771,0.004269,0.999504,1.725629,9.334400,-15.398324,,,,,
4,24,24.000000,agent_3,actor_logits,1,1,3,10.104364,-18.983957,6.498915,0.011271,0.998497,3.605449,10.104364,-18.983957,,,,,
4,24,24.000000,agent_4,actor_logits,1,1,3,9.848946,-19.451754,5.363758,0.029675,0.995339,4.485188,9.848946,-19.451754,,,,,
4,24,24.000000,agent_5,actor_logits,1,1,3,9.690284,-20.934916,2.906796,0.203836,0.948181,6.783488,9.690284,-20.934916,,,,,
4,26,26.000000,agent_0,actor_logits,1,1,3,7.293378,-16.998375,1.825684,0.402694,0.861247,5.467694,7.293378,-16.998375,,,,,
4,26,26.000000,agent_1,actor_logits,1,1,3,7.469381,-17.049660,2.234221,0.317814,0.903281,5.235160,7.469381,-17.049660,,,,,
4,26,26.000000,agent_2,actor_logits,1,1,3,7.147874,-17.048607,1.339421,0.510767,0.792395,5.808453,7.147874,-17.048607,,,,,
4,26,26.000000,agent_3,actor_logits,1,1,3,9.736261,-21.697016,2.716182,0.232504,0.937975,7.020079,9.736261,-21.697016,,,,,
4,26,26.000000,agent_4,actor_logits,1,1,3,9.543922,-21.711695,2.230993,0.318445,0.902998,7.312930,9.543922,-21.711695,,,,,
4,26,26.000000,agent_5,actor_logits,1,1,3,9.183186,-22.132940,0.751040,0.627317,0.679405,8.432146,9.183186,-22.132940,,,,,
4,28,28.000000,agent_0,actor_logits,1,1,3,6.104023,-15.843036,0.324419,0.680162,0.580401,5.779604,6.104023,-15.843036,,,,,
4,28,28.000000,agent_1,actor_logits,1,1,3,6.325039,-15.920753,0.805973,0.618096,0.691251,5.519066,6.325039,-15.920753,,,,,
4,28,28.000000,agent_2,actor_logits,1,1,3,6.054286,-15.937875,0.054408,0.692777,0.513599,5.999877,6.054286,-15.937875,,,,,
4,28,28.000000,agent_3,actor_logits,0,1,2,6.818256,-0.081963,6.900220,0.007952,0.998993,6.818256,-0.081963,,,,,,
4,28,28.000000,agent_4,actor_logits,0,1,2,7.022426,-0.200590,7.223016,0.005995,0.999271,7.022426,-0.200590,,,,,,
4,28,28.000000,agent_5,actor_logits,0,1,2,8.178225,-0.485585,8.663809,0.001669,0.999827,8.178225,-0.485585,,,,,,
4,30,30.000000,agent_0,actor_logits,0,1,3,5.874002,-15.306114,0.110271,0.691630,0.527540,5.874002,5.763731,-15.306114,,,,,
4,30,30.000000,agent_1,actor_logits,1,1,3,5.963938,-15.381227,0.283375,0.683209,0.570374,5.680563,5.963938,-15.381227,,,,,
4,30,30.000000,agent_2,actor_logits,0,1,3,5.980992,-15.394872,0.236053,0.686230,0.558741,5.980992,5.744939,-15.394872,,,,,
4,30,30.000000,agent_3,actor_logits,0,1,3,10.229115,-22.244846,1.543809,0.465246,0.824018,10.229115,8.685306,-22.244846,,,,,
4,30,30.000000,agent_4,actor_logits,0,1,3,10.194997,-22.193789,1.512765,0.472195,0.819471,10.194997,8.682232,-22.193789,,,,,
4,30,30.000000,agent_5,actor_logits,0,1,3,10.350352,-22.356352,1.495568,0.476043,0.816913,10.350352,8.854784,-22.356352,,,,,
4,32,32.000000,agent_0,actor_logits,0,1,3,8.949489,-10.988486,11.745974,0.000101,0.999992,8.949489,-2.796485,-10.988486,,,,,
4,32,32.000000,agent_1,actor_logits,1,1,3,5.843332,-14.344860,1.124626,0.556949,0.754846,4.718706,5.843332,-14.344860,,,,,
4,32,32.000000,agent_2,actor_logits,0,1,3,8.928259,-11.052178,11.649857,0.000110,0.999991,8.928259,-2.721597,-11.052178,,,,,
4,32,32.000000,agent_3,actor_logits,1,1,3,9.782623,-21.891935,2.022779,0.360565,0.883168,7.759845,9.782623,-21.891935,,,,,
4,32,32.000000,agent_4,actor_logits,1,1,3,9.795187,-21.818094,2.118737,0.340810,0.892711,7.676450,9.795187,-21.818094,,,,,
4,32,32.000000,agent_5,actor_logits,1,1,3,9.878879,-21.927004,2.062066,0.352410,0.887161,7.816813,9.878879,-21.927004,,,,,
4,34,34.000000,agent_0,actor_logits,0,1,3,14.706240,-10.184505,22.892509,0.000000,1.000000,14.706240,-8.186270,-10.184505,,,,,
4,34,34.000000,agent_1,actor_logits,0,1,4,7.965585,-15.373621,3.070825,0.288648,0.933191,7.965585,4.285041,-15.373621,4.894760,,,,
4,34,34.000000,agent_2,actor_logits,0,1,3,14.584129,-10.145144,22.705776,0.000000,1.000000,14.584129,-8.121647,-10.145144,,,,,
4,34,34.000000,agent_3,actor_logits,0,1,4,9.501150,-11.158446,0.313017,0.681055,0.577621,9.501150,-4.515275,-11.158446,9.188133,,,,
4,34,34.000000,agent_4,actor_logits,0,1,4,9.491995,-11.133815,0.299858,0.682040,0.574408,9.491995,-4.529508,-11.133815,9.192137,,,,
4,34,34.000000,agent_5,actor_logits,0,1,4,9.767841,-11.200355,0.757848,0.626205,0.680886,9.767841,-4.629209,-11.200355,9.009994,,,,
4,36,36.000000,agent_0,actor_logits,0,1,3,2.483498,-5.581255,4.712595,0.053702,0.990790,2.483498,-2.229096,-5.581255,,,,,
4,36,36.000000,agent_1,actor_logits,0,1,3,4.877048,-11.145675,3.360756,0.146858,0.966455,4.877048,1.516292,-11.145675,,,,,
4,36,36.000000,agent_2,actor_logits,0,1,3,2.513719,-5.619053,4.729679,0.052831,0.990959,2.513719,-2.215960,-5.619053,,,,,
4,36,36.000000,agent_3,actor_logits,1,1,4,13.449037,-15.869383,8.416096,0.002094,0.999778,-0.694622,13.449037,-15.869383,5.032940,,,,
4,36,36.000000,agent_4,actor_logits,1,1,4,13.389227,-15.847473,8.375961,0.002171,0.999769,-0.639294,13.389227,-15.847473,5.013266,,,,
4,36,36.000000,agent_5,actor_logits,1,1,4,13.426198,-15.955287,8.643848,0.001713,0.999823,-0.418749,13.426198,-15.955287,4.782350,,,,
4,38,38.000000,agent_0,actor_logits,0,1,3,-0.206521,-6.339868,0.790538,0.630997,0.686922,-0.206521,-0.997059,-6.339868,,,,,
4,38,38.000000,agent_1,actor_logits,1,1,3,0.015562,-5.018020,1.436379,0.519425,0.803663,-1.420817,0.015562,-5.018020,,,,,
4,38,38.000000,agent_2,actor_logits,0,1,3,-0.160557,-6.384713,0.844067,0.621082,0.698354,-0.160557,-1.004624,-6.384713,,,,,
4,38,38.000000,agent_3,actor_logits,0,1,3,9.839436,-17.501087,7.799395,0.003606,0.999590,9.839436,2.040040,-17.501087,,,,,
4,38,38.000000,agent_4,actor_logits,0,1,3,9.877197,-17.470289,7.894330,0.003315,0.999627,9.877197,1.982868,-17.470289,,,,,
4,38,38.000000,agent_5,actor_logits,0,1,3,10.149487,-17.530092,8.296090,0.002319,0.999751,10.149487,1.853397,-17.530092,,,,,
4,40,40.000000,agent_0,actor_logits,1,1,2,1.069709,-11.431063,12.500772,0.000050,0.999996,-11.431063,1.069709,,,,,,
4,40,40.000000,agent_1,actor_logits,1,1,3,2.146192,-4.827999,5.872688,0.026717,0.996263,-3.726496,2.146192,-4.827999,,,,,
4,40,40.000000,agent_2,actor_logits,1,1,2,1.055959,-11.412896,12.468856,0.000052,0.999996,-11.412896,1.055959,,,,,,
4,40,40.000000,agent_3,actor_logits,0,1,3,4.470748,-15.169965,1.278945,0.524020,0.782270,4.470748,3.191803,-15.169965,,,,,
4,40,40.000000,agent_4,actor_logits,0,1,3,4.480578,-15.148215,1.315969,0.515924,0.788510,4.480578,3.164609,-15.148215,,,,,
4,40,40.000000,agent_5,actor_logits,0,1,3,4.761479,-15.283868,1.532533,0.467771,0.822377,4.761479,3.228946,-15.283868,,,,,
4,42,42.000000,agent_0,actor_logits,1,1,3,7.446662,-7.786650,11.454071,0.000136,0.999989,-7.786650,7.446662,-4.007410,,,,,
4,42,42.000000,agent_1,actor_logits,0,1,4,3.328403,-4.130277,2.043887,0.373788,0.883150,3.328403,1.284516,-2.786562,-4.130277,,,,
4,42,42.000000,agent_2,actor_logits,1,1,3,7.475139,-7.793208,11.495934,0.000131,0.999990,-7.793208,7.475139,-4.020794,,,,,
4,42,42.000000,agent_3,actor_logits,1,1,3,7.057148,-9.842691,11.668127,0.000109,0.999991,-9.842691,7.057148,-4.610978,,,,,
4,42,42.000000,agent_4,actor_logits,1,1,3,7.020801,-9.789632,11.625356,0.000114,0.999991,-9.789632,7.020801,-4.604555,,,,,
4,42,42.000000,agent_5,actor_logits,1,1,3,7.110357,-9.591664,11.816140,0.000096,0.999993,-9.591664,7.110357,-4.705783,,,,,
4,44,44.000000,agent_0,actor_logits,2,1,4,5.768302,-12.362722,1.923045,0.539771,0.835865,3.845257,-12.362722,5.768302,2.776649,,,,
4,44,44.000000,agent_1,actor_logits,0,1,3,7.509468,-7.120668,9.756043,0.000630,0.999942,7.509468,-7.120668,-2.246576,,,,,
4,44,44.000000,agent_2,actor_logits,2,1,4,5.773332,-12.385387,1.884249,0.541913,0.833504,3.889083,-12.385387,5.773332,2.732825,,,,
4,44,44.000000,agent_3,actor_logits,2,1,4,7.123047,-12.217762,2.775233,0.236664,0.939538,0.917121,-12.217762,7.123047,4.347815,,,,
4,44,44.000000,agent_4,actor_logits,2,1,4,7.115546,-12.185808,2.736770,0.242192,0.937446,0.874912,-12.185808,7.115546,4.378776,,,,
4,44,44.000000,agent_5,actor_logits,2,1,4,6.972857,-12.083754,2.640958,0.259948,0.931365,0.940636,-12.083754,6.972857,4.331900,,,,
4,46,46.000000,agent_0,actor_logits,0,1,4,11.920515,-13.119429,8.786081,0.001529,0.999845,11.920515,-13.119429,-1.017313,3.134434,,,,
4,46,46.000000,agent_1,actor_logits,0,1,3,7.046846,-9.461533,6.509559,0.011168,0.998513,7.046846,-9.461533,0.537287,,,,,
4,46,46.000000,agent_2,actor_logits,0,1,4,11.950339,-13.105431,8.856283,0.001436,0.999855,11.950339,-13.105431,-1.031682,3.094056,,,,
4,46,46.000000,agent_3,actor_logits,0,1,4,10.192389,-12.291182,6.621473,0.010396,0.998648,10.192389,-12.291182,-0.515923,3.570917,,,,
4,46,46.000000,agent_4,actor_logits,0,1,4,10.173132,-12.274935,6.599056,0.010600,0.998618,10.173132,-12.274935,-0.516699,3.574076,,,,
4,46,46.000000,agent_5,actor_logits,0,1,4,10.223896,-12.156517,6.692636,0.009754,0.998743,10.223896,-12.156517,-0.643180,3.531260,,,,
4,48,48.000000,agent_0,actor_logits,1,1,3,4.543826,-6.707533,9.146254,0.001241,0.999880,-6.707533,4.543826,-4.602428,,,,,
4,48,48.000000,agent_1,actor_logits,2,1,3,10.483489,-13.139366,11.716983,0.000104,0.999992,-1.233494,-13.139366,10.483489,,,,,
4,48,48.000000,agent_2,actor_logits,1,1,3,4.560646,-6.691467,9.188253,0.001201,0.999885,-6.691467,4.560646,-4.627607,,,,,
4,48,48.000000,agent_3,actor_logits,1,1,3,5.553526,-7.944292,10.324244,0.000392,0.999966,-7.944292,5.553526,-4.770717,,,,,
4,48,48.000000,agent_4,actor_logits,1,1,3,5.558631,-7.945087,10.334579,0.000388,0.999966,-7.945087,5.558631,-4.775949,,,,,
4,48,48.000000,agent_5,actor_logits,1,1,3,5.600193,-7.862798,10.535013,0.000327,0.999972,-7.862798,5.600193,-4.934821,,,,,
4,50,50.000000,agent_0,actor_logits,2,1,3,4.640253,-9.105375,5.368784,0.029566,0.995361,-9.105375,-0.728531,4.640253,,,,,
4,50,50.000000,agent_1,actor_logits,1,1,4,3.575387,-7.443210,1.342344,0.811531,0.700072,-7.443210,3.575387,2.233044,1.786680,,,,
4,50,50.000000,agent_2,actor_logits,2,1,3,4.625268,-9.091840,5.348069,0.030084,0.995264,-9.091840,-0.722801,4.625268,,,,,
4,50,50.000000,agent_3,actor_logits,2,1,3,4.039809,-9.571969,4.445533,0.063225,0.988404,-9.571969,-0.405724,4.039809,,,,,
4,50,50.000000,agent_4,actor_logits,2,1,3,4.030738,-9.569862,4.434643,0.063783,0.988279,-9.569862,-0.403905,4.030738,,,,,
4,50,50.000000,agent_5,actor_logits,2,1,3,3.952731,-9.509628,4.342074,0.068709,0.987156,-9.509628,-0.389343,3.952731,,,,,
4,52,52.000000,agent_0,actor_logits,0,1,4,2.633858,-5.655696,0.714211,0.886673,0.608170,2.633858,-5.655696,1.919647,0.765956,,,,
4,52,52.000000,agent_1,actor_logits,0,1,4,3.879824,-5.847748,2.261143,0.453535,0.873976,3.879824,-5.847748,0.658584,1.618682,,,,
4,52,52.000000,agent_2,actor_logits,0,1,4,2.650138,-5.661009,0.734024,0.880673,0.613401,2.650138,-5.661009,1.916114,0.753261,,,,
4,52,52.000000,agent_3,actor_logits,0,1,4,2.542289,-5.014287,1.057916,0.797351,0.686297,2.542289,-5.014287,1.484373,0.329482,,,,
4,52,52.000000,agent_4,actor_logits,0,1,4,2.542307,-5.006648,1.064019,0.795765,0.687551,2.542307,-5.006648,1.478288,0.324467,,,,
4,52,52.000000,agent_5,actor_logits,0,1,4,2.566290,-4.986821,1.118676,0.779702,0.699239,2.566290,-4.986821,1.447614,0.292190,,,,
4,54,54.000000,agent_0,actor_logits,1,1,3,2.290005,-4.761356,6.068729,0.023263,0.996830,-4.761356,2.290005,-3.778724,,,,,
4,54,54.000000,agent_1,actor_logits,1,1,3,2.706178,-4.202518,6.858717,0.016124,0.997955,-4.152539,2.706178,-4.202518,,,,,
4,54,54.000000,agent_2,actor_logits,1,1,3,2.299270,-4.757424,6.083328,0.023028,0.996868,-4.757424,2.299270,-3.784058,,,,,
4,54,54.000000,agent_3,actor_logits,1,1,3,3.261566,-5.263014,7.666809,0.005944,0.999334,-5.263014,3.261566,-4.405242,,,,,
4,54,54.000000,agent_4,actor_logits,1,1,3,3.268979,-5.265460,7.680692,0.005878,0.999342,-5.265460,3.268979,-4.411714,,,,,
4,54,54.000000,agent_5,actor_logits,1,1,3,3.301205,-5.265459,7.746671,0.005598,0.999378,-5.265459,3.301205,-4.445467,,,,,
4,56,56.000000,agent_0,actor_logits,2,1,3,7.536821,-16.670738,4.142896,0.080500,0.984371,-16.670738,3.393926,7.536821,,,,,
4,56,56.000000,agent_1,actor_logits,2,1,3,7.549680,-16.409300,4.204405,0.076666,0.985290,-16.409300,3.345275,7.549680,,,,,
4,56,56.000000,agent_2,actor_logits,2,1,3,7.531631,-16.667185,4.133990,0.081070,0.984234,-16.667185,3.397641,7.531631,,,,,
4,56,56.000000,agent_3,actor_logits,2,1,3,6.863364,-17.011145,2.626925,0.246928,0.932574,-17.011145,4.236439,6.863364,,,,,
4,56,56.000000,agent_4,actor_logits,2,1,3,6.856607,-17.012695,2.613396,0.249170,0.931719,-17.012695,4.243212,6.856607,,,,,
4,56,56.000000,agent_5,actor_logits,2,1,3,6.826458,-17.017992,2.552800,0.259391,0.927761,-17.017992,4.273658,6.826458,,,,,
4,58,58.000000,agent_0,actor_logits,2,1,4,5.984577,-4.863752,0.832835,0.613806,0.696931,-4.464086,-4.863752,5.984577,5.151742,,,,
4,58,58.000000,agent_1,actor_logits,2,1,4,6.185789,-4.905904,1.233194,0.534269,0.774355,-4.529650,-4.905904,6.185789,4.952595,,,,
4,58,58.000000,agent_2,actor_logits,2,1,4,5.984732,-4.866769,0.841553,0.612270,0.698768,-4.455516,-4.866769,5.984732,5.143179,,,,
4,58,58.000000,agent_3,actor_logits,2,1,4,5.691598,-4.748740,0.770495,0.624686,0.683591,-4.230353,-4.748740,5.691598,4.921103,,,,
4,58,58.000000,agent_4,actor_logits,2,1,4,5.688790,-4.748407,0.768991,0.624939,0.683266,-4.227829,-4.748407,5.688790,4.919799,,,,
4,58,58.000000,agent_5,actor_logits,2,1,4,5.674750,-4.745940,0.754962,0.627267,0.680222,-4.218402,-4.745940,5.674750,4.919787,,,,
4,60,60.000000,agent_0,actor_logits,0,1,4,11.404380,-10.889648,8.838303,0.001453,0.999853,11.404380,-10.889648,-1.791343,2.566077,,,,
4,60,60.000000,agent_1,actor_logits,0,1,4,11.622263,-10.991070,9.161646,0.001087,0.999894,11.622263,-10.991070,-1.838941,2.460617,,,,
4,60,60.000000,agent_2,actor_logits,0,1,4,11.415258,-10.892332,8.855610,0.001431,0.999856,11.415258,-10.892332,-1.794344,2.559648,,,,
4,60,60.000000,agent_3,actor_logits,0,1,4,11.796065,-10.887878,9.396577,0.000876,0.999916,11.796065,-10.887878,-2.151581,2.399488,,,,
4,60,60.000000,agent_4,actor_logits,0,1,4,11.799629,-10.888464,9.401023,0.000872,0.999917,11.799629,-10.888464,-2.154498,2.398607,,,,
4,60,60.000000,agent_5,actor_logits,0,1,4,11.811980,-10.891199,9.413214,0.000863,0.999918,11.811980,-10.891199,-2.165612,2.398767,,,,
4,62,62.000000,agent_0,actor_logits,1,1,3,4.595777,-8.817533,6.292296,0.013493,0.998151,-8.817533,4.595777,-1.696519,,,,,
4,62,62.000000,agent_1,actor_logits,1,1,3,4.617140,-8.730930,6.381587,0.012496,0.998309,-8.730930,4.617140,-1.764446,,,,,
4,62,62.000000,agent_2,actor_logits,1,1,3,4.595450,-8.813695,6.292869,0.013486,0.998152,-8.813695,4.595450,-1.697419,,,,,
4,62,62.000000,agent_3,actor_logits,1,1,3,4.870564,-8.718769,6.877617,0.008129,0.998969,-8.718769,4.870564,-2.007053,,,,,
4,62,62.000000,agent_4,actor_logits,1,1,3,4.872484,-8.717319,6.882355,0.008096,0.998974,-8.717319,4.872484,-2.009871,,,,,
4,62,62.000000,agent_5,actor_logits,1,1,3,4.877345,-8.709583,6.896226,0.007999,0.998988,-8.709583,4.877345,-2.018881,,,,,
4,64,64.000000,agent_0,actor_logits,1,1,3,5.096617,-13.934743,0.271871,0.683993,0.567552,-13.934743,5.096617,4.824747,,,,,
4,64,64.000000,agent_1,actor_logits,1,1,3,5.137526,-13.917031,0.381704,0.675261,0.594284,-13.917031,5.137526,4.755822,,,,,
4,64,64.000000,agent_2,actor_logits,1,1,3,5.094761,-13.931334,0.270074,0.684112,0.567111,-13.931334,5.094761,4.824687,,,,,
4,64,64.000000,agent_3,actor_logits,1,1,3,5.343900,-13.899585,0.772299,0.623804,0.684018,-13.899585,5.343900,4.571601,,,,,
4,64,64.000000,agent_4,actor_logits,1,1,3,5.345240,-13.898882,0.775511,0.623267,0.684712,-13.898882,5.345240,4.569729,,,,,
4,64,64.000000,agent_5,actor_logits,1,1,3,5.349801,-13.896795,0.785455,0.621594,0.686855,-13.896795,5.349801,4.564346,,,,,
4,66,66.000000,agent_0,actor_logits,3,1,4,3.521675,-6.726937,0.792059,0.825845,0.641841,2.729616,-6.726937,1.268560,3.521675,,,,
4,66,66.000000,agent_1,actor_logits,3,1,4,3.582927,-6.694349,0.879207,0.798165,0.663536,2.703720,-6.694349,1.196204,3.582927,,,,
4,66,66.000000,agent_2,actor_logits,3,1,4,3.518222,-6.728065,0.785598,0.827144,0.640451,2.732624,-6.728065,1.269332,3.518222,,,,
4,66,66.000000,agent_3,actor_logits,3,1,4,3.362366,-6.719152,0.374003,0.851017,0.560103,2.988363,-6.719152,1.033118,3.362366,,,,
4,66,66.000000,agent_4,actor_logits,3,1,4,3.360838,-6.719396,0.370512,0.851178,0.559343,2.990326,-6.719396,1.031799,3.360838,,,,
4,66,66.000000,agent_5,actor_logits,3,1,4,3.357146,-6.718854,0.362527,0.851429,0.557631,2.994619,-6.718854,1.027644,3.357146,,,,
4,70,70.000000,agent_0,actor_logits,0,1,7,9.050423,-8.421329,8.338446,0.004845,0.999516,9.050423,-8.421329,-0.943539,-0.346869,0.711977,-0.868757,-0.558965,
4,70,70.000000,agent_1,actor_logits,0,1,7,9.055998,-8.358485,8.339267,0.004774,0.999524,9.055998,-8.358485,-1.005040,-0.378333,0.716731,-0.875282,-0.562006,
4,70,70.000000,agent_2,actor_logits,0,1,7,9.052622,-8.422981,8.340023,0.004837,0.999517,9.052622,-8.422981,-0.942802,-0.347641,0.712599,-0.868829,-0.558841,
4,70,70.000000,agent_3,actor_logits,0,1,7,9.092697,-8.181312,8.367504,0.004433,0.999559,9.092697,-8.181312,-1.120784,-0.584500,0.725193,-0.900581,-0.574898,
4,70,70.000000,agent_4,actor_logits,0,1,7,9.093014,-8.179794,8.368052,0.004430,0.999560,9.093014,-8.179794,-1.121951,-0.585971,0.724962,-0.900757,-0.575001,
4,70,70.000000,agent_5,actor_logits,0,1,7,9.093588,-8.174606,8.368726,0.004423,0.999561,9.093588,-8.174606,-1.125985,-0.589897,0.724862,-0.901302,-0.575272,
4,76,76.000000,agent_0,actor_logits,2,1,3,0.244529,-7.388625,2.810748,0.221787,0.942823,-7.388625,-2.566219,0.244529,,,,,
4,76,76.000000,agent_1,actor_logits,2,1,3,0.224491,-7.372221,2.792804,0.224621,0.941840,-7.372221,-2.568313,0.224491,,,,,
4,76,76.000000,agent_2,actor_logits,2,1,3,0.243921,-7.386904,2.810264,0.221867,0.942796,-7.386904,-2.566343,0.243921,,,,,
4,76,76.000000,agent_3,actor_logits,2,1,3,0.169683,-7.344088,2.714436,0.237048,0.937393,-7.344088,-2.544752,0.169683,,,,,
4,76,76.000000,agent_4,actor_logits,2,1,3,0.169594,-7.344570,2.714026,0.237111,0.937370,-7.344570,-2.544432,0.169594,,,,,
4,76,76.000000,agent_5,actor_logits,2,1,3,0.169037,-7.345701,2.712442,0.237359,0.937278,-7.345701,-2.543404,0.169037,,,,,
4,82,82.000000,agent_0,actor_logits,3,1,7,10.516883,-10.567886,4.666492,0.056727,0.990297,-10.567886,1.785948,1.567525,10.516883,5.850391,1.114879,-0.390505,
4,82,82.000000,agent_1,actor_logits,3,1,7,10.512310,-10.566315,4.659762,0.057035,0.990233,-10.566315,1.796703,1.556700,10.512310,5.852548,1.114238,-0.391128,
4,82,82.000000,agent_2,actor_logits,3,1,7,10.516789,-10.567726,4.666276,0.056736,0.990296,-10.567726,1.786173,1.567144,10.516789,5.850514,1.114856,-0.390498,
4,82,82.000000,agent_3,actor_logits,3,1,7,10.516517,-10.571655,4.658591,0.057079,0.990223,-10.571655,1.813491,1.542409,10.516517,5.857926,1.114889,-0.392664,
4,82,82.000000,agent_4,actor_logits,3,1,7,10.516583,-10.571649,4.658681,0.057075,0.990224,-10.571649,1.813362,1.542529,10.516583,5.857903,1.114905,-0.392664,
4,82,82.000000,agent_5,actor_logits,3,1,7,10.516684,-10.571814,4.658755,0.057071,0.990225,-10.571814,1.813393,1.542630,10.516684,5.857929,1.114928,-0.392686,
4,84,84.000000,agent_0,actor_logits,1,1,4,6.159162,-9.687798,1.969070,0.371977,0.877502,-5.228628,6.159162,4.190092,-9.687798,,,,
4,84,84.000000,agent_1,actor_logits,1,1,4,6.161171,-9.692372,1.979556,0.369761,0.878625,-5.223557,6.161171,4.181615,-9.692372,,,,
4,84,84.000000,agent_2,actor_logits,1,1,4,6.158998,-9.687718,1.968909,0.372011,0.877485,-5.228541,6.158998,4.190089,-9.687718,,,,
4,84,84.000000,agent_3,actor_logits,1,1,4,6.166273,-9.698759,1.986700,0.368254,0.879385,-5.226355,6.166273,4.179573,-9.698759,,,,
4,84,84.000000,agent_4,actor_logits,1,1,4,6.166309,-9.698785,1.986664,0.368261,0.879381,-5.226413,6.166309,4.179645,-9.698785,,,,
4,84,84.000000,agent_5,actor_logits,1,1,4,6.166480,-9.698917,1.986873,0.368217,0.879403,-5.226488,6.166480,4.179606,-9.698917,,,,
4,86,86.000000,agent_0,actor_logits,0,1,4,5.282176,-9.464385,2.410924,0.420601,0.887223,5.282176,1.995536,-9.464385,2.871252,,,,
4,86,86.000000,agent_1,actor_logits,0,1,4,5.291152,-9.472705,2.422275,0.417762,0.888299,5.291152,1.995042,-9.472705,2.868877,,,,
4,86,86.000000,agent_2,actor_logits,0,1,4,5.282215,-9.464351,2.410987,0.420578,0.887232,5.282215,1.995447,-9.464351,2.871228,,,,
4,86,86.000000,agent_3,actor_logits,0,1,4,5.292315,-9.473144,2.420662,0.417607,0.888312,5.292315,1.991882,-9.473144,2.871653,,,,
4,86,86.000000,agent_4,actor_logits,0,1,4,5.292260,-9.473073,2.420581,0.417624,0.888305,5.292260,1.991866,-9.473073,2.871679,,,,
4,86,86.000000,agent_5,actor_logits,0,1,4,5.292302,-9.473138,2.420615,0.417617,0.888308,5.292302,1.991890,-9.473138,2.871687,,,,
4,88,88.000000,agent_0,actor_logits,1,1,4,6.610335,-6.118718,4.861532,0.045133,0.992314,-5.850412,6.610335,1.748803,-6.118718,,,,
4,88,88.000000,agent_1,actor_logits,1,1,4,6.606336,-6.125185,4.859720,0.045201,0.992300,-5.839867,6.606336,1.746615,-6.125185,,,,
4,88,88.000000,agent_2,actor_logits,1,1,4,6.610300,-6.118854,4.861457,0.045136,0.992313,-5.850370,6.610300,1.748843,-6.118854,,,,
4,88,88.000000,agent_3,actor_logits,1,1,4,6.604118,-6.118111,4.858387,0.045251,0.992290,-5.839903,6.604118,1.745731,-6.118111,,,,
4,88,88.000000,agent_4,actor_logits,1,1,4,6.604128,-6.117995,4.858416,0.045250,0.992290,-5.839953,6.604128,1.745712,-6.117995,,,,
4,88,88.000000,agent_5,actor_logits,1,1,4,6.604113,-6.117890,4.858450,0.045249,0.992290,-5.839919,6.604113,1.745663,-6.117890,,,,
4,90,90.000000,agent_0,actor_logits,1,1,4,8.378442,-7.865151,5.700188,0.022519,0.996651,-2.779330,8.378442,-7.865151,2.678254,,,,
4,90,90.000000,agent_1,actor_logits,1,1,4,8.378355,-7.873536,5.700556,0.022514,0.996653,-2.769549,8.378355,-7.873536,2.677799,,,,
4,90,90.000000,agent_2,actor_logits,1,1,4,8.378429,-7.865257,5.700195,0.022519,0.996651,-2.779211,8.378429,-7.865257,2.678234,,,,
4,90,90.000000,agent_3,actor_logits,1,1,4,8.379679,-7.869674,5.702101,0.022484,0.996658,-2.774235,8.379679,-7.869674,2.677578,,,,
4,90,90.000000,agent_4,actor_logits,1,1,4,8.379675,-7.869568,5.702125,0.022483,0.996658,-2.774323,8.379675,-7.869568,2.677551,,,,
4,90,90.000000,agent_5,actor_logits,1,1,4,8.379693,-7.869506,5.702151,0.022483,0.996658,-2.774383,8.379693,-7.869506,2.677542,,,,
4,92,92.000000,agent_0,actor_logits,1,1,4,10.965111,-10.197178,7.349766,0.005369,0.999357,-3.971935,10.965111,-10.197178,3.615345,,,,
4,92,92.000000,agent_1,actor_logits,1,1,4,10.961763,-10.199739,7.347319,0.005380,0.999356,-3.965083,10.961763,-10.199739,3.614444,,,,
4,92,92.000000,agent_2,actor_logits,1,1,4,10.965057,-10.197268,7.349751,0.005369,0.999357,-3.971776,10.965057,-10.197268,3.615307,,,,
4,92,92.000000,agent_3,actor_logits,1,1,4,10.963203,-10.197643,7.347333,0.005380,0.999356,-3.969201,10.963203,-10.197643,3.615870,,,,
4,92,92.000000,agent_4,actor_logits,1,1,4,10.963215,-10.197585,7.347372,0.005380,0.999356,-3.969249,10.963215,-10.197585,3.615843,,,,
4,92,92.000000,agent_5,actor_logits,1,1,4,10.963244,-10.197527,7.347388,0.005380,0.999356,-3.969336,10.963244,-10.197527,3.615857,,,,
4,94,94.000000,agent_0,actor_logits,1,1,4,7.920936,-12.965980,2.274570,0.316718,0.905961,0.971166,7.920936,-12.965980,5.646367,,,,
4,94,94.000000,agent_1,actor_logits,1,1,4,7.918431,-12.968390,2.273888,0.316903,0.905896,0.977863,7.918431,-12.968390,5.644543,,,,
4,94,94.000000,agent_2,actor_logits,1,1,4,7.920887,-12.966086,2.274593,0.316715,0.905963,0.971378,7.920887,-12.966086,5.646294,,,,
4,94,94.000000,agent_3,actor_logits,1,1,4,7.919973,-12.965723,2.273293,0.316972,0.905852,0.971904,7.919973,-12.965723,5.646680,,,,
4,94,94.000000,agent_4,actor_logits,1,1,4,7.919958,-12.965670,2.273282,0.316974,0.905851,0.971866,7.919958,-12.965670,5.646676,,,,
4,94,94.000000,agent_5,actor_logits,1,1,4,7.919979,-12.965594,2.273259,0.316978,0.905849,0.971737,7.919979,-12.965594,5.646719,,,,
4,96,96.000000,agent_0,actor_logits,1,1,4,9.199643,-11.512757,4.819226,0.046976,0.991962,-1.205378,9.199643,-11.512757,4.380417,,,,
4,96,96.000000,agent_1,actor_logits,1,1,4,9.198477,-11.516708,4.819331,0.046975,0.991962,-1.198789,9.198477,-11.516708,4.379146,,,,
4,96,96.000000,agent_2,actor_logits,1,1,4,9.199594,-11.512890,4.819230,0.046976,0.991962,-1.205141,9.199594,-11.512890,4.380364,,,,
4,96,96.000000,agent_3,actor_logits,1,1,4,9.199934,-11.513535,4.819053,0.046983,0.991960,-1.205173,9.199934,-11.513535,4.380881,,,,
4,96,96.000000,agent_4,actor_logits,1,1,4,9.199903,-11.513453,4.819047,0.046983,0.991960,-1.205209,9.199903,-11.513453,4.380856,,,,
4,96,96.000000,agent_5,actor_logits,1,1,4,9.199926,-11.513363,4.819043,0.046983,0.991960,-1.205356,9.199926,-11.513363,4.380884,,,,
4,98,98.000000,agent_0,actor_logits,0,1,3,5.255589,-11.316105,5.459306,0.027388,0.995761,5.255589,-11.316105,-0.203718,,,,,
4,98,98.000000,agent_1,actor_logits,0,1,3,5.257995,-11.319416,5.460264,0.027366,0.995765,5.257995,-11.319416,-0.202268,,,,,
4,98,98.000000,agent_2,actor_logits,0,1,3,5.255690,-11.316243,5.459349,0.027387,0.995762,5.255690,-11.316243,-0.203659,,,,,
4,98,98.000000,agent_3,actor_logits,0,1,3,5.255058,-11.316027,5.458537,0.027406,0.995758,5.255058,-11.316027,-0.203479,,,,,
4,98,98.000000,agent_4,actor_logits,0,1,3,5.255080,-11.315989,5.458595,0.027404,0.995758,5.255080,-11.315989,-0.203515,,,,,
4,98,98.000000,agent_5,actor_logits,0,1,3,5.255021,-11.315900,5.458576,0.027405,0.995758,5.255021,-11.315900,-0.203555,,,,,
4,100,100.000000,agent_0,actor_logits,0,1,3,5.370280,-12.630415,2.337685,0.298002,0.911950,5.370280,3.032595,-12.630415,,,,,
4,100,100.000000,agent_1,actor_logits,0,1,3,5.375010,-12.631234,2.343662,0.296882,0.912429,5.375010,3.031348,-12.631234,,,,,
4,100,100.000000,agent_2,actor_logits,0,1,3,5.370476,-12.630422,2.337966,0.297950,0.911973,5.370476,3.032511,-12.630422,,,,,
4,100,100.000000,agent_3,actor_logits,0,1,3,5.370166,-12.630630,2.337185,0.298096,0.911910,5.370166,3.032981,-12.630630,,,,,
4,100,100.000000,agent_4,actor_logits,0,1,3,5.370095,-12.630631,2.337080,0.298116,0.911902,5.370095,3.033015,-12.630631,,,,,
4,100,100.000000,agent_5,actor_logits,0,1,3,5.369961,-12.630630,2.336887,0.298152,0.911886,5.369961,3.033074,-12.630630,,,,,
4,102,102.000000,agent_0,actor_logits,0,1,2,6.128727,-21.400005,27.528732,0.000000,1.000000,6.128727,-21.400005,,,,,,
4,102,102.000000,agent_1,actor_logits,0,1,2,6.132149,-21.399069,27.531218,0.000000,1.000000,6.132149,-21.399069,,,,,,
4,102,102.000000,agent_2,actor_logits,0,1,2,6.128874,-21.399961,27.528835,0.000000,1.000000,6.128874,-21.399961,,,,,,
4,102,102.000000,agent_3,actor_logits,0,1,2,6.128455,-21.400135,27.528589,0.000000,1.000000,6.128455,-21.400135,,,,,,
4,102,102.000000,agent_4,actor_logits,0,1,2,6.128449,-21.400139,27.528587,0.000000,1.000000,6.128449,-21.400139,,,,,,
4,102,102.000000,agent_5,actor_logits,0,1,2,6.128356,-21.400167,27.528524,0.000000,1.000000,6.128356,-21.400167,,,,,,
4,104,104.000000,agent_0,actor_logits,1,1,3,4.602271,-14.399640,1.987510,0.367961,0.879479,-14.399640,4.602271,2.614761,,,,,
4,104,104.000000,agent_1,actor_logits,1,1,3,4.604829,-14.398645,1.992220,0.366969,0.879978,-14.398645,4.604829,2.612609,,,,,
4,104,104.000000,agent_2,actor_logits,1,1,3,4.602369,-14.399587,1.987689,0.367923,0.879498,-14.399587,4.602369,2.614680,,,,,
4,104,104.000000,agent_3,actor_logits,1,1,3,4.602471,-14.399974,1.987808,0.367898,0.879511,-14.399974,4.602471,2.614664,,,,,
4,104,104.000000,agent_4,actor_logits,1,1,3,4.602438,-14.399963,1.987753,0.367910,0.879505,-14.399963,4.602438,2.614685,,,,,
4,104,104.000000,agent_5,actor_logits,1,1,3,4.602376,-14.399999,1.987637,0.367934,0.879493,-14.399999,4.602376,2.614738,,,,,
4,106,106.000000,agent_0,actor_logits,2,1,3,10.497521,-8.960428,18.917656,0.000000,1.000000,-8.420134,-8.960428,10.497521,,,,,
4,106,106.000000,agent_1,actor_logits,2,1,3,10.496440,-8.959288,18.915905,0.000000,1.000000,-8.419466,-8.959288,10.496440,,,,,
4,106,106.000000,agent_2,actor_logits,2,1,3,10.497484,-8.960384,18.917587,0.000000,1.000000,-8.420103,-8.960384,10.497484,,,,,
4,106,106.000000,agent_3,actor_logits,2,1,3,10.497306,-8.960303,18.917437,0.000000,1.000000,-8.420131,-8.960303,10.497306,,,,,
4,106,106.000000,agent_4,actor_logits,2,1,3,10.497325,-8.960317,18.917461,0.000000,1.000000,-8.420135,-8.960317,10.497325,,,,,
4,106,106.000000,agent_5,actor_logits,2,1,3,10.497352,-8.960344,18.917507,0.000000,1.000000,-8.420155,-8.960344,10.497352,,,,,
4,108,108.000000,agent_0,actor_logits,2,1,4,4.152375,-9.332023,0.085551,0.740117,0.516321,-9.332023,4.066823,4.152375,0.176987,,,,
4,108,108.000000,agent_1,actor_logits,2,1,4,4.151050,-9.333305,0.082180,0.740216,0.515484,-9.333305,4.068870,4.151050,0.178051,,,,
4,108,108.000000,agent_2,actor_logits,2,1,4,4.152326,-9.332072,0.085424,0.740121,0.516289,-9.332072,4.066902,4.152326,0.177028,,,,
4,108,108.000000,agent_3,actor_logits,2,1,4,4.152227,-9.332047,0.085268,0.740125,0.516251,-9.332047,4.066959,4.152227,0.177009,,,,
4,108,108.000000,agent_4,actor_logits,2,1,4,4.152252,-9.332014,0.085330,0.740122,0.516266,-9.332014,4.066922,4.152252,0.176982,,,,
4,108,108.000000,agent_5,actor_logits,2,1,4,4.152286,-9.331977,0.085417,0.740120,0.516288,-9.331977,4.066869,4.152286,0.176952,,,,
4,110,110.000000,agent_0,actor_logits,3,1,4,2.245986,-3.880136,0.118109,0.855944,0.504101,2.127876,-3.880136,-0.129771,2.245986,,,,
4,110,110.000000,agent_1,actor_logits,3,1,4,2.246578,-3.879001,0.119450,0.855857,0.504432,2.127128,-3.879001,-0.130359,2.246578,,,,
4,110,110.000000,agent_2,actor_logits,3,1,4,2.246010,-3.880092,0.118162,0.855940,0.504114,2.127848,-3.880092,-0.129795,2.246010,,,,
4,110,110.000000,agent_3,actor_logits,3,1,4,2.245951,-3.880030,0.118155,0.855948,0.504111,2.127796,-3.880030,-0.129788,2.245951,,,,
4,110,110.000000,agent_4,actor_logits,3,1,4,2.245932,-3.880054,0.118102,0.855949,0.504099,2.127830,-3.880054,-0.129784,2.245932,,,,
4,110,110.000000,agent_5,actor_logits,3,1,4,2.245913,-3.880084,0.118060,0.855951,0.504088,2.127853,-3.880084,-0.129770,2.245913,,,,
4,112,112.000000,agent_0,actor_logits,0,1,4,10.259526,-5.900224,9.235899,0.001003,0.999902,10.259526,-4.950625,-5.900224,1.023627,,,,
4,112,112.000000,agent_1,actor_logits,0,1,4,10.259245,-5.900370,9.235389,0.001004,0.999902,10.259245,-4.950379,-5.900370,1.023856,,,,
4,112,112.000000,agent_2,actor_logits,0,1,4,10.259518,-5.900229,9.235880,0.001003,0.999902,10.259518,-4.950617,-5.900229,1.023638,,,,
4,112,112.000000,agent_3,actor_logits,0,1,4,10.259476,-5.900261,9.235923,0.001003,0.999902,10.259476,-4.950519,-5.900261,1.023553,,,,
4,112,112.000000,agent_4,actor_logits,0,1,4,10.259503,-5.900267,9.235962,0.001003,0.999902,10.259503,-4.950526,-5.900267,1.023541,,,,
4,112,112.000000,agent_5,actor_logits,0,1,4,10.259516,-5.900267,9.235985,0.001003,0.999902,10.259516,-4.950531,-5.900267,1.023531,,,,
4,114,114.000000,agent_0,actor_logits,2,1,4,5.513364,-7.220828,5.822713,0.025872,0.996359,-0.309349,-1.762618,5.513364,-7.220828,,,,
4,114,114.000000,agent_1,actor_logits,2,1,4,5.513422,-7.220541,5.823042,0.025866,0.996360,-0.309620,-1.762600,5.513422,-7.220541,,,,
4,114,114.000000,agent_2,actor_logits,2,1,4,5.513367,-7.220813,5.822727,0.025871,0.996359,-0.309360,-1.762619,5.513367,-7.220813,,,,
4,114,114.000000,agent_3,actor_logits,2,1,4,5.513320,-7.220911,5.822686,0.025873,0.996359,-0.309365,-1.762516,5.513320,-7.220911,,,,
4,114,114.000000,agent_4,actor_logits,2,1,4,5.513313,-7.220918,5.822660,0.025873,0.996359,-0.309348,-1.762519,5.513313,-7.220918,,,,
4,114,114.000000,agent_5,actor_logits,2,1,4,5.513310,-7.220930,5.822648,0.025873,0.996358,-0.309337,-1.762518,5.513310,-7.220930,,,,
4,116,116.000000,agent_0,actor_logits,0,1,4,16.335466,-17.000891,15.161385,0.000005,1.000000,16.335466,-17.000891,-0.174778,1.174082,,,,
4,116,116.000000,agent_1,actor_logits,0,1,4,16.335121,-17.001013,15.160883,0.000005,1.000000,16.335121,-17.001013,-0.174489,1.174238,,,,
4,116,116.000000,agent_2,actor_logits,0,1,4,16.335451,-17.000898,15.161362,0.000005,1.000000,16.335451,-17.000898,-0.174764,1.174090,,,,
4,116,116.000000,agent_3,actor_logits,0,1,4,16.335455,-17.000826,15.161434,0.000005,1.000000,16.335455,-17.000826,-0.174818,1.174021,,,,
4,116,116.000000,agent_4,actor_logits,0,1,4,16.335459,-17.000826,15.161442,0.000005,1.000000,16.335459,-17.000826,-0.174820,1.174017,,,,
4,116,116.000000,agent_5,actor_logits,0,1,4,16.335470,-17.000822,15.161460,0.000005,1.000000,16.335470,-17.000822,-0.174828,1.174011,,,,
4,118,118.000000,agent_0,actor_logits,1,1,3,5.624936,-8.231061,7.885709,0.003355,0.999623,-2.260772,5.624936,-8.231061,,,,,
4,118,118.000000,agent_1,actor_logits,1,1,3,5.624968,-8.230735,7.886177,0.003353,0.999623,-2.261209,5.624968,-8.230735,,,,,
4,118,118.000000,agent_2,actor_logits,1,1,3,5.624934,-8.231046,7.885722,0.003355,0.999623,-2.260788,5.624934,-8.231046,,,,,
4,118,118.000000,agent_3,actor_logits,1,1,3,5.625100,-8.231148,7.885934,0.003354,0.999623,-2.260834,5.625100,-8.231148,,,,,
4,118,118.000000,agent_4,actor_logits,1,1,3,5.625096,-8.231158,7.885912,0.003354,0.999623,-2.260816,5.625096,-8.231158,,,,,
4,118,118.000000,agent_5,actor_logits,1,1,3,5.625098,-8.231170,7.885901,0.003354,0.999623,-2.260804,5.625098,-8.231170,,,,,
4,120,120.000000,agent_0,actor_logits,2,1,3,5.702315,-9.497911,7.952602,0.003152,0.999648,-2.250287,-9.497911,5.702315,,,,,
4,120,120.000000,agent_1,actor_logits,2,1,3,5.702625,-9.498045,7.953332,0.003150,0.999648,-2.250708,-9.498045,5.702625,,,,,
4,120,120.000000,agent_2,actor_logits,2,1,3,5.702330,-9.497920,7.952633,0.003152,0.999648,-2.250303,-9.497920,5.702330,,,,,
4,120,120.000000,agent_3,actor_logits,2,1,3,5.702258,-9.497822,7.952583,0.003152,0.999648,-2.250325,-9.497822,5.702258,,,,,
4,120,120.000000,agent_4,actor_logits,2,1,3,5.702253,-9.497828,7.952565,0.003152,0.999648,-2.250312,-9.497828,5.702253,,,,,
4,120,120.000000,agent_5,actor_logits,2,1,3,5.702243,-9.497822,7.952543,0.003152,0.999648,-2.250301,-9.497822,5.702243,,,,,
4,122,122.000000,agent_0,actor_logits,0,1,4,4.842806,-3.787393,2.329234,0.303498,0.910879,4.842806,-3.787393,-3.297015,2.513572,,,,
4,122,122.000000,agent_1,actor_logits,0,1,4,4.842707,-3.787847,2.328894,0.303562,0.910851,4.842707,-3.787847,-3.296608,2.513813,,,,
4,122,122.000000,agent_2,actor_logits,0,1,4,4.842803,-3.787411,2.329219,0.303501,0.910878,4.842803,-3.787411,-3.296999,2.513583,,,,
4,122,122.000000,agent_3,actor_logits,0,1,4,4.842781,-3.787337,2.329259,0.303493,0.910881,4.842781,-3.787337,-3.297018,2.513521,,,,
4,122,122.000000,agent_4,actor_logits,0,1,4,4.842776,-3.787328,2.329253,0.303494,0.910881,4.842776,-3.787328,-3.297021,2.513522,,,,
4,122,122.000000,agent_5,actor_logits,0,1,4,4.842777,-3.787313,2.329262,0.303493,0.910881,4.842777,-3.787313,-3.297033,2.513515,,,,
4,124,124.000000,agent_0,actor_logits,0,1,3,4.249339,-5.730965,6.738747,0.009661,0.998771,4.249339,-5.730965,-2.489408,,,,,
4,124,124.000000,agent_1,actor_logits,0,1,3,4.249143,-5.731155,6.738238,0.009665,0.998771,4.249143,-5.731155,-2.489095,,,,,
4,124,124.000000,agent_2,actor_logits,0,1,3,4.249331,-5.730974,6.738725,0.009661,0.998771,4.249331,-5.730974,-2.489394,,,,,
4,124,124.000000,agent_3,actor_logits,0,1,3,4.249342,-5.730919,6.738796,0.009661,0.998771,4.249342,-5.730919,-2.489454,,,,,
4,124,124.000000,agent_4,actor_logits,0,1,3,4.249344,-5.730917,6.738801,0.009661,0.998771,4.249344,-5.730917,-2.489457,,,,,
4,124,124.000000,agent_5,actor_logits,0,1,3,4.249350,-5.730911,6.738816,0.009660,0.998771,4.249350,-5.730911,-2.489466,,,,,
4,126,126.000000,agent_0,actor_logits,0,1,3,14.911104,-15.955873,15.281933,0.000004,1.000000,14.911104,-15.955873,-0.370829,,,,,
4,126,126.000000,agent_1,actor_logits,0,1,3,14.910893,-15.955996,15.281529,0.000004,1.000000,14.910893,-15.955996,-0.370636,,,,,
4,126,126.000000,agent_2,actor_logits,0,1,3,14.911094,-15.955875,15.281915,0.000004,1.000000,14.911094,-15.955875,-0.370821,,,,,
4,126,126.000000,agent_3,actor_logits,0,1,3,14.911160,-15.955927,15.281982,0.000004,1.000000,14.911160,-15.955927,-0.370823,,,,,
4,126,126.000000,agent_4,actor_logits,0,1,3,14.911160,-15.955923,15.281985,0.000004,1.000000,14.911160,-15.955923,-0.370825,,,,,
4,126,126.000000,agent_5,actor_logits,0,1,3,14.911165,-15.955919,15.281997,0.000004,1.000000,14.911165,-15.955919,-0.370831,,,,,
4,128,128.000000,agent_0,actor_logits,0,1,3,13.685724,-10.900559,20.397156,0.000000,1.000000,13.685724,-6.711432,-10.900559,,,,,
4,128,128.000000,agent_1,actor_logits,0,1,3,13.685709,-10.900413,20.397375,0.000000,1.000000,13.685709,-6.711667,-10.900413,,,,,
4,128,128.000000,agent_2,actor_logits,0,1,3,13.685722,-10.900554,20.397165,0.000000,1.000000,13.685722,-6.711442,-10.900554,,,,,
4,128,128.000000,agent_3,actor_logits,0,1,3,13.685715,-10.900578,20.397146,0.000000,1.000000,13.685715,-6.711432,-10.900578,,,,,
4,128,128.000000,agent_4,actor_logits,0,1,3,13.685715,-10.900577,20.397144,0.000000,1.000000,13.685715,-6.711429,-10.900577,,,,,
4,128,128.000000,agent_5,actor_logits,0,1,3,13.685715,-10.900581,20.397137,0.000000,1.000000,13.685715,-6.711422,-10.900581,,,,,
4,130,130.000000,agent_0,actor_logits,0,1,3,9.336647,-13.644326,8.635873,0.001711,0.999822,9.336647,-13.644326,0.700775,,,,,
4,130,130.000000,agent_1,actor_logits,0,1,3,9.336535,-13.644363,8.635704,0.001711,0.999822,9.336535,-13.644363,0.700831,,,,,
4,130,130.000000,agent_2,actor_logits,0,1,3,9.336643,-13.644328,8.635866,0.001711,0.999822,9.336643,-13.644328,0.700777,,,,,
4,130,130.000000,agent_3,actor_logits,0,1,3,9.336643,-13.644327,8.635875,0.001711,0.999822,9.336643,-13.644327,0.700768,,,,,
4,130,130.000000,agent_4,actor_logits,0,1,3,9.336643,-13.644326,8.635875,0.001711,0.999822,9.336643,-13.644326,0.700769,,,,,
4,130,130.000000,agent_5,actor_logits,0,1,3,9.336645,-13.644325,8.635879,0.001711,0.999822,9.336645,-13.644325,0.700767,,,,,
4,132,132.000000,agent_0,actor_logits,2,1,3,6.852693,-14.742190,1.200217,0.541006,0.768563,5.652476,-14.742190,6.852693,,,,,
4,132,132.000000,agent_1,actor_logits,2,1,3,6.852762,-14.742124,1.200355,0.540977,0.768588,5.652407,-14.742124,6.852762,,,,,
4,132,132.000000,agent_2,actor_logits,2,1,3,6.852696,-14.742188,1.200223,0.541005,0.768565,5.652473,-14.742188,6.852696,,,,,
4,132,132.000000,agent_3,actor_logits,2,1,3,6.852692,-14.742193,1.200222,0.541005,0.768564,5.652470,-14.742193,6.852692,,,,,
4,132,132.000000,agent_4,actor_logits,2,1,3,6.852692,-14.742193,1.200221,0.541006,0.768564,5.652471,-14.742193,6.852692,,,,,
4,132,132.000000,agent_5,actor_logits,2,1,3,6.852690,-14.742196,1.200218,0.541006,0.768564,5.652472,-14.742196,6.852690,,,,,
4,134,134.000000,agent_0,actor_logits,1,1,4,6.485471,-8.681793,3.011649,0.193064,0.952677,-8.681793,6.485471,-1.191216,3.473822,,,,
4,134,134.000000,agent_1,actor_logits,1,1,4,6.485373,-8.681713,3.011571,0.193075,0.952673,-8.681713,6.485373,-1.191162,3.473803,,,,
4,134,134.000000,agent_2,actor_logits,1,1,4,6.485467,-8.681789,3.011648,0.193065,0.952676,-8.681789,6.485467,-1.191214,3.473820,,,,
4,134,134.000000,agent_3,actor_logits,1,1,4,6.485465,-8.681805,3.011618,0.193069,0.952675,-8.681805,6.485465,-1.191211,3.473847,,,,
4,134,134.000000,agent_4,actor_logits,1,1,4,6.485466,-8.681806,3.011620,0.193068,0.952675,-8.681806,6.485466,-1.191211,3.473846,,,,
4,134,134.000000,agent_5,actor_logits,1,1,4,6.485468,-8.681808,3.011622,0.193068,0.952675,-8.681808,6.485468,-1.191213,3.473847,,,,
4,136,136.000000,agent_0,actor_logits,1,1,3,2.048435,-4.490795,6.453820,0.022571,0.996989,-4.405385,2.048435,-4.490795,,,,,
4,136,136.000000,agent_1,actor_logits,1,1,3,2.048380,-4.490758,6.453724,0.022573,0.996989,-4.405344,2.048380,-4.490758,,,,,
4,136,136.000000,agent_2,actor_logits,1,1,3,2.048432,-4.490793,6.453814,0.022571,0.996989,-4.405382,2.048432,-4.490793,,,,,
4,136,136.000000,agent_3,actor_logits,1,1,3,2.048437,-4.490797,6.453825,0.022571,0.996989,-4.405388,2.048437,-4.490797,,,,,
4,136,136.000000,agent_4,actor_logits,1,1,3,2.048438,-4.490798,6.453827,0.022571,0.996989,-4.405389,2.048438,-4.490798,,,,,
4,136,136.000000,agent_5,actor_logits,1,1,3,2.048439,-4.490798,6.453828,0.022571,0.996989,-4.405389,2.048439,-4.490798,,,,,
4,138,138.000000,agent_0,actor_logits,0,1,4,5.308382,-8.042942,3.114764,0.213784,0.951297,5.308382,-8.042942,0.318421,2.193617,,,,
4,138,138.000000,agent_1,actor_logits,0,1,4,5.308444,-8.042993,3.114805,0.213776,0.951299,5.308444,-8.042993,0.318410,2.193638,,,,
4,138,138.000000,agent_2,actor_logits,0,1,4,5.308384,-8.042943,3.114766,0.213784,0.951297,5.308384,-8.042943,0.318419,2.193619,,,,
4,138,138.000000,agent_3,actor_logits,0,1,4,5.308381,-8.042952,3.114756,0.213785,0.951297,5.308381,-8.042952,0.318426,2.193625,,,,
4,138,138.000000,agent_4,actor_logits,0,1,4,5.308382,-8.042951,3.114757,0.213785,0.951297,5.308382,-8.042951,0.318425,2.193624,,,,
4,138,138.000000,agent_5,actor_logits,0,1,4,5.308378,-8.042950,3.114753,0.213786,0.951296,5.308378,-8.042950,0.318426,2.193625,,,,
4,140,140.000000,agent_0,actor_logits,0,1,3,14.842919,-14.437695,20.599003,0.000000,1.000000,14.842919,-5.756083,-14.437695,,,,,
4,140,140.000000,agent_1,actor_logits,0,1,3,14.842907,-14.437671,20.599007,0.000000,1.000000,14.842907,-5.756100,-14.437671,,,,,
4,140,140.000000,agent_2,actor_logits,0,1,3,14.842919,-14.437693,20.599003,0.000000,1.000000,14.842919,-5.756084,-14.437693,,,,,
4,140,140.000000,agent_3,actor_logits,0,1,3,14.842919,-14.437690,20.599009,0.000000,1.000000,14.842919,-5.756089,-14.437690,,,,,
4,140,140.000000,agent_4,actor_logits,0,1,3,14.842920,-14.437690,20.599010,0.000000,1.000000,14.842920,-5.756090,-14.437690,,,,,
4,140,140.000000,agent_5,actor_logits,0,1,3,14.842920,-14.437690,20.599009,0.000000,1.000000,14.842920,-5.756089,-14.437690,,,,,
4,142,142.000000,agent_0,actor_logits,0,1,2,-6.892826,-7.530344,0.637518,0.644813,0.654192,-6.892826,-7.530344,,,,,,
4,142,142.000000,agent_1,actor_logits,0,1,2,-6.892830,-7.530361,0.637531,0.644811,0.654195,-6.892830,-7.530361,,,,,,
4,142,142.000000,agent_2,actor_logits,0,1,2,-6.892826,-7.530345,0.637520,0.644813,0.654193,-6.892826,-7.530345,,,,,,
4,142,142.000000,agent_3,actor_logits,0,1,2,-6.892825,-7.530350,0.637525,0.644812,0.654194,-6.892825,-7.530350,,,,,,
4,142,142.000000,agent_4,actor_logits,0,1,2,-6.892825,-7.530350,0.637526,0.644812,0.654194,-6.892825,-7.530350,,,,,,
4,142,142.000000,agent_5,actor_logits,0,1,2,-6.892826,-7.530349,0.637524,0.644812,0.654194,-6.892826,-7.530349,,,,,,
4,144,144.000000,agent_0,actor_logits,1,1,3,-0.208412,-4.699139,3.060140,0.239643,0.945096,-3.268553,-0.208412,-4.699139,,,,,
4,144,144.000000,agent_1,actor_logits,1,1,3,-0.208402,-4.699112,3.060176,0.239639,0.945097,-3.268578,-0.208402,-4.699112,,,,,
4,144,144.000000,agent_2,actor_logits,1,1,3,-0.208413,-4.699137,3.060140,0.239643,0.945096,-3.268553,-0.208413,-4.699137,,,,,
4,144,144.000000,agent_3,actor_logits,1,1,3,-0.208400,-4.699126,3.060174,0.239638,0.945097,-3.268574,-0.208400,-4.699126,,,,,
4,144,144.000000,agent_4,actor_logits,1,1,3,-0.208401,-4.699127,3.060169,0.239639,0.945097,-3.268571,-0.208401,-4.699127,,,,,
4,144,144.000000,agent_5,actor_logits,1,1,3,-0.208401,-4.699127,3.060171,0.239639,0.945097,-3.268572,-0.208401,-4.699127,,,,,
4,146,146.000000,agent_0,actor_logits,2,1,3,8.036204,-21.138418,3.860564,0.100450,0.979378,-21.138418,4.175640,8.036204,,,,,
4,146,146.000000,agent_1,actor_logits,2,1,3,8.036231,-21.138433,3.860594,0.100447,0.979379,-21.138433,4.175637,8.036231,,,,,
4,146,146.000000,agent_2,actor_logits,2,1,3,8.036206,-21.138418,3.860567,0.100449,0.979378,-21.138418,4.175640,8.036206,,,,,
4,146,146.000000,agent_3,actor_logits,2,1,3,8.036219,-21.138432,3.860580,0.100448,0.979378,-21.138432,4.175639,8.036219,,,,,
4,146,146.000000,agent_4,actor_logits,2,1,3,8.036216,-21.138430,3.860577,0.100449,0.979378,-21.138430,4.175639,8.036216,,,,,
4,146,146.000000,agent_5,actor_logits,2,1,3,8.036216,-21.138430,3.860577,0.100449,0.979378,-21.138430,4.175639,8.036216,,,,,
4,148,148.000000,agent_0,actor_logits,3,1,4,8.923635,-12.404362,4.585525,0.062147,0.989217,-12.404362,4.338109,1.662560,8.923635,,,,
4,148,148.000000,agent_1,actor_logits,3,1,4,8.923623,-12.404329,4.585560,0.062146,0.989217,-12.404329,4.338063,1.662584,8.923623,,,,
4,148,148.000000,agent_2,actor_logits,3,1,4,8.923635,-12.404361,4.585527,0.062147,0.989217,-12.404361,4.338108,1.662561,8.923635,,,,
4,148,148.000000,agent_3,actor_logits,3,1,4,8.923631,-12.404351,4.585542,0.062147,0.989217,-12.404351,4.338089,1.662573,8.923631,,,,
4,148,148.000000,agent_4,actor_logits,3,1,4,8.923630,-12.404352,4.585537,0.062147,0.989217,-12.404352,4.338092,1.662571,8.923630,,,,
4,148,148.000000,agent_5,actor_logits,3,1,4,8.923631,-12.404352,4.585539,0.062147,0.989217,-12.404352,4.338092,1.662571,8.923631,,,,
4,150,150.000000,agent_0,actor_logits,3,1,4,6.130095,-8.501975,1.736598,0.445380,0.847066,0.710039,4.393497,-8.501975,6.130095,,,,
4,150,150.000000,agent_1,actor_logits,3,1,4,6.130089,-8.501947,1.736651,0.445369,0.847072,0.710079,4.393437,-8.501947,6.130089,,,,
4,150,150.000000,agent_2,actor_logits,3,1,4,6.130095,-8.501975,1.736599,0.445379,0.847066,0.710040,4.393496,-8.501975,6.130095,,,,
4,150,150.000000,agent_3,actor_logits,3,1,4,6.130090,-8.501966,1.736618,0.445376,0.847068,0.710057,4.393472,-8.501966,6.130090,,,,
4,150,150.000000,agent_4,actor_logits,3,1,4,6.130090,-8.501968,1.736613,0.445377,0.847068,0.710055,4.393477,-8.501968,6.130090,,,,
4,150,150.000000,agent_5,actor_logits,3,1,4,6.130091,-8.501967,1.736614,0.445376,0.847068,0.710055,4.393476,-8.501967,6.130091,,,,
4,152,152.000000,agent_0,actor_logits,1,1,4,5.246722,-4.488686,2.477709,0.275119,0.922303,-3.056292,5.246722,-4.488686,2.769014,,,,
4,152,152.000000,agent_1,actor_logits,1,1,4,5.246691,-4.488658,2.477682,0.275124,0.922301,-3.056278,5.246691,-4.488658,2.769009,,,,
4,152,152.000000,agent_2,actor_logits,1,1,4,5.246722,-4.488685,2.477708,0.275119,0.922303,-3.056292,5.246722,-4.488685,2.769013,,,,
4,152,152.000000,agent_3,actor_logits,1,1,4,5.246708,-4.488673,2.477697,0.275121,0.922302,-3.056285,5.246708,-4.488673,2.769011,,,,
4,152,152.000000,agent_4,actor_logits,1,1,4,5.246710,-4.488676,2.477698,0.275121,0.922302,-3.056287,5.246710,-4.488676,2.769012,,,,
4,152,152.000000,agent_5,actor_logits,1,1,4,5.246710,-4.488675,2.477699,0.275120,0.922303,-3.056286,5.246710,-4.488675,2.769011,,,,
4,154,154.000000,agent_0,actor_logits,1,1,4,7.337011,-11.344431,3.595706,0.128872,0.972601,3.741305,7.337011,-11.344431,0.113563,,,,
4,154,154.000000,agent_1,actor_logits,1,1,4,7.336977,-11.344411,3.595661,0.128877,0.972600,3.741316,7.336977,-11.344411,0.113574,,,,
4,154,154.000000,agent_2,actor_logits,1,1,4,7.337009,-11.344431,3.595704,0.128872,0.972601,3.741305,7.337009,-11.344431,0.113563,,,,
4,154,154.000000,agent_3,actor_logits,1,1,4,7.336994,-11.344420,3.595683,0.128875,0.972601,3.741311,7.336994,-11.344420,0.113567,,,,
4,154,154.000000,agent_4,actor_logits,1,1,4,7.336998,-11.344424,3.595687,0.128874,0.972601,3.741311,7.336998,-11.344424,0.113565,,,,
4,154,154.000000,agent_5,actor_logits,1,1,4,7.336996,-11.344423,3.595685,0.128874,0.972601,3.741311,7.336996,-11.344423,0.113566,,,,
4,156,156.000000,agent_0,actor_logits,0,1,3,9.459590,-10.460035,11.936921,0.000085,0.999993,9.459590,-10.460035,-2.477331,,,,,
4,156,156.000000,agent_1,actor_logits,0,1,3,9.459575,-10.460022,11.936902,0.000085,0.999993,9.459575,-10.460022,-2.477328,,,,,
4,156,156.000000,agent_2,actor_logits,0,1,3,9.459589,-10.460033,11.936921,0.000085,0.999993,9.459589,-10.460033,-2.477332,,,,,
4,156,156.000000,agent_3,actor_logits,0,1,3,9.459581,-10.460028,11.936910,0.000085,0.999993,9.459581,-10.460028,-2.477328,,,,,
4,156,156.000000,agent_4,actor_logits,0,1,3,9.459583,-10.460030,11.936913,0.000085,0.999993,9.459583,-10.460030,-2.477329,,,,,
4,156,156.000000,agent_5,actor_logits,0,1,3,9.459584,-10.460030,11.936913,0.000085,0.999993,9.459584,-10.460030,-2.477328,,,,,
4,158,158.000000,agent_0,actor_logits,1,1,3,7.191523,-7.360314,12.406977,0.000062,0.999995,-7.360314,7.191523,-5.215455,,,,,
4,158,158.000000,agent_1,actor_logits,1,1,3,7.191525,-7.360301,12.406984,0.000062,0.999995,-7.360301,7.191525,-5.215459,,,,,
4,158,158.000000,agent_2,actor_logits,1,1,3,7.191523,-7.360315,12.406977,0.000062,0.999995,-7.360315,7.191523,-5.215454,,,,,
4,158,158.000000,agent_3,actor_logits,1,1,3,7.191524,-7.360309,12.406979,0.000062,0.999995,-7.360309,7.191524,-5.215455,,,,,
4,158,158.000000,agent_4,actor_logits,1,1,3,7.191524,-7.360309,12.406980,0.000062,0.999995,-7.360309,7.191524,-5.215456,,,,,
4,158,158.000000,agent_5,actor_logits,1,1,3,7.191524,-7.360309,12.406979,0.000062,0.999995,-7.360309,7.191524,-5.215455,,,,,
4,160,160.000000,agent_0,actor_logits,0,1,4,6.544278,-12.988231,2.408237,0.370046,0.900919,6.544278,2.632425,-12.988231,4.136042,,,,
4,160,160.000000,agent_1,actor_logits,0,1,4,6.544292,-12.988238,2.408254,0.370042,0.900921,6.544292,2.632421,-12.988238,4.136038,,,,
4,160,160.000000,agent_2,actor_logits,0,1,4,6.544277,-12.988231,2.408235,0.370047,0.900919,6.544277,2.632426,-12.988231,4.136042,,,,
4,160,160.000000,agent_3,actor_logits,0,1,4,6.544283,-12.988235,2.408244,0.370045,0.900920,6.544283,2.632425,-12.988235,4.136040,,,,
4,160,160.000000,agent_4,actor_logits,0,1,4,6.544283,-12.988235,2.408243,0.370045,0.900920,6.544283,2.632425,-12.988235,4.136040,,,,
4,160,160.000000,agent_5,actor_logits,0,1,4,6.544283,-12.988235,2.408243,0.370045,0.900920,6.544283,2.632425,-12.988235,4.136041,,,,
4,162,162.000000,agent_0,actor_logits,3,1,4,6.731666,-9.960656,2.134702,0.344370,0.893441,-9.960656,4.596964,-0.188267,6.731666,,,,
4,162,162.000000,agent_1,actor_logits,3,1,4,6.731663,-9.960650,2.134698,0.344371,0.893441,-9.960650,4.596965,-0.188271,6.731663,,,,
4,162,162.000000,agent_2,actor_logits,3,1,4,6.731667,-9.960656,2.134702,0.344370,0.893441,-9.960656,4.596964,-0.188267,6.731667,,,,
4,162,162.000000,agent_3,actor_logits,3,1,4,6.731665,-9.960653,2.134699,0.344371,0.893441,-9.960653,4.596966,-0.188271,6.731665,,,,
4,162,162.000000,agent_4,actor_logits,3,1,4,6.731665,-9.960653,2.134699,0.344371,0.893441,-9.960653,4.596966,-0.188271,6.731665,,,,
4,162,162.000000,agent_5,actor_logits,3,1,4,6.731666,-9.960654,2.134699,0.344371,0.893441,-9.960654,4.596966,-0.188270,6.731666,,,,
4,164,164.000000,agent_0,actor_logits,1,1,4,7.381871,-9.550187,3.844706,0.103874,0.978825,-0.949645,7.381871,-9.550187,3.537166,,,,
4,164,164.000000,agent_1,actor_logits,1,1,4,7.381869,-9.550189,3.844706,0.103874,0.978825,-0.949640,7.381869,-9.550189,3.537163,,,,
4,164,164.000000,agent_2,actor_logits,1,1,4,7.381871,-9.550187,3.844705,0.103874,0.978825,-0.949646,7.381871,-9.550187,3.537165,,,,
4,164,164.000000,agent_3,actor_logits,1,1,4,7.381872,-9.550189,3.844707,0.103874,0.978825,-0.949644,7.381872,-9.550189,3.537165,,,,
4,164,164.000000,agent_4,actor_logits,1,1,4,7.381873,-9.550189,3.844708,0.103874,0.978825,-0.949645,7.381873,-9.550189,3.537165,,,,
4,164,164.000000,agent_5,actor_logits,1,1,4,7.381872,-9.550189,3.844707,0.103874,0.978825,-0.949645,7.381872,-9.550189,3.537166,,,,
4,166,166.000000,agent_0,actor_logits,0,1,3,10.722959,-12.381875,12.167830,0.000068,0.999995,10.722959,-12.381875,-1.444872,,,,,
4,166,166.000000,agent_1,actor_logits,0,1,3,10.722960,-12.381872,12.167833,0.000068,0.999995,10.722960,-12.381872,-1.444872,,,,,
4,166,166.000000,agent_2,actor_logits,0,1,3,10.722959,-12.381874,12.167830,0.000068,0.999995,10.722959,-12.381874,-1.444872,,,,,
4,166,166.000000,agent_3,actor_logits,0,1,3,10.722958,-12.381873,12.167830,0.000068,0.999995,10.722958,-12.381873,-1.444872,,,,,
4,166,166.000000,agent_4,actor_logits,0,1,3,10.722960,-12.381874,12.167832,0.000068,0.999995,10.722960,-12.381874,-1.444872,,,,,
4,166,166.000000,agent_5,actor_logits,0,1,3,10.722958,-12.381874,12.167830,0.000068,0.999995,10.722958,-12.381874,-1.444872,,,,,
4,168,168.000000,agent_0,actor_logits,0,1,3,17.654444,-14.515000,21.767277,0.000000,1.000000,17.654444,-4.112833,-14.515000,,,,,
4,168,168.000000,agent_1,actor_logits,0,1,3,17.654444,-14.514998,21.767275,0.000000,1.000000,17.654444,-4.112831,-14.514998,,,,,
4,168,168.000000,agent_2,actor_logits,0,1,3,17.654444,-14.515000,21.767277,0.000000,1.000000,17.654444,-4.112832,-14.515000,,,,,
4,168,168.000000,agent_3,actor_logits,0,1,3,17.654444,-14.515000,21.767275,0.000000,1.000000,17.654444,-4.112831,-14.515000,,,,,
4,168,168.000000,agent_4,actor_logits,0,1,3,17.654444,-14.515000,21.767275,0.000000,1.000000,17.654444,-4.112832,-14.515000,,,,,
4,168,168.000000,agent_5,actor_logits,0,1,3,17.654444,-14.514998,21.767275,0.000000,1.000000,17.654444,-4.112831,-14.514998,,,,,
4,170,170.000000,agent_0,actor_logits,0,1,2,-3.061288,-6.642169,3.580881,0.124500,0.972904,-3.061288,-6.642169,,,,,,
4,170,170.000000,agent_1,actor_logits,0,1,2,-3.061289,-6.642169,3.580880,0.124500,0.972903,-3.061289,-6.642169,,,,,,
4,170,170.000000,agent_2,actor_logits,0,1,2,-3.061289,-6.642169,3.580881,0.124500,0.972904,-3.061289,-6.642169,,,,,,
4,170,170.000000,agent_3,actor_logits,0,1,2,-3.061290,-6.642170,3.580880,0.124500,0.972903,-3.061290,-6.642170,,,,,,
4,170,170.000000,agent_4,actor_logits,0,1,2,-3.061290,-6.642170,3.580880,0.124500,0.972903,-3.061290,-6.642170,,,,,,
4,170,170.000000,agent_5,actor_logits,0,1,2,-3.061290,-6.642170,3.580881,0.124500,0.972904,-3.061290,-6.642170,,,,,,
4,172,172.000000,agent_0,actor_logits,0,1,3,5.385826,-10.098872,6.800233,0.008680,0.998887,5.385826,-1.414408,-10.098872,,,,,
4,172,172.000000,agent_1,actor_logits,0,1,3,5.385825,-10.098871,6.800233,0.008680,0.998887,5.385825,-1.414408,-10.098871,,,,,
4,172,172.000000,agent_2,actor_logits,0,1,3,5.385826,-10.098872,6.800232,0.008680,0.998887,5.385826,-1.414407,-10.098872,,,,,
4,172,172.000000,agent_3,actor_logits,0,1,3,5.385825,-10.098871,6.800233,0.008680,0.998887,5.385825,-1.414408,-10.098871,,,,,
4,172,172.000000,agent_4,actor_logits,0,1,3,5.385825,-10.098872,6.800233,0.008680,0.998887,5.385825,-1.414408,-10.098872,,,,,
4,172,172.000000,agent_5,actor_logits,0,1,3,5.385826,-10.098872,6.800233,0.008680,0.998887,5.385826,-1.414408,-10.098872,,,,,
4,174,174.000000,agent_0,actor_logits,1,1,2,-3.805362,-11.966633,8.161271,0.002615,0.999715,-11.966633,-3.805362,,,,,,
4,174,174.000000,agent_1,actor_logits,1,1,2,-3.805362,-11.966633,8.161271,0.002615,0.999715,-11.966633,-3.805362,,,,,,
4,174,174.000000,agent_2,actor_logits,1,1,2,-3.805361,-11.966633,8.161272,0.002615,0.999715,-11.966633,-3.805361,,,,,,
4,174,174.000000,agent_3,actor_logits,1,1,2,-3.805363,-11.966633,8.161270,0.002615,0.999715,-11.966633,-3.805363,,,,,,
4,174,174.000000,agent_4,actor_logits,1,1,2,-3.805362,-11.966633,8.161271,0.002615,0.999715,-11.966633,-3.805362,,,,,,
4,174,174.000000,agent_5,actor_logits,1,1,2,-3.805362,-11.966633,8.161271,0.002615,0.999715,-11.966633,-3.805362,,,,,,
4,176,176.000000,agent_0,actor_logits,2,1,3,3.809264,-12.844238,2.888192,0.206507,0.947260,-12.844238,0.921073,3.809264,,,,,
4,176,176.000000,agent_1,actor_logits,2,1,3,3.809266,-12.844236,2.888195,0.206507,0.947260,-12.844236,0.921071,3.809266,,,,,
4,176,176.000000,agent_2,actor_logits,2,1,3,3.809264,-12.844238,2.888191,0.206508,0.947259,-12.844238,0.921073,3.809264,,,,,
4,176,176.000000,agent_3,actor_logits,2,1,3,3.809265,-12.844236,2.888193,0.206507,0.947260,-12.844236,0.921072,3.809265,,,,,
4,176,176.000000,agent_4,actor_logits,2,1,3,3.809265,-12.844237,2.888193,0.206507,0.947260,-12.844237,0.921072,3.809265,,,,,
4,176,176.000000,agent_5,actor_logits,2,1,3,3.809264,-12.844237,2.888192,0.206507,0.947260,-12.844237,0.921072,3.809264,,,,,
4,178,178.000000,agent_0,actor_logits,2,1,3,7.516413,-11.384652,9.400908,0.000860,0.999917,-11.384652,-1.884495,7.516413,,,,,
4,178,178.000000,agent_1,actor_logits,2,1,3,7.516415,-11.384651,9.400911,0.000860,0.999917,-11.384651,-1.884496,7.516415,,,,,
4,178,178.000000,agent_2,actor_logits,2,1,3,7.516413,-11.384651,9.400908,0.000860,0.999917,-11.384651,-1.884495,7.516413,,,,,
4,178,178.000000,agent_3,actor_logits,2,1,3,7.516414,-11.384651,9.400909,0.000860,0.999917,-11.384651,-1.884495,7.516414,,,,,
4,178,178.000000,agent_4,actor_logits,2,1,3,7.516413,-11.384651,9.400908,0.000860,0.999917,-11.384651,-1.884496,7.516413,,,,,
4,178,178.000000,agent_5,actor_logits,2,1,3,7.516414,-11.384651,9.400909,0.000860,0.999917,-11.384651,-1.884495,7.516414,,,,,
4,180,180.000000,agent_0,actor_logits,2,1,3,6.239820,-10.307676,6.001839,0.017285,0.997532,-10.307676,0.237980,6.239820,,,,,
4,180,180.000000,agent_1,actor_logits,2,1,3,6.239820,-10.307676,6.001842,0.017285,0.997532,-10.307676,0.237979,6.239820,,,,,
4,180,180.000000,agent_2,actor_logits,2,1,3,6.239820,-10.307676,6.001840,0.017285,0.997532,-10.307676,0.237980,6.239820,,,,,
4,180,180.000000,agent_3,actor_logits,2,1,3,6.239820,-10.307676,6.001840,0.017285,0.997532,-10.307676,0.237980,6.239820,,,,,
4,180,180.000000,agent_4,actor_logits,2,1,3,6.239820,-10.307676,6.001840,0.017285,0.997532,-10.307676,0.237980,6.239820,,,,,
4,180,180.000000,agent_5,actor_logits,2,1,3,6.239820,-10.307676,6.001840,0.017285,0.997532,-10.307676,0.237980,6.239820,,,,,
4,182,182.000000,agent_0,actor_logits,1,1,3,0.017457,-0.898047,0.592138,1.024883,0.511913,-0.898047,0.017457,-0.574681,,,,,
4,182,182.000000,agent_1,actor_logits,1,1,3,0.017455,-0.898046,0.592135,1.024883,0.511912,-0.898046,0.017455,-0.574680,,,,,
4,182,182.000000,agent_2,actor_logits,1,1,3,0.017456,-0.898046,0.592138,1.024883,0.511912,-0.898046,0.017456,-0.574681,,,,,
4,182,182.000000,agent_3,actor_logits,1,1,3,0.017456,-0.898047,0.592137,1.024883,0.511912,-0.898047,0.017456,-0.574681,,,,,
4,182,182.000000,agent_4,actor_logits,1,1,3,0.017456,-0.898046,0.592138,1.024883,0.511912,-0.898046,0.017456,-0.574681,,,,,
4,182,182.000000,agent_5,actor_logits,1,1,3,0.017456,-0.898046,0.592137,1.024883,0.511912,-0.898046,0.017456,-0.574681,,,,,
4,184,184.000000,agent_0,actor_logits,0,1,4,7.386434,-8.665623,4.703493,0.054988,0.990595,7.386434,-8.665623,-0.363451,2.682940,,,,
4,184,184.000000,agent_1,actor_logits,0,1,4,7.386433,-8.665623,4.703492,0.054988,0.990595,7.386433,-8.665623,-0.363451,2.682941,,,,
4,184,184.000000,agent_2,actor_logits,0,1,4,7.386434,-8.665623,4.703493,0.054988,0.990595,7.386434,-8.665623,-0.363451,2.682941,,,,
4,184,184.000000,agent_3,actor_logits,0,1,4,7.386433,-8.665623,4.703493,0.054988,0.990595,7.386433,-8.665623,-0.363451,2.682940,,,,
4,184,184.000000,agent_4,actor_logits,0,1,4,7.386434,-8.665623,4.703493,0.054988,0.990595,7.386434,-8.665623,-0.363451,2.682940,,,,
4,184,184.000000,agent_5,actor_logits,0,1,4,7.386434,-8.665623,4.703493,0.054988,0.990595,7.386434,-8.665623,-0.363451,2.682941,,,,
4,186,186.000000,agent_0,actor_logits,0,1,4,3.710386,-5.164621,1.151509,0.595587,0.753438,3.710386,-5.164621,-0.803986,2.558877,,,,
4,186,186.000000,agent_1,actor_logits,0,1,4,3.710385,-5.164621,1.151509,0.595587,0.753438,3.710385,-5.164621,-0.803986,2.558877,,,,
4,186,186.000000,agent_2,actor_logits,0,1,4,3.710385,-5.164621,1.151508,0.595587,0.753438,3.710385,-5.164621,-0.803987,2.558877,,,,
4,186,186.000000,agent_3,actor_logits,0,1,4,3.710385,-5.164621,1.151508,0.595587,0.753438,3.710385,-5.164621,-0.803986,2.558877,,,,
4,186,186.000000,agent_4,actor_logits,0,1,4,3.710386,-5.164621,1.151509,0.595587,0.753438,3.710386,-5.164621,-0.803987,2.558877,,,,
4,186,186.000000,agent_5,actor_logits,0,1,4,3.710386,-5.164621,1.151509,0.595587,0.753438,3.710386,-5.164621,-0.803987,2.558877,,,,
4,188,188.000000,agent_0,actor_logits,0,1,4,9.156806,-11.995478,5.814622,0.021763,0.996874,9.156806,-11.995478,0.369398,3.342184,,,,
4,188,188.000000,agent_1,actor_logits,0,1,4,9.156806,-11.995478,5.814623,0.021763,0.996874,9.156806,-11.995478,0.369397,3.342183,,,,
4,188,188.000000,agent_2,actor_logits,0,1,4,9.156807,-11.995478,5.814624,0.021763,0.996874,9.156807,-11.995478,0.369397,3.342183,,,,
4,188,188.000000,agent_3,actor_logits,0,1,4,9.156806,-11.995478,5.814624,0.021763,0.996874,9.156806,-11.995478,0.369397,3.342182,,,,
4,188,188.000000,agent_4,actor_logits,0,1,4,9.156807,-11.995478,5.814625,0.021763,0.996874,9.156807,-11.995478,0.369397,3.342182,,,,
4,188,188.000000,agent_5,actor_logits,0,1,4,9.156807,-11.995478,5.814624,0.021763,0.996874,9.156807,-11.995478,0.369397,3.342183,,,,
4,190,190.000000,agent_0,actor_logits,2,1,4,5.550106,-2.819816,7.747949,0.008314,0.999081,-2.197843,-2.719654,5.550106,-2.819816,,,,
4,190,190.000000,agent_1,actor_logits,2,1,4,5.550106,-2.819816,7.747949,0.008314,0.999081,-2.197843,-2.719654,5.550106,-2.819816,,,,
4,190,190.000000,agent_2,actor_logits,2,1,4,5.550106,-2.819816,7.747949,0.008314,0.999081,-2.197843,-2.719654,5.550106,-2.819816,,,,
4,190,190.000000,agent_3,actor_logits,2,1,4,5.550106,-2.819817,7.747949,0.008314,0.999081,-2.197844,-2.719654,5.550106,-2.819817,,,,
4,190,190.000000,agent_4,actor_logits,2,1,4,5.550106,-2.819816,7.747949,0.008314,0.999081,-2.197844,-2.719654,5.550106,-2.819816,,,,
4,190,190.000000,agent_5,actor_logits,2,1,4,5.550106,-2.819816,7.747949,0.008314,0.999081,-2.197844,-2.719654,5.550106,-2.819816,,,,
4,192,192.000000,agent_0,actor_logits,0,1,4,8.618048,-11.746588,4.213419,0.077255,0.985308,8.618048,-11.746588,-0.450936,4.404629,,,,
4,192,192.000000,agent_1,actor_logits,0,1,4,8.618047,-11.746588,4.213419,0.077255,0.985308,8.618047,-11.746588,-0.450936,4.404628,,,,
4,192,192.000000,agent_2,actor_logits,0,1,4,8.618048,-11.746588,4.213419,0.077255,0.985308,8.618048,-11.746588,-0.450936,4.404628,,,,
4,192,192.000000,agent_3,actor_logits,0,1,4,8.618048,-11.746588,4.213420,0.077255,0.985308,8.618048,-11.746588,-0.450936,4.404627,,,,
4,192,192.000000,agent_4,actor_logits,0,1,4,8.618047,-11.746588,4.213419,0.077255,0.985308,8.618047,-11.746588,-0.450937,4.404628,,,,
4,192,192.000000,agent_5,actor_logits,0,1,4,8.618047,-11.746588,4.213418,0.077255,0.985308,8.618047,-11.746588,-0.450937,4.404629,,,,
4,194,194.000000,agent_0,actor_logits,1,1,3,11.399067,-14.874110,15.287151,0.000004,1.000000,-14.874110,11.399067,-3.888084,,,,,
4,194,194.000000,agent_1,actor_logits,1,1,3,11.399067,-14.874110,15.287152,0.000004,1.000000,-14.874110,11.399067,-3.888085,,,,,
4,194,194.000000,agent_2,actor_logits,1,1,3,11.399067,-14.874111,15.287151,0.000004,1.000000,-14.874111,11.399067,-3.888085,,,,,
4,194,194.000000,agent_3,actor_logits,1,1,3,11.399067,-14.874109,15.287152,0.000004,1.000000,-14.874109,11.399067,-3.888086,,,,,
4,194,194.000000,agent_4,actor_logits,1,1,3,11.399067,-14.874109,15.287152,0.000004,1.000000,-14.874109,11.399067,-3.888085,,,,,
4,194,194.000000,agent_5,actor_logits,1,1,3,11.399068,-14.874109,15.287153,0.000004,1.000000,-14.874109,11.399068,-3.888086,,,,,
4,196,196.000000,agent_0,actor_logits,1,1,3,10.636003,-17.087105,15.080219,0.000004,1.000000,-17.087105,10.636003,-4.444216,,,,,
4,196,196.000000,agent_1,actor_logits,1,1,3,10.636002,-17.087103,15.080217,0.000004,1.000000,-17.087103,10.636002,-4.444216,,,,,
4,196,196.000000,agent_2,actor_logits,1,1,3,10.636003,-17.087105,15.080219,0.000004,1.000000,-17.087105,10.636003,-4.444216,,,,,
4,196,196.000000,agent_3,actor_logits,1,1,3,10.636003,-17.087105,15.080219,0.000004,1.000000,-17.087105,10.636003,-4.444217,,,,,
4,196,196.000000,agent_4,actor_logits,1,1,3,10.636003,-17.087107,15.080221,0.000004,1.000000,-17.087107,10.636003,-4.444217,,,,,
4,196,196.000000,agent_5,actor_logits,1,1,3,10.636002,-17.087105,15.080218,0.000004,1.000000,-17.087105,10.636002,-4.444217,,,,,
4,198,198.000000,agent_0,actor_logits,2,1,3,1.076981,-7.643626,2.676268,0.240333,0.935469,-7.643626,-1.599286,1.076981,,,,,
4,198,198.000000,agent_1,actor_logits,2,1,3,1.076981,-7.643625,2.676268,0.240333,0.935469,-7.643625,-1.599287,1.076981,,,,,
4,198,198.000000,agent_2,actor_logits,2,1,3,1.076981,-7.643626,2.676267,0.240333,0.935469,-7.643626,-1.599286,1.076981,,,,,
4,198,198.000000,agent_3,actor_logits,2,1,3,1.076981,-7.643625,2.676267,0.240333,0.935469,-7.643625,-1.599286,1.076981,,,,,
4,198,198.000000,agent_4,actor_logits,2,1,3,1.076981,-7.643625,2.676267,0.240333,0.935469,-7.643625,-1.599286,1.076981,,,,,
4,198,198.000000,agent_5,actor_logits,2,1,3,1.076981,-7.643626,2.676268,0.240333,0.935469,-7.643626,-1.599287,1.076981,,,,,
4,200,200.000000,agent_0,actor_logits,1,1,4,4.777654,-8.632838,0.783608,0.662340,0.681160,-8.632838,4.777654,0.297087,3.994045,,,,
4,200,200.000000,agent_1,actor_logits,1,1,4,4.777653,-8.632837,0.783608,0.662340,0.681160,-8.632837,4.777653,0.297087,3.994045,,,,
4,200,200.000000,agent_2,actor_logits,1,1,4,4.777654,-8.632839,0.783608,0.662340,0.681160,-8.632839,4.777654,0.297087,3.994046,,,,
4,200,200.000000,agent_3,actor_logits,1,1,4,4.777654,-8.632838,0.783608,0.662340,0.681160,-8.632838,4.777654,0.297087,3.994045,,,,
4,200,200.000000,agent_4,actor_logits,1,1,4,4.777654,-8.632839,0.783608,0.662340,0.681160,-8.632839,4.777654,0.297086,3.994046,,,,
4,200,200.000000,agent_5,actor_logits,1,1,4,4.777653,-8.632837,0.783607,0.662340,0.681160,-8.632837,4.777653,0.297087,3.994046,,,,
4,202,202.000000,agent_0,actor_logits,0,1,4,6.390905,-5.082635,3.357667,0.147656,0.966316,6.390905,-5.082635,-3.986705,3.033238,,,,
4,202,202.000000,agent_1,actor_logits,0,1,4,6.390905,-5.082636,3.357668,0.147656,0.966316,6.390905,-5.082636,-3.986706,3.033238,,,,
4,202,202.000000,agent_2,actor_logits,0,1,4,6.390904,-5.082635,3.357666,0.147656,0.966316,6.390904,-5.082635,-3.986706,3.033238,,,,
4,202,202.000000,agent_3,actor_logits,0,1,4,6.390905,-5.082635,3.357667,0.147656,0.966316,6.390905,-5.082635,-3.986706,3.033237,,,,
4,202,202.000000,agent_4,actor_logits,0,1,4,6.390906,-5.082635,3.357668,0.147656,0.966316,6.390906,-5.082635,-3.986706,3.033237,,,,
4,202,202.000000,agent_5,actor_logits,0,1,4,6.390905,-5.082636,3.357667,0.147656,0.966316,6.390905,-5.082636,-3.986706,3.033238,,,,
4,204,204.000000,agent_0,actor_logits,0,1,3,2.361553,-4.601343,5.208774,0.041244,0.993626,2.361553,-2.847221,-4.601343,,,,,
4,204,204.000000,agent_1,actor_logits,0,1,3,2.361554,-4.601343,5.208776,0.041244,0.993626,2.361554,-2.847222,-4.601343,,,,,
4,204,204.000000,agent_2,actor_logits,0,1,3,2.361552,-4.601343,5.208774,0.041244,0.993626,2.361552,-2.847222,-4.601343,,,,,
4,204,204.000000,agent_3,actor_logits,0,1,3,2.361554,-4.601344,5.208775,0.041244,0.993626,2.361554,-2.847221,-4.601344,,,,,
4,204,204.000000,agent_4,actor_logits,0,1,3,2.361554,-4.601345,5.208775,0.041244,0.993626,2.361554,-2.847221,-4.601345,,,,,
4,204,204.000000,agent_5,actor_logits,0,1,3,2.361554,-4.601343,5.208776,0.041244,0.993626,2.361554,-2.847223,-4.601343,,,,,
4,206,206.000000,agent_0,actor_logits,2,1,3,0.408923,-3.254514,1.114701,0.642322,0.738739,-0.705778,-3.254514,0.408923,,,,,
4,206,206.000000,agent_1,actor_logits,2,1,3,0.408922,-3.254514,1.114699,0.642323,0.738739,-0.705777,-3.254514,0.408922,,,,,
4,206,206.000000,agent_2,actor_logits,2,1,3,0.408922,-3.254513,1.114701,0.642322,0.738739,-0.705778,-3.254513,0.408922,,,,,
4,206,206.000000,agent_3,actor_logits,2,1,3,0.408922,-3.254513,1.114699,0.642323,0.738739,-0.705777,-3.254513,0.408922,,,,,
4,206,206.000000,agent_4,actor_logits,2,1,3,0.408922,-3.254513,1.114699,0.642323,0.738739,-0.705778,-3.254513,0.408922,,,,,
4,206,206.000000,agent_5,actor_logits,2,1,3,0.408923,-3.254515,1.114702,0.642322,0.738739,-0.705778,-3.254515,0.408923,,,,,
4,208,208.000000,agent_0,actor_logits,3,1,4,2.558378,-2.204097,2.565495,0.445628,0.888046,-0.644555,-2.204097,-0.007116,2.558378,,,,
4,208,208.000000,agent_1,actor_logits,3,1,4,2.558378,-2.204096,2.565494,0.445628,0.888045,-0.644556,-2.204096,-0.007116,2.558378,,,,
4,208,208.000000,agent_2,actor_logits,3,1,4,2.558378,-2.204096,2.565495,0.445628,0.888046,-0.644556,-2.204096,-0.007117,2.558378,,,,
4,208,208.000000,agent_3,actor_logits,3,1,4,2.558378,-2.204096,2.565495,0.445628,0.888046,-0.644556,-2.204096,-0.007116,2.558378,,,,
4,208,208.000000,agent_4,actor_logits,3,1,4,2.558377,-2.204095,2.565493,0.445628,0.888045,-0.644556,-2.204095,-0.007116,2.558377,,,,
4,208,208.000000,agent_5,actor_logits,3,1,4,2.558379,-2.204097,2.565495,0.445628,0.888046,-0.644555,-2.204097,-0.007117,2.558379,,,,
4,210,210.000000,agent_0,actor_logits,0,1,4,7.312784,-7.770645,5.490997,0.028361,0.995718,7.312784,-7.770645,-1.329038,1.821787,,,,
4,210,210.000000,agent_1,actor_logits,0,1,4,7.312785,-7.770644,5.490998,0.028361,0.995718,7.312785,-7.770644,-1.329038,1.821786,,,,
4,210,210.000000,agent_2,actor_logits,0,1,4,7.312784,-7.770646,5.490997,0.028361,0.995718,7.312784,-7.770646,-1.329037,1.821787,,,,
4,210,210.000000,agent_3,actor_logits,0,1,4,7.312785,-7.770646,5.490998,0.028361,0.995718,7.312785,-7.770646,-1.329038,1.821787,,,,
4,210,210.000000,agent_4,actor_logits,0,1,4,7.312786,-7.770646,5.490999,0.028361,0.995718,7.312786,-7.770646,-1.329038,1.821787,,,,
4,210,210.000000,agent_5,actor_logits,0,1,4,7.312784,-7.770645,5.490997,0.028361,0.995718,7.312784,-7.770645,-1.329037,1.821787,,,,
4,212,212.000000,agent_0,actor_logits,3,1,4,0.289513,-1.371838,0.044503,1.243494,0.374099,-1.371838,-0.351543,0.245011,0.289513,,,,
4,212,212.000000,agent_1,actor_logits,3,1,4,0.289514,-1.371838,0.044503,1.243494,0.374099,-1.371838,-0.351542,0.245011,0.289514,,,,
4,212,212.000000,agent_2,actor_logits,3,1,4,0.289514,-1.371838,0.044503,1.243494,0.374099,-1.371838,-0.351543,0.245011,0.289514,,,,
4,212,212.000000,agent_3,actor_logits,3,1,4,0.289514,-1.371838,0.044503,1.243494,0.374099,-1.371838,-0.351542,0.245010,0.289514,,,,
4,212,212.000000,agent_4,actor_logits,3,1,4,0.289514,-1.371838,0.044504,1.243494,0.374099,-1.371838,-0.351542,0.245010,0.289514,,,,
4,212,212.000000,agent_5,actor_logits,3,1,4,0.289513,-1.371838,0.044502,1.243494,0.374099,-1.371838,-0.351543,0.245011,0.289513,,,,
4,214,214.000000,agent_0,actor_logits,3,1,4,2.270403,-1.357755,2.367362,0.589197,0.843382,-0.096959,-0.456693,-1.357755,2.270403,,,,
4,214,214.000000,agent_1,actor_logits,3,1,4,2.270404,-1.357756,2.367362,0.589197,0.843382,-0.096959,-0.456693,-1.357756,2.270404,,,,
4,214,214.000000,agent_2,actor_logits,3,1,4,2.270403,-1.357755,2.367362,0.589197,0.843382,-0.096959,-0.456693,-1.357755,2.270403,,,,
4,214,214.000000,agent_3,actor_logits,3,1,4,2.270403,-1.357756,2.367362,0.589197,0.843382,-0.096958,-0.456693,-1.357756,2.270403,,,,
4,214,214.000000,agent_4,actor_logits,3,1,4,2.270403,-1.357756,2.367362,0.589197,0.843382,-0.096958,-0.456693,-1.357756,2.270403,,,,
4,214,214.000000,agent_5,actor_logits,3,1,4,2.270403,-1.357755,2.367362,0.589197,0.843382,-0.096958,-0.456693,-1.357755,2.270403,,,,
4,216,216.000000,agent_0,actor_logits,0,1,4,3.028985,-2.914879,1.527007,0.523161,0.813789,3.028985,-1.680158,-2.914879,1.501977,,,,
4,216,216.000000,agent_1,actor_logits,0,1,4,3.028985,-2.914879,1.527007,0.523161,0.813789,3.028985,-1.680158,-2.914879,1.501978,,,,
4,216,216.000000,agent_2,actor_logits,0,1,4,3.028985,-2.914879,1.527008,0.523161,0.813790,3.028985,-1.680158,-2.914879,1.501977,,,,
4,216,216.000000,agent_3,actor_logits,0,1,4,3.028985,-2.914879,1.527008,0.523161,0.813790,3.028985,-1.680158,-2.914879,1.501977,,,,
4,216,216.000000,agent_4,actor_logits,0,1,4,3.028985,-2.914878,1.527007,0.523161,0.813789,3.028985,-1.680158,-2.914878,1.501977,,,,
4,216,216.000000,agent_5,actor_logits,0,1,4,3.028985,-2.914879,1.527007,0.523161,0.813789,3.028985,-1.680159,-2.914879,1.501978,,,,
4,218,218.000000,agent_0,actor_logits,3,1,4,1.920629,-1.666826,2.088090,0.721527,0.786601,-0.167461,-1.666826,-0.202140,1.920629,,,,
4,218,218.000000,agent_1,actor_logits,3,1,4,1.920629,-1.666826,2.088090,0.721527,0.786601,-0.167461,-1.666826,-0.202140,1.920629,,,,
4,218,218.000000,agent_2,actor_logits,3,1,4,1.920629,-1.666826,2.088091,0.721527,0.786601,-0.167461,-1.666826,-0.202139,1.920629,,,,
4,218,218.000000,agent_3,actor_logits,3,1,4,1.920629,-1.666826,2.088090,0.721527,0.786601,-0.167461,-1.666826,-0.202139,1.920629,,,,
4,218,218.000000,agent_4,actor_logits,3,1,4,1.920629,-1.666826,2.088090,0.721527,0.786601,-0.167461,-1.666826,-0.202139,1.920629,,,,
4,218,218.000000,agent_5,actor_logits,3,1,4,1.920630,-1.666826,2.088090,0.721527,0.786601,-0.167461,-1.666826,-0.202140,1.920630,,,,
4,220,220.000000,agent_0,actor_logits,1,1,4,2.064883,-3.108881,0.398939,0.827437,0.574143,-3.108881,2.064883,-0.667992,1.665943,,,,
4,220,220.000000,agent_1,actor_logits,1,1,4,2.064883,-3.108882,0.398940,0.827437,0.574143,-3.108882,2.064883,-0.667992,1.665943,,,,
4,220,220.000000,agent_2,actor_logits,1,1,4,2.064882,-3.108881,0.398939,0.827437,0.574143,-3.108881,2.064882,-0.667991,1.665943,,,,
4,220,220.000000,agent_3,actor_logits,1,1,4,2.064883,-3.108881,0.398941,0.827437,0.574143,-3.108881,2.064883,-0.667992,1.665942,,,,
4,220,220.000000,agent_4,actor_logits,1,1,4,2.064883,-3.108881,0.398940,0.827437,0.574143,-3.108881,2.064883,-0.667992,1.665943,,,,
4,220,220.000000,agent_5,actor_logits,1,1,4,2.064883,-3.108881,0.398940,0.827437,0.574143,-3.108881,2.064883,-0.667992,1.665943,,,,
4,222,222.000000,agent_0,actor_logits,0,1,4,9.185722,-17.044065,2.177728,0.334811,0.897563,9.185722,7.007994,-17.044065,2.090596,,,,
4,222,222.000000,agent_1,actor_logits,0,1,4,9.185722,-17.044065,2.177728,0.334811,0.897563,9.185722,7.007994,-17.044065,2.090595,,,,
4,222,222.000000,agent_2,actor_logits,0,1,4,9.185724,-17.044065,2.177732,0.334810,0.897563,9.185724,7.007993,-17.044065,2.090595,,,,
4,222,222.000000,agent_3,actor_logits,0,1,4,9.185723,-17.044065,2.177729,0.334811,0.897563,9.185723,7.007995,-17.044065,2.090595,,,,
4,222,222.000000,agent_4,actor_logits,0,1,4,9.185723,-17.044065,2.177730,0.334811,0.897563,9.185723,7.007994,-17.044065,2.090596,,,,
4,222,222.000000,agent_5,actor_logits,0,1,4,9.185723,-17.044065,2.177729,0.334811,0.897563,9.185723,7.007994,-17.044065,2.090596,,,,
4,224,224.000000,agent_0,actor_logits,0,1,4,15.926647,-20.386026,13.172430,0.000053,0.999996,15.926647,2.710760,-20.386026,2.754218,,,,
4,224,224.000000,agent_1,actor_logits,0,1,4,15.926647,-20.386026,13.172428,0.000053,0.999996,15.926647,2.710760,-20.386026,2.754219,,,,
4,224,224.000000,agent_2,actor_logits,0,1,4,15.926647,-20.386026,13.172429,0.000053,0.999996,15.926647,2.710759,-20.386026,2.754218,,,,
4,224,224.000000,agent_3,actor_logits,0,1,4,15.926647,-20.386028,13.172428,0.000053,0.999996,15.926647,2.710761,-20.386028,2.754219,,,,
4,224,224.000000,agent_4,actor_logits,0,1,4,15.926647,-20.386028,13.172428,0.000053,0.999996,15.926647,2.710759,-20.386028,2.754219,,,,
4,224,224.000000,agent_5,actor_logits,0,1,4,15.926647,-20.386028,13.172429,0.000053,0.999996,15.926647,2.710760,-20.386028,2.754218,,,,
4,226,226.000000,agent_0,actor_logits,0,1,4,5.788372,-9.803340,2.598204,0.311157,0.920140,5.788372,1.397014,-9.803340,3.190168,,,,
4,226,226.000000,agent_1,actor_logits,0,1,4,5.788372,-9.803339,2.598203,0.311157,0.920140,5.788372,1.397013,-9.803339,3.190168,,,,
4,226,226.000000,agent_2,actor_logits,0,1,4,5.788373,-9.803340,2.598205,0.311157,0.920140,5.788373,1.397014,-9.803340,3.190168,,,,
4,226,226.000000,agent_3,actor_logits,0,1,4,5.788373,-9.803340,2.598205,0.311157,0.920140,5.788373,1.397014,-9.803340,3.190167,,,,
4,226,226.000000,agent_4,actor_logits,0,1,4,5.788372,-9.803340,2.598203,0.311157,0.920140,5.788372,1.397014,-9.803340,3.190169,,,,
4,226,226.000000,agent_5,actor_logits,0,1,4,5.788372,-9.803340,2.598203,0.311157,0.920140,5.788372,1.397014,-9.803340,3.190168,,,,
4,228,228.000000,agent_0,actor_logits,0,1,3,17.024466,-16.411959,22.065529,0.000000,1.000000,17.024466,-5.041064,-16.411959,,,,,
4,228,228.000000,agent_1,actor_logits,0,1,3,17.024466,-16.411957,22.065529,0.000000,1.000000,17.024466,-5.041063,-16.411957,,,,,
4,228,228.000000,agent_2,actor_logits,0,1,3,17.024464,-16.411957,22.065527,0.000000,1.000000,17.024464,-5.041063,-16.411957,,,,,
4,228,228.000000,agent_3,actor_logits,0,1,3,17.024464,-16.411957,22.065527,0.000000,1.000000,17.024464,-5.041063,-16.411957,,,,,
4,228,228.000000,agent_4,actor_logits,0,1,3,17.024464,-16.411957,22.065527,0.000000,1.000000,17.024464,-5.041063,-16.411957,,,,,
4,228,228.000000,agent_5,actor_logits,0,1,3,17.024464,-16.411957,22.065527,0.000000,1.000000,17.024464,-5.041063,-16.411957,,,,,
4,230,230.000000,agent_0,actor_logits,1,1,2,-7.123124,-7.581166,0.458043,0.667594,0.612550,-7.581166,-7.123124,,,,,,
4,230,230.000000,agent_1,actor_logits,1,1,2,-7.123124,-7.581166,0.458043,0.667594,0.612550,-7.581166,-7.123124,,,,,,
4,230,230.000000,agent_2,actor_logits,1,1,2,-7.123123,-7.581166,0.458044,0.667594,0.612550,-7.581166,-7.123123,,,,,,
4,230,230.000000,agent_3,actor_logits,1,1,2,-7.123123,-7.581166,0.458043,0.667594,0.612550,-7.581166,-7.123123,,,,,,
4,230,230.000000,agent_4,actor_logits,1,1,2,-7.123124,-7.581167,0.458043,0.667594,0.612550,-7.581167,-7.123124,,,,,,
4,230,230.000000,agent_5,actor_logits,1,1,2,-7.123123,-7.581167,0.458044,0.667594,0.612550,-7.581167,-7.123123,,,,,,
4,232,232.000000,agent_0,actor_logits,2,1,3,3.914280,-9.792555,6.417336,0.012110,0.998369,-9.792555,-2.503056,3.914280,,,,,
4,232,232.000000,agent_1,actor_logits,2,1,3,3.914280,-9.792556,6.417336,0.012110,0.998369,-9.792556,-2.503056,3.914280,,,,,
4,232,232.000000,agent_2,actor_logits,2,1,3,3.914280,-9.792555,6.417336,0.012110,0.998369,-9.792555,-2.503056,3.914280,,,,,
4,232,232.000000,agent_3,actor_logits,2,1,3,3.914280,-9.792555,6.417336,0.012110,0.998369,-9.792555,-2.503056,3.914280,,,,,
4,232,232.000000,agent_4,actor_logits,2,1,3,3.914280,-9.792555,6.417336,0.012110,0.998369,-9.792555,-2.503056,3.914280,,,,,
4,232,232.000000,agent_5,actor_logits,2,1,3,3.914280,-9.792555,6.417336,0.012110,0.998369,-9.792555,-2.503056,3.914280,,,,,
4,234,234.000000,agent_0,actor_logits,2,1,3,7.212506,-7.987214,12.063735,0.000079,0.999994,-7.987214,-4.851229,7.212506,,,,,
4,234,234.000000,agent_1,actor_logits,2,1,3,7.212505,-7.987215,12.063734,0.000079,0.999994,-7.987215,-4.851229,7.212505,,,,,
4,234,234.000000,agent_2,actor_logits,2,1,3,7.212506,-7.987215,12.063735,0.000079,0.999994,-7.987215,-4.851229,7.212506,,,,,
4,234,234.000000,agent_3,actor_logits,2,1,3,7.212505,-7.987214,12.063734,0.000079,0.999994,-7.987214,-4.851229,7.212505,,,,,
4,234,234.000000,agent_4,actor_logits,2,1,3,7.212505,-7.987214,12.063734,0.000079,0.999994,-7.987214,-4.851229,7.212505,,,,,
4,234,234.000000,agent_5,actor_logits,2,1,3,7.212505,-7.987214,12.063734,0.000079,0.999994,-7.987214,-4.851229,7.212505,,,,,
4,236,236.000000,agent_0,actor_logits,2,1,3,6.053069,-6.904531,8.627550,0.001757,0.999819,-6.904531,-2.574481,6.053069,,,,,
4,236,236.000000,agent_1,actor_logits,2,1,3,6.053069,-6.904531,8.627550,0.001757,0.999819,-6.904531,-2.574481,6.053069,,,,,
4,236,236.000000,agent_2,actor_logits,2,1,3,6.053069,-6.904531,8.627550,0.001757,0.999819,-6.904531,-2.574481,6.053069,,,,,
4,236,236.000000,agent_3,actor_logits,2,1,3,6.053069,-6.904531,8.627550,0.001757,0.999819,-6.904531,-2.574481,6.053069,,,,,
4,236,236.000000,agent_4,actor_logits,2,1,3,6.053069,-6.904531,8.627550,0.001757,0.999819,-6.904531,-2.574481,6.053069,,,,,
4,236,236.000000,agent_5,actor_logits,2,1,3,6.053069,-6.904531,8.627550,0.001757,0.999819,-6.904531,-2.574481,6.053069,,,,,
4,238,238.000000,agent_0,actor_logits,2,1,3,0.979323,-3.290178,0.918918,0.647403,0.707744,0.060405,-3.290178,0.979323,,,,,
4,238,238.000000,agent_1,actor_logits,2,1,3,0.979323,-3.290177,0.918917,0.647403,0.707744,0.060405,-3.290177,0.979323,,,,,
4,238,238.000000,agent_2,actor_logits,2,1,3,0.979322,-3.290178,0.918917,0.647403,0.707744,0.060405,-3.290178,0.979322,,,,,
4,238,238.000000,agent_3,actor_logits,2,1,3,0.979323,-3.290177,0.918917,0.647403,0.707744,0.060405,-3.290177,0.979323,,,,,
4,238,238.000000,agent_4,actor_logits,2,1,3,0.979323,-3.290178,0.918917,0.647403,0.707744,0.060406,-3.290178,0.979323,,,,,
4,238,238.000000,agent_5,actor_logits,2,1,3,0.979323,-3.290177,0.918917,0.647403,0.707744,0.060406,-3.290177,0.979323,,,,,
4,240,240.000000,agent_0,actor_logits,0,1,3,2.333632,-3.456715,0.353500,0.689680,0.586413,2.333632,1.980132,-3.456715,,,,,
4,240,240.000000,agent_1,actor_logits,0,1,3,2.333633,-3.456716,0.353500,0.689680,0.586413,2.333633,1.980133,-3.456716,,,,,
4,240,240.000000,agent_2,actor_logits,0,1,3,2.333632,-3.456716,0.353499,0.689680,0.586413,2.333632,1.980133,-3.456716,,,,,
4,240,240.000000,agent_3,actor_logits,0,1,3,2.333633,-3.456715,0.353501,0.689680,0.586413,2.333633,1.980132,-3.456715,,,,,
4,240,240.000000,agent_4,actor_logits,0,1,3,2.333632,-3.456715,0.353500,0.689680,0.586413,2.333632,1.980132,-3.456715,,,,,
4,240,240.000000,agent_5,actor_logits,0,1,3,2.333633,-3.456716,0.353500,0.689680,0.586413,2.333633,1.980132,-3.456716,,,,,
4,242,242.000000,agent_0,actor_logits,0,1,3,5.574682,-5.418853,7.566724,0.004632,0.999466,5.574682,-1.992042,-5.418853,,,,,
4,242,242.000000,agent_1,actor_logits,0,1,3,5.574681,-5.418853,7.566723,0.004632,0.999466,5.574681,-1.992042,-5.418853,,,,,
4,242,242.000000,agent_2,actor_logits,0,1,3,5.574680,-5.418853,7.566721,0.004632,0.999466,5.574680,-1.992041,-5.418853,,,,,
4,242,242.000000,agent_3,actor_logits,0,1,3,5.574681,-5.418852,7.566722,0.004632,0.999466,5.574681,-1.992042,-5.418852,,,,,
4,242,242.000000,agent_4,actor_logits,0,1,3,5.574681,-5.418852,7.566722,0.004632,0.999466,5.574681,-1.992042,-5.418852,,,,,
4,242,242.000000,agent_5,actor_logits,0,1,3,5.574681,-5.418853,7.566722,0.004632,0.999466,5.574681,-1.992042,-5.418853,,,,,
4,244,244.000000,agent_0,actor_logits,0,1,3,4.871382,-7.396330,3.672219,0.116196,0.975206,4.871382,1.199163,-7.396330,,,,,
4,244,244.000000,agent_1,actor_logits,0,1,3,4.871383,-7.396331,3.672219,0.116196,0.975206,4.871383,1.199164,-7.396331,,,,,
4,244,244.000000,agent_2,actor_logits,0,1,3,4.871382,-7.396331,3.672218,0.116197,0.975206,4.871382,1.199164,-7.396331,,,,,
4,244,244.000000,agent_3,actor_logits,0,1,3,4.871382,-7.396330,3.672219,0.116196,0.975206,4.871382,1.199164,-7.396330,,,,,
4,244,244.000000,agent_4,actor_logits,0,1,3,4.871383,-7.396330,3.672219,0.116196,0.975206,4.871383,1.199164,-7.396330,,,,,
4,244,244.000000,agent_5,actor_logits,0,1,3,4.871382,-7.396331,3.672219,0.116196,0.975206,4.871382,1.199163,-7.396331,,,,,
4,246,246.000000,agent_0,actor_logits,0,1,3,7.255711,-7.727642,7.920953,0.003243,0.999637,7.255711,-0.665242,-7.727642,,,,,
4,246,246.000000,agent_1,actor_logits,0,1,3,7.255711,-7.727641,7.920954,0.003243,0.999637,7.255711,-0.665242,-7.727641,,,,,
4,246,246.000000,agent_2,actor_logits,0,1,3,7.255710,-7.727641,7.920951,0.003243,0.999637,7.255710,-0.665242,-7.727641,,,,,
4,246,246.000000,agent_3,actor_logits,0,1,3,7.255710,-7.727641,7.920952,0.003243,0.999637,7.255710,-0.665242,-7.727641,,,,,
4,246,246.000000,agent_4,actor_logits,0,1,3,7.255711,-7.727640,7.920953,0.003243,0.999637,7.255711,-0.665242,-7.727640,,,,,
4,246,246.000000,agent_5,actor_logits,0,1,3,7.255710,-7.727641,7.920952,0.003243,0.999637,7.255710,-0.665242,-7.727641,,,,,
4,248,248.000000,agent_0,actor_logits,0,1,3,13.256100,-15.732914,12.060170,0.000076,0.999994,13.256100,1.195929,-15.732914,,,,,
4,248,248.000000,agent_1,actor_logits,0,1,3,13.256100,-15.732914,12.060170,0.000076,0.999994,13.256100,1.195929,-15.732914,,,,,
4,248,248.000000,agent_2,actor_logits,0,1,3,13.256099,-15.732915,12.060169,0.000076,0.999994,13.256099,1.195929,-15.732915,,,,,
4,248,248.000000,agent_3,actor_logits,0,1,3,13.256100,-15.732914,12.060171,0.000076,0.999994,13.256100,1.195929,-15.732914,,,,,
4,248,248.000000,agent_4,actor_logits,0,1,3,13.256100,-15.732915,12.060171,0.000076,0.999994,13.256100,1.195929,-15.732915,,,,,
4,248,248.000000,agent_5,actor_logits,0,1,3,13.256100,-15.732914,12.060171,0.000076,0.999994,13.256100,1.195928,-15.732914,,,,,
4,250,250.000000,agent_0,actor_logits,0,1,2,-4.415979,-11.572961,7.156981,0.006353,0.999221,-4.415979,-11.572961,,,,,,
4,250,250.000000,agent_1,actor_logits,0,1,2,-4.415979,-11.572962,7.156983,0.006353,0.999221,-4.415979,-11.572962,,,,,,
4,250,250.000000,agent_2,actor_logits,0,1,2,-4.415979,-11.572962,7.156982,0.006353,0.999221,-4.415979,-11.572962,,,,,,
4,250,250.000000,agent_3,actor_logits,0,1,2,-4.415980,-11.572962,7.156982,0.006353,0.999221,-4.415980,-11.572962,,,,,,
4,250,250.000000,agent_4,actor_logits,0,1,2,-4.415979,-11.572962,7.156982,0.006353,0.999221,-4.415979,-11.572962,,,,,,
4,250,250.000000,agent_5,actor_logits,0,1,2,-4.415980,-11.572961,7.156981,0.006353,0.999221,-4.415980,-11.572961,,,,,,
4,252,252.000000,agent_0,actor_logits,1,1,3,3.272101,-7.029557,6.834806,0.008798,0.998892,-7.029557,3.272101,-3.562706,,,,,
4,252,252.000000,agent_1,actor_logits,1,1,3,3.272101,-7.029557,6.834807,0.008798,0.998892,-7.029557,3.272101,-3.562706,,,,,
4,252,252.000000,agent_2,actor_logits,1,1,3,3.272101,-7.029557,6.834806,0.008798,0.998892,-7.029557,3.272101,-3.562705,,,,,
4,252,252.000000,agent_3,actor_logits,1,1,3,3.272101,-7.029557,6.834806,0.008798,0.998892,-7.029557,3.272101,-3.562705,,,,,
4,252,252.000000,agent_4,actor_logits,1,1,3,3.272101,-7.029557,6.834806,0.008798,0.998892,-7.029557,3.272101,-3.562705,,,,,
4,252,252.000000,agent_5,actor_logits,1,1,3,3.272101,-7.029558,6.834806,0.008798,0.998892,-7.029558,3.272101,-3.562705,,,,,
4,254,254.000000,agent_0,actor_logits,1,1,3,7.102353,-17.289534,9.070147,0.001158,0.999885,-17.289534,7.102353,-1.967794,,,,,
4,254,254.000000,agent_1,actor_logits,1,1,3,7.102353,-17.289534,9.070147,0.001158,0.999885,-17.289534,7.102353,-1.967794,,,,,
4,254,254.000000,agent_2,actor_logits,1,1,3,7.102353,-17.289532,9.070147,0.001158,0.999885,-17.289532,7.102353,-1.967794,,,,,
4,254,254.000000,agent_3,actor_logits,1,1,3,7.102354,-17.289532,9.070148,0.001158,0.999885,-17.289532,7.102354,-1.967794,,,,,
4,254,254.000000,agent_4,actor_logits,1,1,3,7.102354,-17.289534,9.070148,0.001158,0.999885,-17.289534,7.102354,-1.967794,,,,,
4,254,254.000000,agent_5,actor_logits,1,1,3,7.102353,-17.289534,9.070147,0.001158,0.999885,-17.289534,7.102353,-1.967794,,,,,
4,256,256.000000,agent_0,actor_logits,1,1,3,6.385086,-22.524824,2.939386,0.199223,0.949759,-22.524824,6.385086,3.445699,,,,,
4,256,256.000000,agent_1,actor_logits,1,1,3,6.385086,-22.524824,2.939387,0.199223,0.949759,-22.524824,6.385086,3.445699,,,,,
4,256,256.000000,agent_2,actor_logits,1,1,3,6.385086,-22.524824,2.939386,0.199223,0.949759,-22.524824,6.385086,3.445699,,,,,
4,256,256.000000,agent_3,actor_logits,1,1,3,6.385086,-22.524824,2.939387,0.199223,0.949759,-22.524824,6.385086,3.445699,,,,,
4,256,256.000000,agent_4,actor_logits,1,1,3,6.385086,-22.524824,2.939387,0.199223,0.949759,-22.524824,6.385086,3.445699,,,,,
4,256,256.000000,agent_5,actor_logits,1,1,3,6.385085,-22.524824,2.939385,0.199223,0.949759,-22.524824,6.385085,3.445700,,,,,
4,258,258.000000,agent_0,actor_logits,1,1,3,5.293547,-21.504469,0.401364,0.673409,0.599015,-21.504469,5.293547,4.892183,,,,,
4,258,258.000000,agent_1,actor_logits,1,1,3,5.293547,-21.504469,0.401364,0.673409,0.599015,-21.504469,5.293547,4.892183,,,,,
4,258,258.000000,agent_2,actor_logits,1,1,3,5.293546,-21.504471,0.401363,0.673409,0.599015,-21.504471,5.293546,4.892183,,,,,
4,258,258.000000,agent_3,actor_logits,1,1,3,5.293547,-21.504471,0.401364,0.673409,0.599015,-21.504471,5.293547,4.892183,,,,,
4,258,258.000000,agent_4,actor_logits,1,1,3,5.293548,-21.504469,0.401365,0.673409,0.599016,-21.504469,5.293548,4.892183,,,,,
4,258,258.000000,agent_5,actor_logits,1,1,3,5.293546,-21.504471,0.401362,0.673409,0.599015,-21.504471,5.293546,4.892184,,,,,
4,260,260.000000,agent_0,actor_logits,2,1,3,6.966480,-22.413683,0.922613,0.597085,0.715574,-22.413683,6.043867,6.966480,,,,,
4,260,260.000000,agent_1,actor_logits,2,1,3,6.966480,-22.413683,0.922612,0.597085,0.715574,-22.413683,6.043868,6.966480,,,,,
4,260,260.000000,agent_2,actor_logits,2,1,3,6.966480,-22.413681,0.922612,0.597085,0.715574,-22.413681,6.043868,6.966480,,,,,
4,260,260.000000,agent_3,actor_logits,2,1,3,6.966480,-22.413683,0.922613,0.597085,0.715574,-22.413683,6.043867,6.966480,,,,,
4,260,260.000000,agent_4,actor_logits,2,1,3,6.966480,-22.413683,0.922612,0.597085,0.715574,-22.413683,6.043868,6.966480,,,,,
4,260,260.000000,agent_5,actor_logits,2,1,3,6.966480,-22.413681,0.922613,0.597085,0.715574,-22.413681,6.043867,6.966480,,,,,
4,262,262.000000,agent_0,actor_logits,3,1,4,10.589973,-13.300498,3.547803,0.127791,0.972007,-13.300498,-0.810065,7.042170,10.589973,,,,
4,262,262.000000,agent_1,actor_logits,3,1,4,10.589973,-13.300496,3.547804,0.127791,0.972007,-13.300496,-0.810065,7.042169,10.589973,,,,
4,262,262.000000,agent_2,actor_logits,3,1,4,10.589973,-13.300497,3.547804,0.127791,0.972007,-13.300497,-0.810065,7.042169,10.589973,,,,
4,262,262.000000,agent_3,actor_logits,3,1,4,10.589972,-13.300497,3.547803,0.127791,0.972007,-13.300497,-0.810065,7.042169,10.589972,,,,
4,262,262.000000,agent_4,actor_logits,3,1,4,10.589973,-13.300497,3.547804,0.127791,0.972007,-13.300497,-0.810065,7.042170,10.589973,,,,
4,262,262.000000,agent_5,actor_logits,3,1,4,10.589972,-13.300497,3.547803,0.127791,0.972007,-13.300497,-0.810065,7.042169,10.589972,,,,
4,264,264.000000,agent_0,actor_logits,2,1,4,5.295024,-7.198732,4.117774,0.133888,0.974884,-7.198732,1.177250,5.295024,0.636296,,,,
4,264,264.000000,agent_1,actor_logits,2,1,4,5.295025,-7.198732,4.117775,0.133887,0.974884,-7.198732,1.177250,5.295025,0.636296,,,,
4,264,264.000000,agent_2,actor_logits,2,1,4,5.295024,-7.198732,4.117774,0.133888,0.974884,-7.198732,1.177251,5.295024,0.636296,,,,
4,264,264.000000,agent_3,actor_logits,2,1,4,5.295025,-7.198732,4.117775,0.133887,0.974884,-7.198732,1.177251,5.295025,0.636296,,,,
4,264,264.000000,agent_4,actor_logits,2,1,4,5.295025,-7.198732,4.117775,0.133887,0.974884,-7.198732,1.177250,5.295025,0.636296,,,,
4,264,264.000000,agent_5,actor_logits,2,1,4,5.295025,-7.198732,4.117775,0.133888,0.974884,-7.198732,1.177250,5.295025,0.636296,,,,
4,266,266.000000,agent_0,actor_logits,0,1,4,9.356964,-6.251433,10.207642,0.000456,0.999960,9.356964,-6.251433,-0.850678,-3.386692,,,,
4,266,266.000000,agent_1,actor_logits,0,1,4,9.356964,-6.251433,10.207642,0.000456,0.999960,9.356964,-6.251433,-0.850678,-3.386691,,,,
4,266,266.000000,agent_2,actor_logits,0,1,4,9.356964,-6.251433,10.207643,0.000456,0.999960,9.356964,-6.251433,-0.850679,-3.386692,,,,
4,266,266.000000,agent_3,actor_logits,0,1,4,9.356964,-6.251433,10.207642,0.000456,0.999960,9.356964,-6.251433,-0.850678,-3.386692,,,,
4,266,266.000000,agent_4,actor_logits,0,1,4,9.356964,-6.251433,10.207643,0.000456,0.999960,9.356964,-6.251433,-0.850678,-3.386692,,,,
4,266,266.000000,agent_5,actor_logits,0,1,4,9.356964,-6.251433,10.207642,0.000456,0.999960,9.356964,-6.251433,-0.850678,-3.386692,,,,
4,268,268.000000,agent_0,actor_logits,0,1,4,8.509019,-13.531344,4.387419,0.078368,0.986087,8.509019,-13.531344,2.118241,4.121600,,,,
4,268,268.000000,agent_1,actor_logits,0,1,4,8.509018,-13.531343,4.387419,0.078368,0.986087,8.509018,-13.531343,2.118241,4.121599,,,,
4,268,268.000000,agent_2,actor_logits,0,1,4,8.509018,-13.531343,4.387419,0.078368,0.986087,8.509018,-13.531343,2.118241,4.121599,,,,
4,268,268.000000,agent_3,actor_logits,0,1,4,8.509019,-13.531343,4.387420,0.078368,0.986087,8.509019,-13.531343,2.118241,4.121599,,,,
4,268,268.000000,agent_4,actor_logits,0,1,4,8.509019,-13.531343,4.387420,0.078368,0.986087,8.509019,-13.531343,2.118241,4.121599,,,,
4,268,268.000000,agent_5,actor_logits,0,1,4,8.509019,-13.531343,4.387420,0.078368,0.986087,8.509019,-13.531343,2.118241,4.121599,,,,
4,270,270.000000,agent_0,actor_logits,1,1,3,5.975664,-14.447420,4.431040,0.063950,0.988238,-14.447420,5.975664,1.544624,,,,,
4,270,270.000000,agent_1,actor_logits,1,1,3,5.975664,-14.447420,4.431039,0.063950,0.988238,-14.447420,5.975664,1.544625,,,,,
4,270,270.000000,agent_2,actor_logits,1,1,3,5.975664,-14.447420,4.431040,0.063950,0.988238,-14.447420,5.975664,1.544624,,,,,
4,270,270.000000,agent_3,actor_logits,1,1,3,5.975664,-14.447419,4.431040,0.063950,0.988238,-14.447419,5.975664,1.544624,,,,,
4,270,270.000000,agent_4,actor_logits,1,1,3,5.975665,-14.447420,4.431040,0.063950,0.988238,-14.447420,5.975665,1.544625,,,,,
4,270,270.000000,agent_5,actor_logits,1,1,3,5.975665,-14.447420,4.431041,0.063950,0.988238,-14.447420,5.975665,1.544624,,,,,
4,272,272.000000,agent_0,actor_logits,2,1,4,6.244188,-4.799906,4.808066,0.048147,0.991801,-4.799906,-3.101800,6.244188,1.436122,,,,
4,272,272.000000,agent_1,actor_logits,2,1,4,6.244188,-4.799907,4.808066,0.048147,0.991801,-4.799907,-3.101800,6.244188,1.436122,,,,
4,272,272.000000,agent_2,actor_logits,2,1,4,6.244188,-4.799907,4.808066,0.048147,0.991801,-4.799907,-3.101800,6.244188,1.436122,,,,
4,272,272.000000,agent_3,actor_logits,2,1,4,6.244188,-4.799907,4.808066,0.048147,0.991801,-4.799907,-3.101799,6.244188,1.436121,,,,
4,272,272.000000,agent_4,actor_logits,2,1,4,6.244189,-4.799907,4.808067,0.048147,0.991801,-4.799907,-3.101800,6.244189,1.436121,,,,
4,272,272.000000,agent_5,actor_logits,2,1,4,6.244188,-4.799907,4.808066,0.048147,0.991801,-4.799907,-3.101800,6.244188,1.436122,,,,
4,274,274.000000,agent_0,actor_logits,0,1,4,4.422392,-5.565396,4.302658,0.093334,0.983342,4.422392,-1.272865,0.119734,-5.565396,,,,
4,274,274.000000,agent_1,actor_logits,0,1,4,4.422393,-5.565396,4.302659,0.093334,0.983342,4.422393,-1.272865,0.119734,-5.565396,,,,
4,274,274.000000,agent_2,actor_logits,0,1,4,4.422392,-5.565396,4.302658,0.093334,0.983342,4.422392,-1.272865,0.119734,-5.565396,,,,
4,274,274.000000,agent_3,actor_logits,0,1,4,4.422393,-5.565396,4.302660,0.093333,0.983342,4.422393,-1.272864,0.119734,-5.565396,,,,
4,274,274.000000,agent_4,actor_logits,0,1,4,4.422393,-5.565397,4.302659,0.093334,0.983342,4.422393,-1.272864,0.119734,-5.565397,,,,
4,274,274.000000,agent_5,actor_logits,0,1,4,4.422393,-5.565396,4.302659,0.093334,0.983342,4.422393,-1.272865,0.119734,-5.565396,,,,
4,276,276.000000,agent_0,actor_logits,0,1,4,7.914322,-5.116703,5.346272,0.030192,0.995251,7.914322,-5.116703,-4.639106,2.568050,,,,
4,276,276.000000,agent_1,actor_logits,0,1,4,7.914322,-5.116702,5.346272,0.030192,0.995251,7.914322,-5.116702,-4.639106,2.568050,,,,
4,276,276.000000,agent_2,actor_logits,0,1,4,7.914322,-5.116703,5.346272,0.030192,0.995251,7.914322,-5.116703,-4.639106,2.568051,,,,
4,276,276.000000,agent_3,actor_logits,0,1,4,7.914322,-5.116702,5.346272,0.030192,0.995251,7.914322,-5.116702,-4.639106,2.568050,,,,
4,276,276.000000,agent_4,actor_logits,0,1,4,7.914322,-5.116702,5.346272,0.030192,0.995251,7.914322,-5.116702,-4.639106,2.568050,,,,
4,276,276.000000,agent_5,actor_logits,0,1,4,7.914323,-5.116703,5.346272,0.030192,0.995251,7.914323,-5.116703,-4.639106,2.568050,,,,
4,278,278.000000,agent_0,actor_logits,2,1,3,6.341499,-10.447237,5.738218,0.021637,0.996790,0.603281,-10.447237,6.341499,,,,,
4,278,278.000000,agent_1,actor_logits,2,1,3,6.341500,-10.447237,5.738219,0.021637,0.996790,0.603281,-10.447237,6.341500,,,,,
4,278,278.000000,agent_2,actor_logits,2,1,3,6.341499,-10.447237,5.738219,0.021637,0.996790,0.603281,-10.447237,6.341499,,,,,
4,278,278.000000,agent_3,actor_logits,2,1,3,6.341499,-10.447237,5.738218,0.021637,0.996790,0.603281,-10.447237,6.341499,,,,,
4,278,278.000000,agent_4,actor_logits,2,1,3,6.341499,-10.447236,5.738218,0.021637,0.996790,0.603281,-10.447236,6.341499,,,,,
4,278,278.000000,agent_5,actor_logits,2,1,3,6.341500,-10.447237,5.738219,0.021637,0.996790,0.603281,-10.447237,6.341500,,,,,
4,284,284.000000,agent_0,actor_logits,0,1,7,6.176219,-5.864835,0.338354,0.701492,0.581929,6.176219,-5.453227,-5.864835,5.837865,0.431143,-0.392496,-0.877444,
4,284,284.000000,agent_1,actor_logits,0,1,7,6.176220,-5.864836,0.338356,0.701492,0.581929,6.176220,-5.453227,-5.864836,5.837864,0.431144,-0.392496,-0.877444,
4,284,284.000000,agent_2,actor_logits,0,1,7,6.176219,-5.864835,0.338355,0.701492,0.581929,6.176219,-5.453228,-5.864835,5.837864,0.431144,-0.392496,-0.877444,
4,284,284.000000,agent_3,actor_logits,0,1,7,6.176219,-5.864836,0.338353,0.701492,0.581928,6.176219,-5.453227,-5.864836,5.837865,0.431144,-0.392496,-0.877445,
4,284,284.000000,agent_4,actor_logits,0,1,7,6.176220,-5.864837,0.338356,0.701492,0.581929,6.176220,-5.453227,-5.864837,5.837864,0.431144,-0.392496,-0.877444,
4,284,284.000000,agent_5,actor_logits,0,1,7,6.176219,-5.864835,0.338355,0.701492,0.581929,6.176219,-5.453228,-5.864835,5.837864,0.431144,-0.392496,-0.877444,
4,290,290.000000,agent_0,actor_logits,2,1,3,2.834552,-8.121284,9.324319,0.001130,0.999893,-6.489767,-8.121284,2.834552,,,,,
4,290,290.000000,agent_1,actor_logits,2,1,3,2.834551,-8.121284,9.324318,0.001130,0.999893,-6.489767,-8.121284,2.834551,,,,,
4,290,290.000000,agent_2,actor_logits,2,1,3,2.834552,-8.121284,9.324320,0.001130,0.999893,-6.489768,-8.121284,2.834552,,,,,
4,290,290.000000,agent_3,actor_logits,2,1,3,2.834551,-8.121283,9.324319,0.001130,0.999893,-6.489768,-8.121283,2.834551,,,,,
4,290,290.000000,agent_4,actor_logits,2,1,3,2.834551,-8.121284,9.324317,0.001130,0.999893,-6.489766,-8.121284,2.834551,,,,,
4,290,290.000000,agent_5,actor_logits,2,1,3,2.834551,-8.121283,9.324318,0.001130,0.999893,-6.489767,-8.121283,2.834551,,,,,
4,296,296.000000,agent_0,actor_logits,3,1,7,11.796405,-9.681776,5.224491,0.034403,0.994551,-9.681776,-0.593403,2.143455,11.796405,6.571914,1.126418,-0.536856,
4,296,296.000000,agent_1,actor_logits,3,1,7,11.796405,-9.681776,5.224490,0.034403,0.994551,-9.681776,-0.593403,2.143454,11.796405,6.571915,1.126418,-0.536856,
4,296,296.000000,agent_2,actor_logits,3,1,7,11.796405,-9.681776,5.224490,0.034403,0.994551,-9.681776,-0.593403,2.143454,11.796405,6.571915,1.126418,-0.536856,
4,296,296.000000,agent_3,actor_logits,3,1,7,11.796405,-9.681777,5.224490,0.034403,0.994551,-9.681777,-0.593403,2.143454,11.796405,6.571915,1.126418,-0.536856,
4,296,296.000000,agent_4,actor_logits,3,1,7,11.796405,-9.681777,5.224491,0.034403,0.994551,-9.681777,-0.593402,2.143454,11.796405,6.571914,1.126418,-0.536856,
4,296,296.000000,agent_5,actor_logits,3,1,7,11.796405,-9.681776,5.224490,0.034403,0.994551,-9.681776,-0.593403,2.143454,11.796405,6.571915,1.126418,-0.536856,
4,298,298.000000,agent_0,actor_logits,2,1,4,7.490946,-10.609260,3.140972,0.172535,0.958551,-6.290099,4.349974,7.490946,-10.609260,,,,
4,298,298.000000,agent_1,actor_logits,2,1,4,7.490946,-10.609260,3.140972,0.172535,0.958551,-6.290099,4.349974,7.490946,-10.609260,,,,
4,298,298.000000,agent_2,actor_logits,2,1,4,7.490946,-10.609260,3.140972,0.172535,0.958551,-6.290099,4.349974,7.490946,-10.609260,,,,
4,298,298.000000,agent_3,actor_logits,2,1,4,7.490946,-10.609260,3.140972,0.172535,0.958551,-6.290098,4.349974,7.490946,-10.609260,,,,
4,298,298.000000,agent_4,actor_logits,2,1,4,7.490947,-10.609260,3.140973,0.172535,0.958551,-6.290099,4.349974,7.490947,-10.609260,,,,
4,298,298.000000,agent_5,actor_logits,2,1,4,7.490946,-10.609260,3.140971,0.172535,0.958551,-6.290099,4.349975,7.490946,-10.609260,,,,
4,300,300.000000,agent_0,actor_logits,1,1,4,7.703519,-11.225326,3.905307,0.097034,0.980261,-5.844258,7.703519,3.798213,-11.225326,,,,
4,300,300.000000,agent_1,actor_logits,1,1,4,7.703520,-11.225327,3.905308,0.097034,0.980261,-5.844258,7.703520,3.798212,-11.225327,,,,
4,300,300.000000,agent_2,actor_logits,1,1,4,7.703520,-11.225327,3.905307,0.097034,0.980261,-5.844258,7.703520,3.798213,-11.225327,,,,
4,300,300.000000,agent_3,actor_logits,1,1,4,7.703519,-11.225327,3.905308,0.097034,0.980261,-5.844258,7.703519,3.798212,-11.225327,,,,
4,300,300.000000,agent_4,actor_logits,1,1,4,7.703519,-11.225327,3.905308,0.097034,0.980261,-5.844258,7.703519,3.798212,-11.225327,,,,
4,300,300.000000,agent_5,actor_logits,1,1,4,7.703520,-11.225327,3.905308,0.097034,0.980261,-5.844258,7.703520,3.798212,-11.225327,,,,
4,302,302.000000,agent_0,actor_logits,1,1,4,5.572497,-6.318323,4.639821,0.073065,0.987675,-0.301080,5.572497,-6.318323,0.932677,,,,
4,302,302.000000,agent_1,actor_logits,1,1,4,5.572497,-6.318322,4.639821,0.073065,0.987675,-0.301080,5.572497,-6.318322,0.932677,,,,
4,302,302.000000,agent_2,actor_logits,1,1,4,5.572497,-6.318322,4.639820,0.073065,0.987675,-0.301080,5.572497,-6.318322,0.932677,,,,
4,302,302.000000,agent_3,actor_logits,1,1,4,5.572497,-6.318323,4.639820,0.073065,0.987675,-0.301079,5.572497,-6.318323,0.932677,,,,
4,302,302.000000,agent_4,actor_logits,1,1,4,5.572497,-6.318323,4.639820,0.073065,0.987675,-0.301079,5.572497,-6.318323,0.932677,,,,
4,302,302.000000,agent_5,actor_logits,1,1,4,5.572497,-6.318323,4.639821,0.073065,0.987675,-0.301080,5.572497,-6.318323,0.932677,,,,
4,304,304.000000,agent_0,actor_logits,3,1,4,4.264954,-9.336792,1.240572,0.905493,0.637945,2.985948,3.024382,-9.336792,4.264954,,,,
4,304,304.000000,agent_1,actor_logits,3,1,4,4.264955,-9.336792,1.240573,0.905492,0.637945,2.985947,3.024382,-9.336792,4.264955,,,,
4,304,304.000000,agent_2,actor_logits,3,1,4,4.264955,-9.336793,1.240573,0.905492,0.637945,2.985947,3.024382,-9.336793,4.264955,,,,
4,304,304.000000,agent_3,actor_logits,3,1,4,4.264955,-9.336793,1.240573,0.905492,0.637945,2.985948,3.024381,-9.336793,4.264955,,,,
4,304,304.000000,agent_4,actor_logits,3,1,4,4.264955,-9.336793,1.240573,0.905492,0.637945,2.985947,3.024382,-9.336793,4.264955,,,,
4,304,304.000000,agent_5,actor_logits,3,1,4,4.264955,-9.336791,1.240572,0.905493,0.637945,2.985947,3.024382,-9.336791,4.264955,,,,
4,306,306.000000,agent_0,actor_logits,1,1,4,5.025055,-3.212208,4.412902,0.069842,0.987490,-3.212208,5.025055,-3.143416,0.612153,,,,
4,306,306.000000,agent_1,actor_logits,1,1,4,5.025056,-3.212208,4.412903,0.069842,0.987490,-3.212208,5.025056,-3.143417,0.612154,,,,
4,306,306.000000,agent_2,actor_logits,1,1,4,5.025056,-3.212208,4.412903,0.069842,0.987490,-3.212208,5.025056,-3.143416,0.612153,,,,
4,306,306.000000,agent_3,actor_logits,1,1,4,5.025056,-3.212208,4.412903,0.069842,0.987490,-3.212208,5.025056,-3.143417,0.612153,,,,
4,306,306.000000,agent_4,actor_logits,1,1,4,5.025056,-3.212208,4.412904,0.069842,0.987490,-3.212208,5.025056,-3.143416,0.612153,,,,
4,306,306.000000,agent_5,actor_logits,1,1,4,5.025056,-3.212208,4.412903,0.069842,0.987490,-3.212208,5.025056,-3.143417,0.612153,,,,
4,308,308.000000,agent_0,actor_logits,1,1,4,6.299567,-10.779920,3.521078,0.187949,0.960913,2.778490,6.299567,-10.779920,1.799568,,,,
4,308,308.000000,agent_1,actor_logits,1,1,4,6.299567,-10.779919,3.521079,0.187948,0.960913,2.778488,6.299567,-10.779919,1.799568,,,,
4,308,308.000000,agent_2,actor_logits,1,1,4,6.299568,-10.779919,3.521079,0.187948,0.960913,2.778489,6.299568,-10.779919,1.799568,,,,
4,308,308.000000,agent_3,actor_logits,1,1,4,6.299568,-10.779920,3.521078,0.187949,0.960913,2.778490,6.299568,-10.779920,1.799567,,,,
4,308,308.000000,agent_4,actor_logits,1,1,4,6.299567,-10.779919,3.521077,0.187949,0.960913,2.778490,6.299567,-10.779919,1.799568,,,,
4,308,308.000000,agent_5,actor_logits,1,1,4,6.299567,-10.779920,3.521077,0.187949,0.960913,2.778490,6.299567,-10.779920,1.799568,,,,
4,310,310.000000,agent_0,actor_logits,1,1,4,6.501554,-9.698592,3.708869,0.120085,0.975195,2.792685,6.501554,-9.698592,-0.478274,,,,
4,310,310.000000,agent_1,actor_logits,1,1,4,6.501554,-9.698592,3.708870,0.120085,0.975195,2.792684,6.501554,-9.698592,-0.478274,,,,
4,310,310.000000,agent_2,actor_logits,1,1,4,6.501554,-9.698591,3.708870,0.120085,0.975195,2.792684,6.501554,-9.698591,-0.478274,,,,
4,310,310.000000,agent_3,actor_logits,1,1,4,6.501554,-9.698593,3.708869,0.120085,0.975195,2.792686,6.501554,-9.698593,-0.478274,,,,
4,310,310.000000,agent_4,actor_logits,1,1,4,6.501553,-9.698592,3.708868,0.120085,0.975195,2.792686,6.501553,-9.698592,-0.478274,,,,
4,310,310.000000,agent_5,actor_logits,1,1,4,6.501554,-9.698592,3.708868,0.120085,0.975195,2.792686,6.501554,-9.698592,-0.478274,,,,
4,312,312.000000,agent_0,actor_logits,0,1,4,4.231596,-4.580299,0.662340,0.648887,0.659113,4.231596,-2.341527,-4.580299,3.569256,,,,
4,312,312.000000,agent_1,actor_logits,0,1,4,4.231596,-4.580300,0.662340,0.648887,0.659113,4.231596,-2.341527,-4.580300,3.569256,,,,
4,312,312.000000,agent_2,actor_logits,0,1,4,4.231595,-4.580299,0.662339,0.648887,0.659113,4.231595,-2.341526,-4.580299,3.569256,,,,
4,312,312.000000,agent_3,actor_logits,0,1,4,4.231597,-4.580299,0.662342,0.648887,0.659114,4.231597,-2.341527,-4.580299,3.569256,,,,
4,312,312.000000,agent_4,actor_logits,0,1,4,4.231597,-4.580299,0.662341,0.648887,0.659114,4.231597,-2.341527,-4.580299,3.569256,,,,
4,312,312.000000,agent_5,actor_logits,0,1,4,4.231596,-4.580299,0.662341,0.648887,0.659114,4.231596,-2.341527,-4.580299,3.569256,,,,
4,314,314.000000,agent_0,actor_logits,3,1,4,5.403740,-12.733597,0.301225,0.887825,0.534513,3.370794,-12.733597,5.102516,5.403740,,,,
4,314,314.000000,agent_1,actor_logits,3,1,4,5.403739,-12.733599,0.301224,0.887825,0.534513,3.370795,-12.733599,5.102516,5.403739,,,,
4,314,314.000000,agent_2,actor_logits,3,1,4,5.403739,-12.733597,0.301224,0.887825,0.534513,3.370794,-12.733597,5.102516,5.403739,,,,
4,314,314.000000,agent_3,actor_logits,3,1,4,5.403739,-12.733597,0.301224,0.887825,0.534513,3.370795,-12.733597,5.102515,5.403739,,,,
4,314,314.000000,agent_4,actor_logits,3,1,4,5.403739,-12.733597,0.301224,0.887825,0.534513,3.370794,-12.733597,5.102516,5.403739,,,,
4,314,314.000000,agent_5,actor_logits,3,1,4,5.403739,-12.733597,0.301224,0.887825,0.534513,3.370794,-12.733597,5.102515,5.403739,,,,
4,316,316.000000,agent_0,actor_logits,0,1,4,4.952983,-7.630099,2.668669,0.363107,0.908408,4.952983,1.494565,-7.630099,2.284314,,,,
4,316,316.000000,agent_1,actor_logits,0,1,4,4.952984,-7.630101,2.668672,0.363106,0.908408,4.952984,1.494564,-7.630101,2.284312,,,,
4,316,316.000000,agent_2,actor_logits,0,1,4,4.952984,-7.630101,2.668671,0.363106,0.908408,4.952984,1.494564,-7.630101,2.284313,,,,
4,316,316.000000,agent_3,actor_logits,0,1,4,4.952984,-7.630100,2.668671,0.363106,0.908408,4.952984,1.494564,-7.630100,2.284313,,,,
4,316,316.000000,agent_4,actor_logits,0,1,4,4.952984,-7.630101,2.668670,0.363106,0.908408,4.952984,1.494565,-7.630101,2.284313,,,,
4,316,316.000000,agent_5,actor_logits,0,1,4,4.952984,-7.630101,2.668671,0.363106,0.908408,4.952984,1.494564,-7.630101,2.284313,,,,
4,318,318.000000,agent_0,actor_logits,0,1,4,4.947454,-10.942211,0.080144,0.723855,0.517024,4.947454,-10.942211,4.867310,0.452253,,,,
4,318,318.000000,agent_1,actor_logits,0,1,4,4.947454,-10.942211,0.080144,0.723855,0.517024,4.947454,-10.942211,4.867311,0.452252,,,,
4,318,318.000000,agent_2,actor_logits,0,1,4,4.947455,-10.942212,0.080145,0.723855,0.517024,4.947455,-10.942212,4.867310,0.452252,,,,
4,318,318.000000,agent_3,actor_logits,0,1,4,4.947454,-10.942211,0.080144,0.723855,0.517024,4.947454,-10.942211,4.867310,0.452253,,,,
4,318,318.000000,agent_4,actor_logits,0,1,4,4.947454,-10.942211,0.080143,0.723855,0.517024,4.947454,-10.942211,4.867311,0.452253,,,,
4,318,318.000000,agent_5,actor_logits,0,1,4,4.947455,-10.942211,0.080145,0.723855,0.517024,4.947455,-10.942211,4.867310,0.452252,,,,
4,320,320.000000,agent_0,actor_logits,0,1,4,4.692639,-8.039310,0.131684,0.719107,0.530199,4.692639,0.032153,-8.039310,4.560955,,,,
4,320,320.000000,agent_1,actor_logits,0,1,4,4.692640,-8.039310,0.131684,0.719106,0.530199,4.692640,0.032152,-8.039310,4.560956,,,,
4,320,320.000000,agent_2,actor_logits,0,1,4,4.692640,-8.039310,0.131685,0.719107,0.530200,4.692640,0.032153,-8.039310,4.560955,,,,
4,320,320.000000,agent_3,actor_logits,0,1,4,4.692638,-8.039310,0.131683,0.719107,0.530199,4.692638,0.032153,-8.039310,4.560955,,,,
4,320,320.000000,agent_4,actor_logits,0,1,4,4.692639,-8.039310,0.131684,0.719107,0.530199,4.692639,0.032153,-8.039310,4.560956,,,,
4,320,320.000000,agent_5,actor_logits,0,1,4,4.692639,-8.039310,0.131685,0.719107,0.530200,4.692639,0.032153,-8.039310,4.560955,,,,
4,322,322.000000,agent_0,actor_logits,0,1,4,13.649858,-7.730071,12.001539,0.000080,0.999994,13.649858,-7.730071,-7.310847,1.648319,,,,
4,322,322.000000,agent_1,actor_logits,0,1,4,13.649858,-7.730071,12.001539,0.000080,0.999994,13.649858,-7.730071,-7.310846,1.648319,,,,
4,322,322.000000,agent_2,actor_logits,0,1,4,13.649858,-7.730070,12.001540,0.000080,0.999994,13.649858,-7.730070,-7.310846,1.648319,,,,
4,322,322.000000,agent_3,actor_logits,0,1,4,13.649858,-7.730071,12.001538,0.000080,0.999994,13.649858,-7.730071,-7.310846,1.648320,,,,
4,322,322.000000,agent_4,actor_logits,0,1,4,13.649858,-7.730072,12.001539,0.000080,0.999994,13.649858,-7.730072,-7.310846,1.648320,,,,
4,322,322.000000,agent_5,actor_logits,0,1,4,13.649858,-7.730071,12.001539,0.000080,0.999994,13.649858,-7.730071,-7.310846,1.648319,,,,
4,324,324.000000,agent_0,actor_logits,1,1,4,2.077602,-2.911642,2.964076,0.397061,0.905382,-0.886475,2.077602,-0.999627,-2.911642,,,,
4,324,324.000000,agent_1,actor_logits,1,1,4,2.077601,-2.911643,2.964076,0.397061,0.905382,-0.886475,2.077601,-0.999627,-2.911643,,,,
4,324,324.000000,agent_2,actor_logits,1,1,4,2.077602,-2.911642,2.964077,0.397061,0.905382,-0.886475,2.077602,-0.999627,-2.911642,,,,
4,324,324.000000,agent_3,actor_logits,1,1,4,2.077602,-2.911642,2.964078,0.397061,0.905382,-0.886476,2.077602,-0.999627,-2.911642,,,,
4,324,324.000000,agent_4,actor_logits,1,1,4,2.077601,-2.911642,2.964076,0.397061,0.905382,-0.886475,2.077601,-0.999627,-2.911642,,,,
4,324,324.000000,agent_5,actor_logits,1,1,4,2.077601,-2.911643,2.964076,0.397061,0.905382,-0.886475,2.077601,-0.999627,-2.911643,,,,
4,326,326.000000,agent_0,actor_logits,0,1,3,8.042435,-13.257819,6.719634,0.009307,0.998794,8.042435,1.322801,-13.257819,,,,,
4,326,326.000000,agent_1,actor_logits,0,1,3,8.042435,-13.257819,6.719634,0.009307,0.998794,8.042435,1.322801,-13.257819,,,,,
4,326,326.000000,agent_2,actor_logits,0,1,3,8.042434,-13.257819,6.719633,0.009307,0.998794,8.042434,1.322801,-13.257819,,,,,
4,326,326.000000,agent_3,actor_logits,0,1,3,8.042434,-13.257819,6.719633,0.009307,0.998794,8.042434,1.322800,-13.257819,,,,,
4,326,326.000000,agent_4,actor_logits,0,1,3,8.042435,-13.257819,6.719635,0.009307,0.998794,8.042435,1.322800,-13.257819,,,,,
4,326,326.000000,agent_5,actor_logits,0,1,3,8.042435,-13.257819,6.719635,0.009307,0.998794,8.042435,1.322800,-13.257819,,,,,
4,328,328.000000,agent_0,actor_logits,0,1,2,-4.052485,-9.708155,5.655670,0.023204,0.996515,-4.052485,-9.708155,,,,,,
4,328,328.000000,agent_1,actor_logits,0,1,2,-4.052485,-9.708153,5.655668,0.023204,0.996515,-4.052485,-9.708153,,,,,,
4,328,328.000000,agent_2,actor_logits,0,1,2,-4.052485,-9.708155,5.655670,0.023204,0.996515,-4.052485,-9.708155,,,,,,
4,328,328.000000,agent_3,actor_logits,0,1,2,-4.052485,-9.708155,5.655670,0.023204,0.996515,-4.052485,-9.708155,,,,,,
4,328,328.000000,agent_4,actor_logits,0,1,2,-4.052485,-9.708153,5.655668,0.023204,0.996515,-4.052485,-9.708153,,,,,,
4,328,328.000000,agent_5,actor_logits,0,1,2,-4.052484,-9.708155,5.655671,0.023204,0.996515,-4.052484,-9.708155,,,,,,
4,330,330.000000,agent_0,actor_logits,1,1,3,5.840337,-6.666129,11.746006,0.000151,0.999988,-5.905668,5.840337,-6.666129,,,,,
4,330,330.000000,agent_1,actor_logits,1,1,3,5.840337,-6.666128,11.746006,0.000151,0.999988,-5.905669,5.840337,-6.666128,,,,,
4,330,330.000000,agent_2,actor_logits,1,1,3,5.840337,-6.666127,11.746006,0.000151,0.999988,-5.905669,5.840337,-6.666127,,,,,
4,330,330.000000,agent_3,actor_logits,1,1,3,5.840337,-6.666128,11.746006,0.000151,0.999988,-5.905669,5.840337,-6.666128,,,,,
4,330,330.000000,agent_4,actor_logits,1,1,3,5.840337,-6.666127,11.746006,0.000151,0.999988,-5.905669,5.840337,-6.666127,,,,,
4,330,330.000000,agent_5,actor_logits,1,1,3,5.840337,-6.666128,11.746006,0.000151,0.999988,-5.905668,5.840337,-6.666128,,,,,
4,332,332.000000,agent_0,actor_logits,1,1,3,9.236054,-19.839357,11.197874,0.000167,0.999986,-19.839357,9.236054,-1.961820,,,,,
4,332,332.000000,agent_1,actor_logits,1,1,3,9.236054,-19.839357,11.197874,0.000167,0.999986,-19.839357,9.236054,-1.961820,,,,,
4,332,332.000000,agent_2,actor_logits,1,1,3,9.236053,-19.839357,11.197873,0.000167,0.999986,-19.839357,9.236053,-1.961819,,,,,
4,332,332.000000,agent_3,actor_logits,1,1,3,9.236054,-19.839357,11.197874,0.000167,0.999986,-19.839357,9.236054,-1.961820,,,,,
4,332,332.000000,agent_4,actor_logits,1,1,3,9.236053,-19.839357,11.197873,0.000167,0.999986,-19.839357,9.236053,-1.961820,,,,,
4,332,332.000000,agent_5,actor_logits,1,1,3,9.236054,-19.839357,11.197874,0.000167,0.999986,-19.839357,9.236054,-1.961820,,,,,
4,334,334.000000,agent_0,actor_logits,1,1,3,6.791646,-21.520403,3.516781,0.130681,0.971161,-21.520403,6.791646,3.274865,,,,,
4,334,334.000000,agent_1,actor_logits,1,1,3,6.791646,-21.520401,3.516780,0.130681,0.971161,-21.520401,6.791646,3.274866,,,,,
4,334,334.000000,agent_2,actor_logits,1,1,3,6.791645,-21.520401,3.516778,0.130682,0.971161,-21.520401,6.791645,3.274867,,,,,
4,334,334.000000,agent_3,actor_logits,1,1,3,6.791646,-21.520401,3.516781,0.130681,0.971161,-21.520401,6.791646,3.274865,,,,,
4,334,334.000000,agent_4,actor_logits,1,1,3,6.791646,-21.520401,3.516780,0.130681,0.971161,-21.520401,6.791646,3.274866,,,,,
4,334,334.000000,agent_5,actor_logits,1,1,3,6.791646,-21.520403,3.516780,0.130681,0.971161,-21.520403,6.791646,3.274866,,,,,
4,336,336.000000,agent_0,actor_logits,2,1,3,6.396626,-21.244081,1.780329,0.412626,0.855738,-21.244081,4.616298,6.396626,,,,,
4,336,336.000000,agent_1,actor_logits,2,1,3,6.396627,-21.244081,1.780330,0.412626,0.855738,-21.244081,4.616297,6.396627,,,,,
4,336,336.000000,agent_2,actor_logits,2,1,3,6.396628,-21.244081,1.780332,0.412626,0.855738,-21.244081,4.616296,6.396628,,,,,
4,336,336.000000,agent_3,actor_logits,2,1,3,6.396627,-21.244081,1.780330,0.412626,0.855738,-21.244081,4.616297,6.396627,,,,,
4,336,336.000000,agent_4,actor_logits,2,1,3,6.396627,-21.244081,1.780330,0.412626,0.855738,-21.244081,4.616297,6.396627,,,,,
4,336,336.000000,agent_5,actor_logits,2,1,3,6.396627,-21.244081,1.780331,0.412626,0.855738,-21.244081,4.616297,6.396627,,,,,
4,338,338.000000,agent_0,actor_logits,3,1,4,11.239626,-16.333052,5.839446,0.023189,0.996723,-16.333052,3.358164,5.400180,11.239626,,,,
4,338,338.000000,agent_1,actor_logits,3,1,4,11.239626,-16.333052,5.839446,0.023189,0.996723,-16.333052,3.358164,5.400180,11.239626,,,,
4,338,338.000000,agent_2,actor_logits,3,1,4,11.239627,-16.333052,5.839446,0.023189,0.996723,-16.333052,3.358163,5.400181,11.239627,,,,
4,338,338.000000,agent_3,actor_logits,3,1,4,11.239626,-16.333052,5.839446,0.023189,0.996723,-16.333052,3.358163,5.400180,11.239626,,,,
4,338,338.000000,agent_4,actor_logits,3,1,4,11.239626,-16.333052,5.839446,0.023189,0.996723,-16.333052,3.358164,5.400180,11.239626,,,,
4,338,338.000000,agent_5,actor_logits,3,1,4,11.239626,-16.333052,5.839446,0.023189,0.996723,-16.333052,3.358164,5.400180,11.239626,,,,
4,340,340.000000,agent_0,actor_logits,3,1,4,7.025106,-2.878116,7.672554,0.007474,0.999165,-2.878116,-0.647448,-1.020757,7.025106,,,,
4,340,340.000000,agent_1,actor_logits,3,1,4,7.025107,-2.878116,7.672555,0.007474,0.999165,-2.878116,-0.647449,-1.020757,7.025107,,,,
4,340,340.000000,agent_2,actor_logits,3,1,4,7.025107,-2.878116,7.672556,0.007474,0.999165,-2.878116,-0.647449,-1.020757,7.025107,,,,
4,340,340.000000,agent_3,actor_logits,3,1,4,7.025106,-2.878115,7.672554,0.007474,0.999165,-2.878115,-0.647448,-1.020757,7.025106,,,,
4,340,340.000000,agent_4,actor_logits,3,1,4,7.025106,-2.878116,7.672554,0.007474,0.999165,-2.878116,-0.647448,-1.020757,7.025106,,,,
4,340,340.000000,agent_5,actor_logits,3,1,4,7.025106,-2.878115,7.672555,0.007474,0.999165,-2.878115,-0.647449,-1.020758,7.025106,,,,
4,342,342.000000,agent_0,actor_logits,1,1,4,6.334859,-2.987897,8.214787,0.005113,0.999464,-1.879927,6.334859,-2.987897,-2.309136,,,,
4,342,342.000000,agent_1,actor_logits,1,1,4,6.334858,-2.987897,8.214786,0.005113,0.999464,-1.879927,6.334858,-2.987897,-2.309137,,,,
4,342,342.000000,agent_2,actor_logits,1,1,4,6.334858,-2.987897,8.214785,0.005113,0.999464,-1.879927,6.334858,-2.987897,-2.309136,,,,
4,342,342.000000,agent_3,actor_logits,1,1,4,6.334858,-2.987898,8.214786,0.005113,0.999464,-1.879928,6.334858,-2.987898,-2.309136,,,,
4,342,342.000000,agent_4,actor_logits,1,1,4,6.334858,-2.987897,8.214786,0.005113,0.999464,-1.879927,6.334858,-2.987897,-2.309137,,,,
4,342,342.000000,agent_5,actor_logits,1,1,4,6.334858,-2.987897,8.214786,0.005113,0.999464,-1.879927,6.334858,-2.987897,-2.309137,,,,
4,344,344.000000,agent_0,actor_logits,0,1,4,12.519753,-13.113924,8.528679,0.001889,0.999802,12.519753,-13.113924,-2.342014,3.991074,,,,
4,344,344.000000,agent_1,actor_logits,0,1,4,12.519753,-13.113924,8.528679,0.001889,0.999802,12.519753,-13.113924,-2.342014,3.991075,,,,
4,344,344.000000,agent_2,actor_logits,0,1,4,12.519753,-13.113924,8.528679,0.001889,0.999802,12.519753,-13.113924,-2.342014,3.991074,,,,
4,344,344.000000,agent_3,actor_logits,0,1,4,12.519753,-13.113924,8.528679,0.001889,0.999802,12.519753,-13.113924,-2.342014,3.991075,,,,
4,344,344.000000,agent_4,actor_logits,0,1,4,12.519753,-13.113924,8.528679,0.001889,0.999802,12.519753,-13.113924,-2.342014,3.991074,,,,
4,344,344.000000,agent_5,actor_logits,0,1,4,12.519754,-13.113925,8.528680,0.001889,0.999802,12.519754,-13.113925,-2.342014,3.991075,,,,
4,346,346.000000,agent_0,actor_logits,0,1,4,14.087612,-16.712410,8.516495,0.001910,0.999800,14.087612,-16.712410,-0.656640,5.571117,,,,
4,346,346.000000,agent_1,actor_logits,0,1,4,14.087611,-16.712410,8.516495,0.001910,0.999800,14.087611,-16.712410,-0.656639,5.571117,,,,
4,346,346.000000,agent_2,actor_logits,0,1,4,14.087611,-16.712410,8.516494,0.001910,0.999800,14.087611,-16.712410,-0.656640,5.571117,,,,
4,346,346.000000,agent_3,actor_logits,0,1,4,14.087612,-16.712410,8.516495,0.001910,0.999800,14.087612,-16.712410,-0.656640,5.571117,,,,
4,346,346.000000,agent_4,actor_logits,0,1,4,14.087612,-16.712410,8.516496,0.001910,0.999800,14.087612,-16.712410,-0.656640,5.571116,,,,
4,346,346.000000,agent_5,actor_logits,0,1,4,14.087612,-16.712410,8.516495,0.001910,0.999800,14.087612,-16.712410,-0.656639,5.571117,,,,
4,348,348.000000,agent_0,actor_logits,3,1,4,3.136129,-5.334543,0.778988,0.697955,0.674024,-5.334543,-0.571033,2.357141,3.136129,,,,
4,348,348.000000,agent_1,actor_logits,3,1,4,3.136129,-5.334544,0.778988,0.697955,0.674024,-5.334544,-0.571033,2.357141,3.136129,,,,
4,348,348.000000,agent_2,actor_logits,3,1,4,3.136130,-5.334543,0.778989,0.697955,0.674024,-5.334543,-0.571033,2.357141,3.136130,,,,
4,348,348.000000,agent_3,actor_logits,3,1,4,3.136129,-5.334543,0.778989,0.697955,0.674024,-5.334543,-0.571032,2.357141,3.136129,,,,
4,348,348.000000,agent_4,actor_logits,3,1,4,3.136129,-5.334543,0.778988,0.697955,0.674024,-5.334543,-0.571033,2.357141,3.136129,,,,
4,348,348.000000,agent_5,actor_logits,3,1,4,3.136129,-5.334543,0.778987,0.697955,0.674024,-5.334543,-0.571033,2.357141,3.136129,,,,
4,350,350.000000,agent_0,actor_logits,0,1,4,9.427437,-9.174901,5.934006,0.018387,0.997354,9.427437,-9.174901,-2.690722,3.493431,,,,
4,350,350.000000,agent_1,actor_logits,0,1,4,9.427437,-9.174902,5.934006,0.018387,0.997354,9.427437,-9.174902,-2.690721,3.493431,,,,
4,350,350.000000,agent_2,actor_logits,0,1,4,9.427437,-9.174902,5.934005,0.018387,0.997354,9.427437,-9.174902,-2.690722,3.493432,,,,
4,350,350.000000,agent_3,actor_logits,0,1,4,9.427437,-9.174901,5.934005,0.018387,0.997354,9.427437,-9.174901,-2.690722,3.493432,,,,
4,350,350.000000,agent_4,actor_logits,0,1,4,9.427437,-9.174900,5.934005,0.018387,0.997354,9.427437,-9.174900,-2.690722,3.493432,,,,
4,350,350.000000,agent_5,actor_logits,0,1,4,9.427437,-9.174902,5.934005,0.018387,0.997354,9.427437,-9.174902,-2.690722,3.493432,,,,
4,352,352.000000,agent_0,actor_logits,1,1,4,1.301066,-2.118516,0.447597,0.960785,0.553675,-2.118516,1.301066,-0.707171,0.853469,,,,
4,352,352.000000,agent_1,actor_logits,1,1,4,1.301066,-2.118515,0.447597,0.960785,0.553675,-2.118515,1.301066,-0.707171,0.853469,,,,
4,352,352.000000,agent_2,actor_logits,1,1,4,1.301066,-2.118516,0.447597,0.960785,0.553675,-2.118516,1.301066,-0.707170,0.853469,,,,
4,352,352.000000,agent_3,actor_logits,1,1,4,1.301065,-2.118515,0.447596,0.960785,0.553675,-2.118515,1.301065,-0.707171,0.853469,,,,
4,352,352.000000,agent_4,actor_logits,1,1,4,1.301065,-2.118516,0.447596,0.960785,0.553675,-2.118516,1.301065,-0.707171,0.853469,,,,
4,352,352.000000,agent_5,actor_logits,1,1,4,1.301065,-2.118515,0.447596,0.960785,0.553675,-2.118515,1.301065,-0.707171,0.853469,,,,
4,354,354.000000,agent_0,actor_logits,3,1,4,3.574065,-5.472227,1.561278,0.611702,0.793410,2.012787,0.586253,-5.472227,3.574065,,,,
4,354,354.000000,agent_1,actor_logits,3,1,4,3.574064,-5.472227,1.561276,0.611702,0.793409,2.012787,0.586253,-5.472227,3.574064,,,,
4,354,354.000000,agent_2,actor_logits,3,1,4,3.574064,-5.472228,1.561277,0.611702,0.793409,2.012787,0.586253,-5.472228,3.574064,,,,
4,354,354.000000,agent_3,actor_logits,3,1,4,3.574064,-5.472228,1.561277,0.611702,0.793409,2.012787,0.586253,-5.472228,3.574064,,,,
4,354,354.000000,agent_4,actor_logits,3,1,4,3.574065,-5.472227,1.561279,0.611702,0.793410,2.012786,0.586253,-5.472227,3.574065,,,,
4,354,354.000000,agent_5,actor_logits,3,1,4,3.574064,-5.472228,1.561277,0.611702,0.793409,2.012787,0.586253,-5.472228,3.574064,,,,
4,356,356.000000,agent_0,actor_logits,0,1,4,9.700251,-6.629757,7.237112,0.005929,0.999281,9.700251,-6.629757,-5.024869,2.463139,,,,
4,356,356.000000,agent_1,actor_logits,0,1,4,9.700250,-6.629757,7.237111,0.005929,0.999281,9.700250,-6.629757,-5.024868,2.463139,,,,
4,356,356.000000,agent_2,actor_logits,0,1,4,9.700249,-6.629756,7.237110,0.005929,0.999281,9.700249,-6.629756,-5.024868,2.463139,,,,
4,356,356.000000,agent_3,actor_logits,0,1,4,9.700250,-6.629756,7.237111,0.005929,0.999281,9.700250,-6.629756,-5.024869,2.463139,,,,
4,356,356.000000,agent_4,actor_logits,0,1,4,9.700249,-6.629757,7.237110,0.005929,0.999281,9.700249,-6.629757,-5.024868,2.463139,,,,
4,356,356.000000,agent_5,actor_logits,0,1,4,9.700249,-6.629756,7.237110,0.005929,0.999281,9.700249,-6.629756,-5.024869,2.463139,,,,
4,358,358.000000,agent_0,actor_logits,1,1,4,3.405477,-3.538006,2.392558,0.302922,0.914442,1.012919,3.405477,-3.538006,-3.317748,,,,
4,358,358.000000,agent_1,actor_logits,1,1,4,3.405477,-3.538006,2.392558,0.302922,0.914442,1.012919,3.405477,-3.538006,-3.317747,,,,
4,358,358.000000,agent_2,actor_logits,1,1,4,3.405477,-3.538006,2.392558,0.302922,0.914442,1.012919,3.405477,-3.538006,-3.317747,,,,
4,358,358.000000,agent_3,actor_logits,1,1,4,3.405477,-3.538006,2.392558,0.302922,0.914442,1.012919,3.405477,-3.538006,-3.317747,,,,
4,358,358.000000,agent_4,actor_logits,1,1,4,3.405477,-3.538006,2.392558,0.302922,0.914442,1.012919,3.405477,-3.538006,-3.317748,,,,
4,358,358.000000,agent_5,actor_logits,1,1,4,3.405477,-3.538006,2.392558,0.302922,0.914442,1.012919,3.405477,-3.538006,-3.317748,,,,
4,360,360.000000,agent_0,actor_logits,0,1,4,6.913328,-10.533364,3.812434,0.116209,0.976785,6.913328,0.519596,-10.533364,3.100894,,,,
4,360,360.000000,agent_1,actor_logits,0,1,4,6.913328,-10.533364,3.812434,0.116209,0.976785,6.913328,0.519595,-10.533364,3.100894,,,,
4,360,360.000000,agent_2,actor_logits,0,1,4,6.913329,-10.533364,3.812434,0.116209,0.976785,6.913329,0.519595,-10.533364,3.100895,,,,
4,360,360.000000,agent_3,actor_logits,0,1,4,6.913328,-10.533364,3.812433,0.116209,0.976785,6.913328,0.519595,-10.533364,3.100895,,,,
4,360,360.000000,agent_4,actor_logits,0,1,4,6.913329,-10.533364,3.812434,0.116209,0.976785,6.913329,0.519594,-10.533364,3.100894,,,,
4,360,360.000000,agent_5,actor_logits,0,1,4,6.913329,-10.533365,3.812434,0.116209,0.976785,6.913329,0.519595,-10.533365,3.100895,,,,
4,362,362.000000,agent_0,actor_logits,0,1,3,10.138752,-16.583479,8.755445,0.001537,0.999842,10.138752,1.383307,-16.583479,,,,,
4,362,362.000000,agent_1,actor_logits,0,1,3,10.138752,-16.583479,8.755445,0.001537,0.999842,10.138752,1.383307,-16.583479,,,,,
4,362,362.000000,agent_2,actor_logits,0,1,3,10.138751,-16.583479,8.755444,0.001537,0.999842,10.138751,1.383307,-16.583479,,,,,
4,362,362.000000,agent_3,actor_logits,0,1,3,10.138751,-16.583479,8.755444,0.001537,0.999842,10.138751,1.383308,-16.583479,,,,,
4,362,362.000000,agent_4,actor_logits,0,1,3,10.138751,-16.583479,8.755444,0.001537,0.999842,10.138751,1.383307,-16.583479,,,,,
4,362,362.000000,agent_5,actor_logits,0,1,3,10.138751,-16.583479,8.755444,0.001537,0.999842,10.138751,1.383307,-16.583479,,,,,
4,364,364.000000,agent_0,actor_logits,0,1,2,-6.346082,-9.590167,3.244085,0.160046,0.962460,-6.346082,-9.590167,,,,,,
4,364,364.000000,agent_1,actor_logits,0,1,2,-6.346083,-9.590167,3.244084,0.160046,0.962460,-6.346083,-9.590167,,,,,,
4,364,364.000000,agent_2,actor_logits,0,1,2,-6.346083,-9.590167,3.244084,0.160046,0.962460,-6.346083,-9.590167,,,,,,
4,364,364.000000,agent_3,actor_logits,0,1,2,-6.346083,-9.590168,3.244085,0.160046,0.962460,-6.346083,-9.590168,,,,,,
4,364,364.000000,agent_4,actor_logits,0,1,2,-6.346083,-9.590167,3.244084,0.160046,0.962460,-6.346083,-9.590167,,,,,,
4,364,364.000000,agent_5,actor_logits,0,1,2,-6.346082,-9.590167,3.244085,0.160046,0.962460,-6.346082,-9.590167,,,,,,
4,366,366.000000,agent_0,actor_logits,1,1,3,2.937214,-6.042305,7.197541,0.007386,0.999126,-4.260327,2.937214,-6.042305,,,,,
4,366,366.000000,agent_1,actor_logits,1,1,3,2.937214,-6.042305,7.197542,0.007386,0.999126,-4.260328,2.937214,-6.042305,,,,,
4,366,366.000000,agent_2,actor_logits,1,1,3,2.937214,-6.042305,7.197541,0.007386,0.999126,-4.260327,2.937214,-6.042305,,,,,
4,366,366.000000,agent_3,actor_logits,1,1,3,2.937214,-6.042306,7.197540,0.007386,0.999126,-4.260326,2.937214,-6.042306,,,,,
4,366,366.000000,agent_4,actor_logits,1,1,3,2.937214,-6.042305,7.197542,0.007386,0.999126,-4.260328,2.937214,-6.042305,,,,,
4,366,366.000000,agent_5,actor_logits,1,1,3,2.937215,-6.042306,7.197542,0.007386,0.999126,-4.260328,2.937215,-6.042306,,,,,
4,368,368.000000,agent_0,actor_logits,1,1,3,7.738688,-15.840570,11.706860,0.000105,0.999992,-15.840570,7.738688,-3.968172,,,,,
4,368,368.000000,agent_1,actor_logits,1,1,3,7.738687,-15.840571,11.706859,0.000105,0.999992,-15.840571,7.738687,-3.968172,,,,,
4,368,368.000000,agent_2,actor_logits,1,1,3,7.738687,-15.840570,11.706859,0.000105,0.999992,-15.840570,7.738687,-3.968171,,,,,
4,368,368.000000,agent_3,actor_logits,1,1,3,7.738688,-15.840570,11.706861,0.000105,0.999992,-15.840570,7.738688,-3.968173,,,,,
4,368,368.000000,agent_4,actor_logits,1,1,3,7.738688,-15.840571,11.706860,0.000105,0.999992,-15.840571,7.738688,-3.968172,,,,,
4,368,368.000000,agent_5,actor_logits,1,1,3,7.738688,-15.840571,11.706860,0.000105,0.999992,-15.840571,7.738688,-3.968171,,,,,
4,370,370.000000,agent_0,actor_logits,1,1,3,7.262914,-20.635607,7.344644,0.005388,0.999354,-20.635607,7.262914,-0.081730,,,,,
4,370,370.000000,agent_1,actor_logits,1,1,3,7.262914,-20.635607,7.344643,0.005388,0.999354,-20.635607,7.262914,-0.081730,,,,,
4,370,370.000000,agent_2,actor_logits,1,1,3,7.262914,-20.635607,7.344643,0.005388,0.999354,-20.635607,7.262914,-0.081729,,,,,
4,370,370.000000,agent_3,actor_logits,1,1,3,7.262914,-20.635605,7.344645,0.005388,0.999354,-20.635605,7.262914,-0.081730,,,,,
4,370,370.000000,agent_4,actor_logits,1,1,3,7.262914,-20.635607,7.344644,0.005388,0.999354,-20.635607,7.262914,-0.081730,,,,,
4,370,370.000000,agent_5,actor_logits,1,1,3,7.262913,-20.635607,7.344642,0.005388,0.999354,-20.635607,7.262913,-0.081729,,,,,
4,372,372.000000,agent_0,actor_logits,1,1,3,7.269520,-22.184240,4.101808,0.083158,0.983726,-22.184240,7.269520,3.167713,,,,,
4,372,372.000000,agent_1,actor_logits,1,1,3,7.269520,-22.184244,4.101807,0.083158,0.983726,-22.184244,7.269520,3.167713,,,,,
4,372,372.000000,agent_2,actor_logits,1,1,3,7.269519,-22.184242,4.101806,0.083158,0.983726,-22.184242,7.269519,3.167713,,,,,
4,372,372.000000,agent_3,actor_logits,1,1,3,7.269520,-22.184242,4.101808,0.083158,0.983726,-22.184242,7.269520,3.167713,,,,,
4,372,372.000000,agent_4,actor_logits,1,1,3,7.269520,-22.184240,4.101807,0.083158,0.983726,-22.184240,7.269520,3.167713,,,,,
4,372,372.000000,agent_5,actor_logits,1,1,3,7.269519,-22.184242,4.101806,0.083158,0.983726,-22.184242,7.269519,3.167714,,,,,
4,374,374.000000,agent_0,actor_logits,2,1,3,9.455441,-18.452814,10.036366,0.000483,0.999956,-18.452814,-0.580925,9.455441,,,,,
4,374,374.000000,agent_1,actor_logits,2,1,3,9.455441,-18.452814,10.036366,0.000483,0.999956,-18.452814,-0.580925,9.455441,,,,,
4,374,374.000000,agent_2,actor_logits,2,1,3,9.455441,-18.452814,10.036367,0.000483,0.999956,-18.452814,-0.580926,9.455441,,,,,
4,374,374.000000,agent_3,actor_logits,2,1,3,9.455441,-18.452814,10.036366,0.000483,0.999956,-18.452814,-0.580925,9.455441,,,,,
4,374,374.000000,agent_4,actor_logits,2,1,3,9.455441,-18.452814,10.036366,0.000483,0.999956,-18.452814,-0.580925,9.455441,,,,,
4,374,374.000000,agent_5,actor_logits,2,1,3,9.455441,-18.452812,10.036366,0.000483,0.999956,-18.452812,-0.580926,9.455441,,,,,
4,376,376.000000,agent_0,actor_logits,3,1,4,8.834150,-6.874563,6.328249,0.013318,0.998196,-6.874563,2.505901,-1.901335,8.834150,,,,
4,376,376.000000,agent_1,actor_logits,3,1,4,8.834150,-6.874563,6.328249,0.013318,0.998196,-6.874563,2.505901,-1.901335,8.834150,,,,
4,376,376.000000,agent_2,actor_logits,3,1,4,8.834150,-6.874563,6.328250,0.013318,0.998196,-6.874563,2.505901,-1.901334,8.834150,,,,
4,376,376.000000,agent_3,actor_logits,3,1,4,8.834150,-6.874563,6.328249,0.013318,0.998196,-6.874563,2.505901,-1.901335,8.834150,,,,
4,376,376.000000,agent_4,actor_logits,3,1,4,8.834151,-6.874563,6.328250,0.013318,0.998196,-6.874563,2.505901,-1.901335,8.834151,,,,
4,376,376.000000,agent_5,actor_logits,3,1,4,8.834150,-6.874563,6.328250,0.013318,0.998196,-6.874563,2.505900,-1.901334,8.834150,,,,
4,378,378.000000,agent_0,actor_logits,3,1,4,5.698453,-3.324697,5.296511,0.041086,0.993812,-1.116619,0.401942,-3.324697,5.698453,,,,
4,378,378.000000,agent_1,actor_logits,3,1,4,5.698453,-3.324697,5.296511,0.041086,0.993812,-1.116619,0.401942,-3.324697,5.698453,,,,
4,378,378.000000,agent_2,actor_logits,3,1,4,5.698453,-3.324697,5.296512,0.041086,0.993812,-1.116619,0.401942,-3.324697,5.698453,,,,
4,378,378.000000,agent_3,actor_logits,3,1,4,5.698453,-3.324697,5.296511,0.041086,0.993812,-1.116619,0.401943,-3.324697,5.698453,,,,
4,378,378.000000,agent_4,actor_logits,3,1,4,5.698453,-3.324696,5.296511,0.041086,0.993812,-1.116619,0.401942,-3.324696,5.698453,,,,
4,378,378.000000,agent_5,actor_logits,3,1,4,5.698454,-3.324697,5.296512,0.041086,0.993812,-1.116619,0.401942,-3.324697,5.698454,,,,
4,380,380.000000,agent_0,actor_logits,1,1,4,3.807899,-5.966308,2.624358,0.467648,0.873545,1.183541,3.807899,-5.966308,1.179826,,,,
4,380,380.000000,agent_1,actor_logits,1,1,4,3.807899,-5.966307,2.624358,0.467649,0.873545,1.183541,3.807899,-5.966307,1.179827,,,,
4,380,380.000000,agent_2,actor_logits,1,1,4,3.807898,-5.966307,2.624357,0.467649,0.873545,1.183541,3.807898,-5.966307,1.179827,,,,
4,380,380.000000,agent_3,actor_logits,1,1,4,3.807899,-5.966308,2.624357,0.467649,0.873545,1.183541,3.807899,-5.966308,1.179827,,,,
4,380,380.000000,agent_4,actor_logits,1,1,4,3.807899,-5.966307,2.624357,0.467649,0.873545,1.183541,3.807899,-5.966307,1.179826,,,,
4,380,380.000000,agent_5,actor_logits,1,1,4,3.807898,-5.966307,2.624357,0.467649,0.873545,1.183541,3.807898,-5.966307,1.179827,,,,
4,382,382.000000,agent_0,actor_logits,0,1,4,7.076458,-10.341908,4.717752,0.071069,0.988150,7.076458,2.358707,-10.341908,1.286263,,,,
4,382,382.000000,agent_1,actor_logits,0,1,4,7.076459,-10.341908,4.717752,0.071069,0.988150,7.076459,2.358706,-10.341908,1.286263,,,,
4,382,382.000000,agent_2,actor_logits,0,1,4,7.076458,-10.341908,4.717752,0.071069,0.988150,7.076458,2.358706,-10.341908,1.286263,,,,
4,382,382.000000,agent_3,actor_logits,0,1,4,7.076458,-10.341908,4.717752,0.071069,0.988150,7.076458,2.358706,-10.341908,1.286263,,,,
4,382,382.000000,agent_4,actor_logits,0,1,4,7.076459,-10.341908,4.717752,0.071069,0.988150,7.076459,2.358707,-10.341908,1.286263,,,,
4,382,382.000000,agent_5,actor_logits,0,1,4,7.076459,-10.341908,4.717753,0.071069,0.988150,7.076459,2.358706,-10.341908,1.286263,,,,
4,384,384.000000,agent_0,actor_logits,0,1,4,10.539557,-11.586422,6.752076,0.009088,0.998830,10.539557,-11.586422,-2.217046,3.787480,,,,
4,384,384.000000,agent_1,actor_logits,0,1,4,10.539557,-11.586422,6.752077,0.009088,0.998830,10.539557,-11.586422,-2.217047,3.787481,,,,
4,384,384.000000,agent_2,actor_logits,0,1,4,10.539557,-11.586422,6.752077,0.009088,0.998830,10.539557,-11.586422,-2.217046,3.787480,,,,
4,384,384.000000,agent_3,actor_logits,0,1,4,10.539557,-11.586422,6.752077,0.009088,0.998830,10.539557,-11.586422,-2.217047,3.787480,,,,
4,384,384.000000,agent_4,actor_logits,0,1,4,10.539557,-11.586422,6.752076,0.009088,0.998830,10.539557,-11.586422,-2.217046,3.787480,,,,
4,384,384.000000,agent_5,actor_logits,0,1,4,10.539557,-11.586422,6.752077,0.009088,0.998830,10.539557,-11.586422,-2.217046,3.787480,,,,
4,386,386.000000,agent_0,actor_logits,3,1,4,4.049204,-4.736596,0.521825,0.666804,0.627044,-4.736596,-2.679590,3.527379,4.049204,,,,
4,386,386.000000,agent_1,actor_logits,3,1,4,4.049204,-4.736597,0.521825,0.666804,0.627044,-4.736597,-2.679590,3.527379,4.049204,,,,
4,386,386.000000,agent_2,actor_logits,3,1,4,4.049205,-4.736596,0.521826,0.666804,0.627044,-4.736596,-2.679590,3.527379,4.049205,,,,
4,386,386.000000,agent_3,actor_logits,3,1,4,4.049204,-4.736597,0.521825,0.666804,0.627043,-4.736597,-2.679589,3.527379,4.049204,,,,
4,386,386.000000,agent_4,actor_logits,3,1,4,4.049204,-4.736596,0.521825,0.666804,0.627044,-4.736596,-2.679590,3.527379,4.049204,,,,
4,386,386.000000,agent_5,actor_logits,3,1,4,4.049204,-4.736596,0.521824,0.666804,0.627043,-4.736596,-2.679590,3.527380,4.049204,,,,
4,388,388.000000,agent_0,actor_logits,0,1,4,7.560338,-7.455149,5.132248,0.036521,0.994085,7.560338,-2.405314,-7.455149,2.428089,,,,
4,388,388.000000,agent_1,actor_logits,0,1,4,7.560338,-7.455149,5.132248,0.036521,0.994085,7.560338,-2.405314,-7.455149,2.428090,,,,
4,388,388.000000,agent_2,actor_logits,0,1,4,7.560338,-7.455149,5.132247,0.036521,0.994085,7.560338,-2.405314,-7.455149,2.428090,,,,
4,388,388.000000,agent_3,actor_logits,0,1,4,7.560337,-7.455149,5.132247,0.036521,0.994085,7.560337,-2.405314,-7.455149,2.428090,,,,
4,388,388.000000,agent_4,actor_logits,0,1,4,7.560338,-7.455149,5.132247,0.036521,0.994085,7.560338,-2.405315,-7.455149,2.428090,,,,
4,388,388.000000,agent_5,actor_logits,0,1,4,7.560338,-7.455149,5.132249,0.036521,0.994085,7.560338,-2.405315,-7.455149,2.428090,,,,
4,390,390.000000,agent_0,actor_logits,2,1,4,2.661294,-2.857750,1.789434,0.488326,0.844435,-1.669356,-2.857750,2.661294,0.871860,,,,
4,390,390.000000,agent_1,actor_logits,2,1,4,2.661294,-2.857750,1.789433,0.488326,0.844435,-1.669356,-2.857750,2.661294,0.871860,,,,
4,390,390.000000,agent_2,actor_logits,2,1,4,2.661294,-2.857751,1.789434,0.488326,0.844435,-1.669356,-2.857751,2.661294,0.871860,,,,
4,390,390.000000,agent_3,actor_logits,2,1,4,2.661293,-2.857750,1.789433,0.488326,0.844435,-1.669355,-2.857750,2.661293,0.871861,,,,
4,390,390.000000,agent_4,actor_logits,2,1,4,2.661294,-2.857751,1.789433,0.488326,0.844435,-1.669356,-2.857751,2.661294,0.871861,,,,
4,390,390.000000,agent_5,actor_logits,2,1,4,2.661295,-2.857751,1.789435,0.488326,0.844435,-1.669356,-2.857751,2.661295,0.871860,,,,
4,392,392.000000,agent_0,actor_logits,0,1,4,13.444401,-10.843525,13.133743,0.000029,0.999998,13.444401,-10.843525,-3.188542,0.310658,,,,
4,392,392.000000,agent_1,actor_logits,0,1,4,13.444401,-10.843525,13.133743,0.000029,0.999998,13.444401,-10.843525,-3.188543,0.310657,,,,
4,392,392.000000,agent_2,actor_logits,0,1,4,13.444401,-10.843523,13.133743,0.000029,0.999998,13.444401,-10.843523,-3.188542,0.310657,,,,
4,392,392.000000,agent_3,actor_logits,0,1,4,13.444401,-10.843525,13.133743,0.000029,0.999998,13.444401,-10.843525,-3.188543,0.310657,,,,
4,392,392.000000,agent_4,actor_logits,0,1,4,13.444399,-10.843524,13.133741,0.000029,0.999998,13.444399,-10.843524,-3.188542,0.310658,,,,
4,392,392.000000,agent_5,actor_logits,0,1,4,13.444401,-10.843525,13.133743,0.000029,0.999998,13.444401,-10.843525,-3.188542,0.310658,,,,
4,394,394.000000,agent_0,actor_logits,1,1,3,9.082466,-7.437289,15.714726,0.000004,1.000000,-7.437289,9.082466,-6.632260,,,,,
4,394,394.000000,agent_1,actor_logits,1,1,3,9.082466,-7.437289,15.714726,0.000004,1.000000,-7.437289,9.082466,-6.632260,,,,,
4,394,394.000000,agent_2,actor_logits,1,1,3,9.082466,-7.437289,15.714725,0.000004,1.000000,-7.437289,9.082466,-6.632260,,,,,
4,394,394.000000,agent_3,actor_logits,1,1,3,9.082465,-7.437289,15.714725,0.000004,1.000000,-7.437289,9.082465,-6.632260,,,,,
4,394,394.000000,agent_4,actor_logits,1,1,3,9.082467,-7.437290,15.714727,0.000004,1.000000,-7.437290,9.082467,-6.632260,,,,,
4,394,394.000000,agent_5,actor_logits,1,1,3,9.082466,-7.437289,15.714725,0.000004,1.000000,-7.437289,9.082466,-6.632259,,,,,
4,396,396.000000,agent_0,actor_logits,1,1,3,10.826258,-13.363622,17.410025,0.000000,1.000000,-13.363622,10.826258,-6.583766,,,,,
4,396,396.000000,agent_1,actor_logits,1,1,3,10.826259,-13.363622,17.410025,0.000000,1.000000,-13.363622,10.826259,-6.583766,,,,,
4,396,396.000000,agent_2,actor_logits,1,1,3,10.826259,-13.363622,17.410025,0.000000,1.000000,-13.363622,10.826259,-6.583766,,,,,
4,396,396.000000,agent_3,actor_logits,1,1,3,10.826258,-13.363622,17.410023,0.000000,1.000000,-13.363622,10.826258,-6.583766,,,,,
4,396,396.000000,agent_4,actor_logits,1,1,3,10.826259,-13.363623,17.410025,0.000000,1.000000,-13.363623,10.826259,-6.583766,,,,,
4,396,396.000000,agent_5,actor_logits,1,1,3,10.826259,-13.363622,17.410025,0.000000,1.000000,-13.363622,10.826259,-6.583766,,,,,
4,398,398.000000,agent_0,actor_logits,2,1,4,7.412296,-4.538865,9.163799,0.001564,0.999852,-2.788464,-4.538865,7.412296,-1.751503,,,,
4,398,398.000000,agent_1,actor_logits,2,1,4,7.412296,-4.538866,9.163800,0.001564,0.999852,-2.788464,-4.538866,7.412296,-1.751504,,,,
4,398,398.000000,agent_2,actor_logits,2,1,4,7.412296,-4.538866,9.163799,0.001564,0.999852,-2.788464,-4.538866,7.412296,-1.751504,,,,
4,398,398.000000,agent_3,actor_logits,2,1,4,7.412296,-4.538865,9.163800,0.001564,0.999852,-2.788464,-4.538865,7.412296,-1.751504,,,,
4,398,398.000000,agent_4,actor_logits,2,1,4,7.412296,-4.538865,9.163800,0.001564,0.999852,-2.788464,-4.538865,7.412296,-1.751504,,,,
4,398,398.000000,agent_5,actor_logits,2,1,4,7.412296,-4.538865,9.163800,0.001564,0.999852,-2.788464,-4.538865,7.412296,-1.751504,,,,
4,400,400.000000,agent_0,actor_logits,1,1,4,5.124635,-9.313542,1.437546,0.490158,0.807977,-3.686232,5.124635,3.687089,-9.313542,,,,
4,400,400.000000,agent_1,actor_logits,1,1,4,5.124635,-9.313542,1.437546,0.490158,0.807977,-3.686233,5.124635,3.687089,-9.313542,,,,
4,400,400.000000,agent_2,actor_logits,1,1,4,5.124635,-9.313542,1.437546,0.490158,0.807977,-3.686232,5.124635,3.687089,-9.313542,,,,
4,400,400.000000,agent_3,actor_logits,1,1,4,5.124636,-9.313543,1.437547,0.490158,0.807977,-3.686232,5.124636,3.687088,-9.313543,,,,
4,400,400.000000,agent_4,actor_logits,1,1,4,5.124637,-9.313543,1.437549,0.490158,0.807977,-3.686232,5.124637,3.687088,-9.313543,,,,
4,400,400.000000,agent_5,actor_logits,1,1,4,5.124635,-9.313543,1.437547,0.490158,0.807977,-3.686232,5.124635,3.687088,-9.313543,,,,
4,402,402.000000,agent_0,actor_logits,0,1,4,9.145432,-6.432041,6.632211,0.010065,0.998683,9.145432,-4.302120,-6.432041,2.513221,,,,
4,402,402.000000,agent_1,actor_logits,0,1,4,9.145432,-6.432041,6.632211,0.010065,0.998683,9.145432,-4.302120,-6.432041,2.513221,,,,
4,402,402.000000,agent_2,actor_logits,0,1,4,9.145432,-6.432041,6.632211,0.010065,0.998683,9.145432,-4.302120,-6.432041,2.513221,,,,
4,402,402.000000,agent_3,actor_logits,0,1,4,9.145432,-6.432040,6.632211,0.010065,0.998683,9.145432,-4.302120,-6.432040,2.513221,,,,
4,402,402.000000,agent_4,actor_logits,0,1,4,9.145432,-6.432041,6.632211,0.010065,0.998683,9.145432,-4.302119,-6.432041,2.513221,,,,
4,402,402.000000,agent_5,actor_logits,0,1,4,9.145432,-6.432041,6.632211,0.010065,0.998683,9.145432,-4.302120,-6.432041,2.513220,,,,
4,404,404.000000,agent_0,actor_logits,0,1,4,10.489532,-10.457411,8.073728,0.002882,0.999684,10.489532,-10.457411,-1.913503,2.415804,,,,
4,404,404.000000,agent_1,actor_logits,0,1,4,10.489532,-10.457411,8.073729,0.002882,0.999684,10.489532,-10.457411,-1.913502,2.415804,,,,
4,404,404.000000,agent_2,actor_logits,0,1,4,10.489532,-10.457411,8.073729,0.002882,0.999684,10.489532,-10.457411,-1.913503,2.415804,,,,
4,404,404.000000,agent_3,actor_logits,0,1,4,10.489532,-10.457411,8.073729,0.002882,0.999684,10.489532,-10.457411,-1.913502,2.415804,,,,
4,404,404.000000,agent_4,actor_logits,0,1,4,10.489532,-10.457411,8.073729,0.002882,0.999684,10.489532,-10.457411,-1.913503,2.415804,,,,
4,404,404.000000,agent_5,actor_logits,0,1,4,10.489532,-10.457411,8.073729,0.002882,0.999684,10.489532,-10.457411,-1.913503,2.415804,,,,
4,406,406.000000,agent_0,actor_logits,0,1,3,1.272117,-6.985832,0.355293,0.679002,0.587811,1.272117,0.916824,-6.985832,,,,,
4,406,406.000000,agent_1,actor_logits,0,1,3,1.272118,-6.985832,0.355294,0.679002,0.587811,1.272118,0.916824,-6.985832,,,,,
4,406,406.000000,agent_2,actor_logits,0,1,3,1.272118,-6.985832,0.355294,0.679002,0.587811,1.272118,0.916824,-6.985832,,,,,
4,406,406.000000,agent_3,actor_logits,0,1,3,1.272118,-6.985832,0.355294,0.679002,0.587811,1.272118,0.916823,-6.985832,,,,,
4,406,406.000000,agent_4,actor_logits,0,1,3,1.272118,-6.985832,0.355294,0.679002,0.587811,1.272118,0.916824,-6.985832,,,,,
4,406,406.000000,agent_5,actor_logits,0,1,3,1.272118,-6.985832,0.355294,0.679002,0.587811,1.272118,0.916824,-6.985832,,,,,
4,408,408.000000,agent_0,actor_logits,0,1,3,5.622556,-6.270394,9.215221,0.001105,0.999894,5.622556,-3.592666,-6.270394,,,,,
4,408,408.000000,agent_1,actor_logits,0,1,3,5.622555,-6.270393,9.215220,0.001105,0.999894,5.622555,-3.592665,-6.270393,,,,,
4,408,408.000000,agent_2,actor_logits,0,1,3,5.622555,-6.270393,9.215221,0.001105,0.999894,5.622555,-3.592666,-6.270393,,,,,
4,408,408.000000,agent_3,actor_logits,0,1,3,5.622556,-6.270393,9.215221,0.001105,0.999894,5.622556,-3.592666,-6.270393,,,,,
4,408,408.000000,agent_4,actor_logits,0,1,3,5.622556,-6.270393,9.215222,0.001105,0.999894,5.622556,-3.592666,-6.270393,,,,,
4,408,408.000000,agent_5,actor_logits,0,1,3,5.622555,-6.270393,9.215221,0.001105,0.999894,5.622555,-3.592666,-6.270393,,,,,
4,410,410.000000,agent_0,actor_logits,0,1,3,3.339480,-4.004940,5.756824,0.026657,0.996207,3.339480,-4.004940,-2.417344,,,,,
4,410,410.000000,agent_1,actor_logits,0,1,3,3.339480,-4.004940,5.756824,0.026657,0.996207,3.339480,-4.004940,-2.417344,,,,,
4,410,410.000000,agent_2,actor_logits,0,1,3,3.339479,-4.004941,5.756824,0.026657,0.996207,3.339479,-4.004941,-2.417344,,,,,
4,410,410.000000,agent_3,actor_logits,0,1,3,3.339480,-4.004940,5.756824,0.026657,0.996207,3.339480,-4.004940,-2.417344,,,,,
4,410,410.000000,agent_4,actor_logits,0,1,3,3.339480,-4.004941,5.756824,0.026657,0.996207,3.339480,-4.004941,-2.417344,,,,,
4,410,410.000000,agent_5,actor_logits,0,1,3,3.339479,-4.004941,5.756824,0.026657,0.996207,3.339479,-4.004941,-2.417344,,,,,
4,412,412.000000,agent_0,actor_logits,1,1,3,2.268236,-7.121553,2.341107,0.298136,0.912155,-0.072871,2.268236,-7.121553,,,,,
4,412,412.000000,agent_1,actor_logits,1,1,3,2.268237,-7.121554,2.341107,0.298136,0.912155,-0.072870,2.268237,-7.121554,,,,,
4,412,412.000000,agent_2,actor_logits,1,1,3,2.268237,-7.121554,2.341108,0.298136,0.912155,-0.072872,2.268237,-7.121554,,,,,
4,412,412.000000,agent_3,actor_logits,1,1,3,2.268237,-7.121554,2.341108,0.298136,0.912155,-0.072871,2.268237,-7.121554,,,,,
4,412,412.000000,agent_4,actor_logits,1,1,3,2.268237,-7.121554,2.341107,0.298136,0.912155,-0.072870,2.268237,-7.121554,,,,,
4,412,412.000000,agent_5,actor_logits,1,1,3,2.268237,-7.121553,2.341109,0.298136,0.912155,-0.072872,2.268237,-7.121553,,,,,
4,414,414.000000,agent_0,actor_logits,2,1,3,-0.364147,-3.571738,0.970983,0.700613,0.704640,-3.571738,-1.335129,-0.364147,,,,,
4,414,414.000000,agent_1,actor_logits,2,1,3,-0.364146,-3.571739,0.970983,0.700613,0.704640,-3.571739,-1.335129,-0.364146,,,,,
4,414,414.000000,agent_2,actor_logits,2,1,3,-0.364147,-3.571739,0.970982,0.700614,0.704640,-3.571739,-1.335129,-0.364147,,,,,
4,414,414.000000,agent_3,actor_logits,2,1,3,-0.364147,-3.571739,0.970982,0.700613,0.704640,-3.571739,-1.335128,-0.364147,,,,,
4,414,414.000000,agent_4,actor_logits,2,1,3,-0.364147,-3.571738,0.970982,0.700614,0.704640,-3.571738,-1.335129,-0.364147,,,,,
4,414,414.000000,agent_5,actor_logits,2,1,3,-0.364147,-3.571739,0.970982,0.700613,0.704640,-3.571739,-1.335129,-0.364147,,,,,
4,416,416.000000,agent_0,actor_logits,3,1,4,3.662488,-6.131490,2.332704,0.556394,0.837684,-6.131490,1.326126,1.329784,3.662488,,,,
4,416,416.000000,agent_1,actor_logits,3,1,4,3.662489,-6.131491,2.332704,0.556394,0.837684,-6.131491,1.326125,1.329785,3.662489,,,,
4,416,416.000000,agent_2,actor_logits,3,1,4,3.662489,-6.131492,2.332704,0.556394,0.837684,-6.131492,1.326125,1.329786,3.662489,,,,
4,416,416.000000,agent_3,actor_logits,3,1,4,3.662490,-6.131491,2.332705,0.556394,0.837684,-6.131491,1.326125,1.329785,3.662490,,,,
4,416,416.000000,agent_4,actor_logits,3,1,4,3.662488,-6.131491,2.332704,0.556394,0.837684,-6.131491,1.326126,1.329785,3.662488,,,,
4,416,416.000000,agent_5,actor_logits,3,1,4,3.662489,-6.131491,2.332703,0.556394,0.837684,-6.131491,1.326125,1.329786,3.662489,,,,
4,418,418.000000,agent_0,actor_logits,0,1,4,5.849986,-6.971155,2.069605,0.355635,0.887390,5.849986,-6.971155,-1.471358,3.780381,,,,
4,418,418.000000,agent_1,actor_logits,0,1,4,5.849985,-6.971156,2.069604,0.355635,0.887390,5.849985,-6.971156,-1.471357,3.780381,,,,
4,418,418.000000,agent_2,actor_logits,0,1,4,5.849985,-6.971156,2.069602,0.355636,0.887390,5.849985,-6.971156,-1.471357,3.780383,,,,
4,418,418.000000,agent_3,actor_logits,0,1,4,5.849985,-6.971156,2.069603,0.355635,0.887390,5.849985,-6.971156,-1.471357,3.780382,,,,
4,418,418.000000,agent_4,actor_logits,0,1,4,5.849986,-6.971156,2.069604,0.355635,0.887390,5.849986,-6.971156,-1.471358,3.780382,,,,
4,418,418.000000,agent_5,actor_logits,0,1,4,5.849985,-6.971156,2.069602,0.355635,0.887390,5.849985,-6.971156,-1.471357,3.780382,,,,
4,420,420.000000,agent_0,actor_logits,2,1,4,3.489856,-5.484313,2.516996,0.401215,0.895194,-5.484313,0.172492,3.489856,0.972860,,,,
4,420,420.000000,agent_1,actor_logits,2,1,4,3.489857,-5.484313,2.516998,0.401215,0.895194,-5.484313,0.172492,3.489857,0.972859,,,,
4,420,420.000000,agent_2,actor_logits,2,1,4,3.489858,-5.484313,2.516999,0.401215,0.895194,-5.484313,0.172491,3.489858,0.972859,,,,
4,420,420.000000,agent_3,actor_logits,2,1,4,3.489856,-5.484313,2.516998,0.401215,0.895194,-5.484313,0.172492,3.489856,0.972859,,,,
4,420,420.000000,agent_4,actor_logits,2,1,4,3.489856,-5.484312,2.516996,0.401215,0.895194,-5.484312,0.172493,3.489856,0.972860,,,,
4,420,420.000000,agent_5,actor_logits,2,1,4,3.489857,-5.484313,2.516998,0.401215,0.895194,-5.484313,0.172492,3.489857,0.972859,,,,
4,422,422.000000,agent_0,actor_logits,0,1,4,6.358044,-9.860520,3.402466,0.162602,0.964838,6.358044,-9.860520,0.598336,2.955579,,,,
4,422,422.000000,agent_1,actor_logits,0,1,4,6.358043,-9.860519,3.402465,0.162602,0.964838,6.358043,-9.860519,0.598336,2.955578,,,,
4,422,422.000000,agent_2,actor_logits,0,1,4,6.358043,-9.860519,3.402466,0.162602,0.964838,6.358043,-9.860519,0.598337,2.955577,,,,
4,422,422.000000,agent_3,actor_logits,0,1,4,6.358044,-9.860519,3.402466,0.162602,0.964838,6.358044,-9.860519,0.598336,2.955578,,,,
4,422,422.000000,agent_4,actor_logits,0,1,4,6.358045,-9.860519,3.402466,0.162602,0.964838,6.358045,-9.860519,0.598336,2.955579,,,,
4,422,422.000000,agent_5,actor_logits,0,1,4,6.358044,-9.860519,3.402466,0.162602,0.964838,6.358044,-9.860519,0.598336,2.955578,,,,
4,424,424.000000,agent_0,actor_logits,1,1,3,6.020148,-6.995150,12.096533,0.000104,0.999992,-6.995150,6.020148,-6.076384,,,,,
4,424,424.000000,agent_1,actor_logits,1,1,3,6.020149,-6.995150,12.096532,0.000104,0.999992,-6.995150,6.020149,-6.076383,,,,,
4,424,424.000000,agent_2,actor_logits,1,1,3,6.020148,-6.995150,12.096533,0.000104,0.999992,-6.995150,6.020148,-6.076384,,,,,
4,424,424.000000,agent_3,actor_logits,1,1,3,6.020149,-6.995149,12.096533,0.000104,0.999992,-6.995149,6.020149,-6.076384,,,,,
4,424,424.000000,agent_4,actor_logits,1,1,3,6.020149,-6.995150,12.096534,0.000104,0.999992,-6.995150,6.020149,-6.076385,,,,,
4,424,424.000000,agent_5,actor_logits,1,1,3,6.020149,-6.995149,12.096533,0.000104,0.999992,-6.995149,6.020149,-6.076384,,,,,
4,426,426.000000,agent_0,actor_logits,1,1,3,9.264711,-13.574733,14.426214,0.000008,0.999999,-13.574733,9.264711,-5.161503,,,,,
4,426,426.000000,agent_1,actor_logits,1,1,3,9.264711,-13.574733,14.426214,0.000008,0.999999,-13.574733,9.264711,-5.161502,,,,,
4,426,426.000000,agent_2,actor_logits,1,1,3,9.264712,-13.574734,14.426216,0.000008,0.999999,-13.574734,9.264712,-5.161503,,,,,
4,426,426.000000,agent_3,actor_logits,1,1,3,9.264710,-13.574731,14.426212,0.000008,0.999999,-13.574731,9.264710,-5.161502,,,,,
4,426,426.000000,agent_4,actor_logits,1,1,3,9.264711,-13.574733,14.426214,0.000008,0.999999,-13.574733,9.264711,-5.161503,,,,,
4,426,426.000000,agent_5,actor_logits,1,1,3,9.264711,-13.574733,14.426214,0.000008,0.999999,-13.574733,9.264711,-5.161502,,,,,
4,428,428.000000,agent_0,actor_logits,1,1,3,9.078728,-17.195107,11.206780,0.000166,0.999986,-17.195107,9.078728,-2.128052,,,,,
4,428,428.000000,agent_1,actor_logits,1,1,3,9.078728,-17.195107,11.206780,0.000166,0.999986,-17.195107,9.078728,-2.128052,,,,,
4,428,428.000000,agent_2,actor_logits,1,1,3,9.078729,-17.195105,11.206781,0.000166,0.999986,-17.195105,9.078729,-2.128053,,,,,
4,428,428.000000,agent_3,actor_logits,1,1,3,9.078728,-17.195107,11.206779,0.000166,0.999986,-17.195107,9.078728,-2.128052,,,,,
4,428,428.000000,agent_4,actor_logits,1,1,3,9.078728,-17.195105,11.206779,0.000166,0.999986,-17.195105,9.078728,-2.128052,,,,,
4,428,428.000000,agent_5,actor_logits,1,1,3,9.078729,-17.195107,11.206781,0.000166,0.999986,-17.195107,9.078729,-2.128053,,,,,
4,430,430.000000,agent_0,actor_logits,2,1,4,7.760660,-6.531042,4.417756,0.064709,0.988077,-4.504454,-6.531042,7.760660,3.342904,,,,
4,430,430.000000,agent_1,actor_logits,2,1,4,7.760661,-6.531043,4.417757,0.064709,0.988077,-4.504454,-6.531043,7.760661,3.342904,,,,
4,430,430.000000,agent_2,actor_logits,2,1,4,7.760660,-6.531042,4.417756,0.064709,0.988077,-4.504454,-6.531042,7.760660,3.342904,,,,
4,430,430.000000,agent_3,actor_logits,2,1,4,7.760661,-6.531043,4.417758,0.064709,0.988077,-4.504455,-6.531043,7.760661,3.342904,,,,
4,430,430.000000,agent_4,actor_logits,2,1,4,7.760660,-6.531042,4.417756,0.064709,0.988077,-4.504455,-6.531042,7.760660,3.342904,,,,
4,430,430.000000,agent_5,actor_logits,2,1,4,7.760660,-6.531042,4.417755,0.064709,0.988077,-4.504454,-6.531042,7.760660,3.342904,,,,
4,432,432.000000,agent_0,actor_logits,2,1,4,6.470054,-6.602608,4.826760,0.046883,0.992003,-6.602608,1.643294,6.470054,-3.501234,,,,
4,432,432.000000,agent_1,actor_logits,2,1,4,6.470055,-6.602609,4.826761,0.046883,0.992003,-6.602609,1.643294,6.470055,-3.501234,,,,
4,432,432.000000,agent_2,actor_logits,2,1,4,6.470055,-6.602609,4.826761,0.046883,0.992003,-6.602609,1.643294,6.470055,-3.501234,,,,
4,432,432.000000,agent_3,actor_logits,2,1,4,6.470056,-6.602609,4.826763,0.046883,0.992003,-6.602609,1.643293,6.470056,-3.501234,,,,
4,432,432.000000,agent_4,actor_logits,2,1,4,6.470055,-6.602609,4.826761,0.046883,0.992003,-6.602609,1.643294,6.470055,-3.501234,,,,
4,432,432.000000,agent_5,actor_logits,2,1,4,6.470054,-6.602609,4.826760,0.046883,0.992003,-6.602609,1.643294,6.470054,-3.501234,,,,
4,434,434.000000,agent_0,actor_logits,2,1,4,3.794095,-9.516473,2.458835,0.380303,0.899666,0.143927,1.335259,3.794095,-9.516473,,,,
4,434,434.000000,agent_1,actor_logits,2,1,4,3.794095,-9.516473,2.458836,0.380303,0.899667,0.143927,1.335259,3.794095,-9.516473,,,,
4,434,434.000000,agent_2,actor_logits,2,1,4,3.794095,-9.516473,2.458836,0.380303,0.899667,0.143927,1.335259,3.794095,-9.516473,,,,
4,434,434.000000,agent_3,actor_logits,2,1,4,3.794096,-9.516473,2.458838,0.380303,0.899667,0.143927,1.335258,3.794096,-9.516473,,,,
4,434,434.000000,agent_4,actor_logits,2,1,4,3.794095,-9.516473,2.458835,0.380303,0.899667,0.143927,1.335260,3.794095,-9.516473,,,,
4,434,434.000000,agent_5,actor_logits,2,1,4,3.794094,-9.516473,2.458835,0.380304,0.899666,0.143928,1.335259,3.794094,-9.516473,,,,
4,436,436.000000,agent_0,actor_logits,0,1,4,3.042723,-12.978694,0.399507,1.011260,0.499207,3.042723,2.643216,1.941691,-12.978694,,,,
4,436,436.000000,agent_1,actor_logits,0,1,4,3.042724,-12.978693,0.399508,1.011260,0.499207,3.042724,2.643216,1.941691,-12.978693,,,,
4,436,436.000000,agent_2,actor_logits,0,1,4,3.042724,-12.978694,0.399508,1.011260,0.499207,3.042724,2.643216,1.941691,-12.978694,,,,
4,436,436.000000,agent_3,actor_logits,0,1,4,3.042724,-12.978694,0.399508,1.011260,0.499207,3.042724,2.643216,1.941692,-12.978694,,,,
4,436,436.000000,agent_4,actor_logits,0,1,4,3.042724,-12.978693,0.399508,1.011260,0.499207,3.042724,2.643216,1.941691,-12.978693,,,,
4,436,436.000000,agent_5,actor_logits,0,1,4,3.042724,-12.978693,0.399508,1.011259,0.499207,3.042724,2.643216,1.941691,-12.978693,,,,
4,438,438.000000,agent_0,actor_logits,1,1,4,9.886553,-10.745996,10.333168,0.000396,0.999966,-0.446615,9.886553,-3.256636,-10.745996,,,,
4,438,438.000000,agent_1,actor_logits,1,1,4,9.886553,-10.745996,10.333167,0.000396,0.999966,-0.446615,9.886553,-3.256636,-10.745996,,,,
4,438,438.000000,agent_2,actor_logits,1,1,4,9.886553,-10.745996,10.333166,0.000396,0.999966,-0.446614,9.886553,-3.256636,-10.745996,,,,
4,438,438.000000,agent_3,actor_logits,1,1,4,9.886553,-10.745997,10.333166,0.000396,0.999966,-0.446613,9.886553,-3.256637,-10.745997,,,,
4,438,438.000000,agent_4,actor_logits,1,1,4,9.886553,-10.745996,10.333167,0.000396,0.999966,-0.446614,9.886553,-3.256636,-10.745996,,,,
4,438,438.000000,agent_5,actor_logits,1,1,4,9.886553,-10.745996,10.333167,0.000396,0.999966,-0.446614,9.886553,-3.256636,-10.745996,,,,
4,440,440.000000,agent_0,actor_logits,0,1,4,8.238143,-16.875566,1.562731,0.516854,0.817575,8.238143,6.675412,-16.875566,3.937947,,,,
4,440,440.000000,agent_1,actor_logits,0,1,4,8.238142,-16.875566,1.562731,0.516855,0.817575,8.238142,6.675411,-16.875566,3.937947,,,,
4,440,440.000000,agent_2,actor_logits,0,1,4,8.238143,-16.875566,1.562731,0.516854,0.817575,8.238143,6.675412,-16.875566,3.937948,,,,
4,440,440.000000,agent_3,actor_logits,0,1,4,8.238145,-16.875568,1.562734,0.516854,0.817576,8.238145,6.675411,-16.875568,3.937947,,,,
4,440,440.000000,agent_4,actor_logits,0,1,4,8.238143,-16.875566,1.562732,0.516854,0.817575,8.238143,6.675411,-16.875566,3.937947,,,,
4,440,440.000000,agent_5,actor_logits,0,1,4,8.238144,-16.875566,1.562733,0.516854,0.817576,8.238144,6.675411,-16.875566,3.937947,,,,
4,442,442.000000,agent_0,actor_logits,3,1,4,6.390213,-6.243073,2.182464,0.328663,0.898608,-3.239727,4.207749,-6.243073,6.390213,,,,
4,442,442.000000,agent_1,actor_logits,3,1,4,6.390213,-6.243072,2.182464,0.328663,0.898608,-3.239727,4.207749,-6.243072,6.390213,,,,
4,442,442.000000,agent_2,actor_logits,3,1,4,6.390213,-6.243072,2.182464,0.328663,0.898608,-3.239726,4.207749,-6.243072,6.390213,,,,
4,442,442.000000,agent_3,actor_logits,3,1,4,6.390213,-6.243072,2.182464,0.328663,0.898608,-3.239725,4.207749,-6.243072,6.390213,,,,
4,442,442.000000,agent_4,actor_logits,3,1,4,6.390213,-6.243072,2.182464,0.328663,0.898608,-3.239726,4.207749,-6.243072,6.390213,,,,
4,442,442.000000,agent_5,actor_logits,3,1,4,6.390213,-6.243072,2.182464,0.328663,0.898608,-3.239726,4.207749,-6.243072,6.390213,,,,
4,444,444.000000,agent_0,actor_logits,1,1,4,11.839886,-15.827065,6.630095,0.010216,0.998669,0.570095,11.839886,-15.827065,5.209790,,,,
4,444,444.000000,agent_1,actor_logits,1,1,4,11.839886,-15.827065,6.630095,0.010216,0.998669,0.570095,11.839886,-15.827065,5.209791,,,,
4,444,444.000000,agent_2,actor_logits,1,1,4,11.839886,-15.827065,6.630095,0.010216,0.998669,0.570095,11.839886,-15.827065,5.209791,,,,
4,444,444.000000,agent_3,actor_logits,1,1,4,11.839885,-15.827065,6.630094,0.010216,0.998669,0.570097,11.839885,-15.827065,5.209791,,,,
4,444,444.000000,agent_4,actor_logits,1,1,4,11.839886,-15.827065,6.630095,0.010216,0.998669,0.570096,11.839886,-15.827065,5.209791,,,,
4,444,444.000000,agent_5,actor_logits,1,1,4,11.839886,-15.827065,6.630095,0.010216,0.998669,0.570097,11.839886,-15.827065,5.209791,,,,
4,446,446.000000,agent_0,actor_logits,1,1,4,15.925134,-19.694796,11.210161,0.000171,0.999986,1.030151,15.925134,-19.694796,4.714972,,,,
4,446,446.000000,agent_1,actor_logits,1,1,4,15.925135,-19.694796,11.210162,0.000171,0.999986,1.030151,15.925135,-19.694796,4.714972,,,,
4,446,446.000000,agent_2,actor_logits,1,1,4,15.925134,-19.694796,11.210161,0.000171,0.999986,1.030151,15.925134,-19.694796,4.714973,,,,
4,446,446.000000,agent_3,actor_logits,1,1,4,15.925133,-19.694796,11.210161,0.000171,0.999986,1.030152,15.925133,-19.694796,4.714972,,,,
4,446,446.000000,agent_4,actor_logits,1,1,4,15.925134,-19.694796,11.210161,0.000171,0.999986,1.030151,15.925134,-19.694796,4.714973,,,,
4,446,446.000000,agent_5,actor_logits,1,1,4,15.925134,-19.694796,11.210161,0.000171,0.999986,1.030152,15.925134,-19.694796,4.714972,,,,
4,448,448.000000,agent_0,actor_logits,3,1,4,9.000965,-8.349563,7.279409,0.006529,0.999232,-0.447071,1.721556,-8.349563,9.000965,,,,
4,448,448.000000,agent_1,actor_logits,3,1,4,9.000965,-8.349563,7.279409,0.006529,0.999232,-0.447072,1.721556,-8.349563,9.000965,,,,
4,448,448.000000,agent_2,actor_logits,3,1,4,9.000965,-8.349563,7.279409,0.006529,0.999232,-0.447072,1.721556,-8.349563,9.000965,,,,
4,448,448.000000,agent_3,actor_logits,3,1,4,9.000964,-8.349562,7.279409,0.006529,0.999232,-0.447071,1.721555,-8.349562,9.000964,,,,
4,448,448.000000,agent_4,actor_logits,3,1,4,9.000964,-8.349563,7.279408,0.006529,0.999232,-0.447071,1.721555,-8.349563,9.000964,,,,
4,448,448.000000,agent_5,actor_logits,3,1,4,9.000965,-8.349563,7.279410,0.006529,0.999232,-0.447071,1.721555,-8.349563,9.000965,,,,
4,450,450.000000,agent_0,actor_logits,1,1,4,13.409799,-7.311852,16.078054,0.000002,1.000000,-5.473111,13.409799,-7.311852,-2.668256,,,,
4,450,450.000000,agent_1,actor_logits,1,1,4,13.409799,-7.311851,16.078054,0.000002,1.000000,-5.473112,13.409799,-7.311851,-2.668256,,,,
4,450,450.000000,agent_2,actor_logits,1,1,4,13.409800,-7.311852,16.078056,0.000002,1.000000,-5.473111,13.409800,-7.311852,-2.668256,,,,
4,450,450.000000,agent_3,actor_logits,1,1,4,13.409798,-7.311852,16.078054,0.000002,1.000000,-5.473110,13.409798,-7.311852,-2.668257,,,,
4,450,450.000000,agent_4,actor_logits,1,1,4,13.409798,-7.311851,16.078054,0.000002,1.000000,-5.473110,13.409798,-7.311851,-2.668256,,,,
4,450,450.000000,agent_5,actor_logits,1,1,4,13.409798,-7.311852,16.078053,0.000002,1.000000,-5.473110,13.409798,-7.311852,-2.668256,,,,
4,452,452.000000,agent_0,actor_logits,0,1,4,9.584477,-10.393564,5.686257,0.022676,0.996614,9.584477,-10.393564,-2.618588,3.898221,,,,
4,452,452.000000,agent_1,actor_logits,0,1,4,9.584478,-10.393564,5.686257,0.022676,0.996614,9.584478,-10.393564,-2.618588,3.898221,,,,
4,452,452.000000,agent_2,actor_logits,0,1,4,9.584477,-10.393564,5.686256,0.022677,0.996614,9.584477,-10.393564,-2.618588,3.898221,,,,
4,452,452.000000,agent_3,actor_logits,0,1,4,9.584478,-10.393564,5.686258,0.022676,0.996614,9.584478,-10.393564,-2.618588,3.898221,,,,
4,452,452.000000,agent_4,actor_logits,0,1,4,9.584478,-10.393565,5.686258,0.022676,0.996614,9.584478,-10.393565,-2.618588,3.898220,,,,
4,452,452.000000,agent_5,actor_logits,0,1,4,9.584477,-10.393564,5.686257,0.022676,0.996614,9.584477,-10.393564,-2.618588,3.898220,,,,
4,454,454.000000,agent_0,actor_logits,3,1,4,7.887229,-2.451348,9.362355,0.001896,0.999822,-1.840565,-1.475126,-2.451348,7.887229,,,,
4,454,454.000000,agent_1,actor_logits,3,1,4,7.887229,-2.451348,9.362355,0.001896,0.999822,-1.840564,-1.475126,-2.451348,7.887229,,,,
4,454,454.000000,agent_2,actor_logits,3,1,4,7.887229,-2.451348,9.362355,0.001896,0.999822,-1.840565,-1.475126,-2.451348,7.887229,,,,
4,454,454.000000,agent_3,actor_logits,3,1,4,7.887229,-2.451348,9.362355,0.001896,0.999822,-1.840564,-1.475126,-2.451348,7.887229,,,,
4,454,454.000000,agent_4,actor_logits,3,1,4,7.887228,-2.451349,9.362354,0.001896,0.999822,-1.840564,-1.475126,-2.451349,7.887228,,,,
4,454,454.000000,agent_5,actor_logits,3,1,4,7.887228,-2.451348,9.362354,0.001896,0.999822,-1.840564,-1.475126,-2.451348,7.887228,,,,
4,456,456.000000,agent_0,actor_logits,0,1,4,7.188733,-5.581365,4.342240,0.068851,0.987146,7.188733,-4.238543,-5.581365,2.846493,,,,
4,456,456.000000,agent_1,actor_logits,0,1,4,7.188735,-5.581365,4.342243,0.068851,0.987146,7.188735,-4.238543,-5.581365,2.846492,,,,
4,456,456.000000,agent_2,actor_logits,0,1,4,7.188735,-5.581365,4.342242,0.068851,0.987146,7.188735,-4.238543,-5.581365,2.846492,,,,
4,456,456.000000,agent_3,actor_logits,0,1,4,7.188735,-5.581365,4.342243,0.068851,0.987146,7.188735,-4.238543,-5.581365,2.846492,,,,
4,456,456.000000,agent_4,actor_logits,0,1,4,7.188735,-5.581365,4.342243,0.068851,0.987146,7.188735,-4.238543,-5.581365,2.846492,,,,
4,456,456.000000,agent_5,actor_logits,0,1,4,7.188734,-5.581366,4.342242,0.068851,0.987146,7.188734,-4.238543,-5.581366,2.846492,,,,
4,458,458.000000,agent_0,actor_logits,3,1,4,4.591612,-3.689777,4.597891,0.103899,0.981948,-0.006279,-0.229560,-3.689777,4.591612,,,,
4,458,458.000000,agent_1,actor_logits,3,1,4,4.591612,-3.689778,4.597890,0.103899,0.981948,-0.006278,-0.229560,-3.689778,4.591612,,,,
4,458,458.000000,agent_2,actor_logits,3,1,4,4.591612,-3.689778,4.597890,0.103899,0.981948,-0.006278,-0.229560,-3.689778,4.591612,,,,
4,458,458.000000,agent_3,actor_logits,3,1,4,4.591612,-3.689778,4.597890,0.103899,0.981948,-0.006278,-0.229561,-3.689778,4.591612,,,,
4,458,458.000000,agent_4,actor_logits,3,1,4,4.591612,-3.689778,4.597891,0.103899,0.981948,-0.006278,-0.229560,-3.689778,4.591612,,,,
4,458,458.000000,agent_5,actor_logits,3,1,4,4.591612,-3.689777,4.597890,0.103899,0.981948,-0.006278,-0.229561,-3.689777,4.591612,,,,
4,460,460.000000,agent_0,actor_logits,0,1,4,4.649395,-5.815748,3.162462,0.190135,0.956483,4.649395,-1.111894,-5.815748,1.486933,,,,
4,460,460.000000,agent_1,actor_logits,0,1,4,4.649395,-5.815748,3.162463,0.190135,0.956483,4.649395,-1.111894,-5.815748,1.486932,,,,
4,460,460.000000,agent_2,actor_logits,0,1,4,4.649395,-5.815748,3.162463,0.190135,0.956483,4.649395,-1.111894,-5.815748,1.486932,,,,
4,460,460.000000,agent_3,actor_logits,0,1,4,4.649395,-5.815749,3.162462,0.190135,0.956483,4.649395,-1.111894,-5.815749,1.486933,,,,
4,460,460.000000,agent_4,actor_logits,0,1,4,4.649396,-5.815749,3.162464,0.190135,0.956483,4.649396,-1.111894,-5.815749,1.486932,,,,
4,460,460.000000,agent_5,actor_logits,0,1,4,4.649395,-5.815748,3.162462,0.190135,0.956483,4.649395,-1.111893,-5.815748,1.486932,,,,
4,462,462.000000,agent_0,actor_logits,3,1,4,1.824994,-4.938561,0.242172,1.047041,0.452578,1.582821,0.965762,-4.938561,1.824994,,,,
4,462,462.000000,agent_1,actor_logits,3,1,4,1.824993,-4.938561,0.242172,1.047041,0.452578,1.582821,0.965764,-4.938561,1.824993,,,,
4,462,462.000000,agent_2,actor_logits,3,1,4,1.824994,-4.938561,0.242173,1.047041,0.452578,1.582821,0.965762,-4.938561,1.824994,,,,
4,462,462.000000,agent_3,actor_logits,3,1,4,1.824994,-4.938561,0.242173,1.047041,0.452578,1.582821,0.965762,-4.938561,1.824994,,,,
4,462,462.000000,agent_4,actor_logits,3,1,4,1.824994,-4.938562,0.242172,1.047041,0.452578,1.582821,0.965763,-4.938562,1.824994,,,,
4,462,462.000000,agent_5,actor_logits,3,1,4,1.824994,-4.938562,0.242173,1.047041,0.452578,1.582821,0.965763,-4.938562,1.824994,,,,
4,464,464.000000,agent_0,actor_logits,3,1,4,1.980080,-4.210084,0.834138,0.971490,0.578999,0.745027,1.145942,-4.210084,1.980080,,,,
4,464,464.000000,agent_1,actor_logits,3,1,4,1.980081,-4.210085,0.834138,0.971490,0.578999,0.745027,1.145943,-4.210085,1.980081,,,,
4,464,464.000000,agent_2,actor_logits,3,1,4,1.980079,-4.210084,0.834137,0.971490,0.578999,0.745027,1.145943,-4.210084,1.980079,,,,
4,464,464.000000,agent_3,actor_logits,3,1,4,1.980080,-4.210084,0.834137,0.971490,0.578999,0.745026,1.145943,-4.210084,1.980080,,,,
4,464,464.000000,agent_4,actor_logits,3,1,4,1.980081,-4.210085,0.834138,0.971490,0.578999,0.745027,1.145943,-4.210085,1.980081,,,,
4,464,464.000000,agent_5,actor_logits,3,1,4,1.980080,-4.210084,0.834137,0.971490,0.578999,0.745027,1.145943,-4.210084,1.980080,,,,
4,466,466.000000,agent_0,actor_logits,0,1,4,8.805365,-9.535864,7.690130,0.004317,0.999513,8.805365,1.115235,-9.535864,-1.600522,,,,
4,466,466.000000,agent_1,actor_logits,0,1,4,8.805365,-9.535865,7.690130,0.004317,0.999513,8.805365,1.115235,-9.535865,-1.600522,,,,
4,466,466.000000,agent_2,actor_logits,0,1,4,8.805365,-9.535863,7.690130,0.004317,0.999513,8.805365,1.115235,-9.535863,-1.600523,,,,
4,466,466.000000,agent_3,actor_logits,0,1,4,8.805365,-9.535864,7.690130,0.004317,0.999513,8.805365,1.115235,-9.535864,-1.600522,,,,
4,466,466.000000,agent_4,actor_logits,0,1,4,8.805365,-9.535865,7.690130,0.004317,0.999513,8.805365,1.115235,-9.535865,-1.600522,,,,
4,466,466.000000,agent_5,actor_logits,0,1,4,8.805365,-9.535865,7.690129,0.004317,0.999513,8.805365,1.115235,-9.535865,-1.600522,,,,
4,468,468.000000,agent_0,actor_logits,0,1,4,2.313550,-3.588516,2.149312,0.611791,0.817539,2.313550,-3.588516,0.164238,0.049084,,,,
4,468,468.000000,agent_1,actor_logits,0,1,4,2.313550,-3.588516,2.149312,0.611791,0.817539,2.313550,-3.588516,0.164238,0.049085,,,,
4,468,468.000000,agent_2,actor_logits,0,1,4,2.313550,-3.588517,2.149312,0.611791,0.817539,2.313550,-3.588517,0.164238,0.049085,,,,
4,468,468.000000,agent_3,actor_logits,0,1,4,2.313550,-3.588517,2.149313,0.611791,0.817539,2.313550,-3.588517,0.164237,0.049085,,,,
4,468,468.000000,agent_4,actor_logits,0,1,4,2.313550,-3.588516,2.149312,0.611791,0.817539,2.313550,-3.588516,0.164238,0.049085,,,,
4,468,468.000000,agent_5,actor_logits,0,1,4,2.313550,-3.588516,2.149313,0.611791,0.817539,2.313550,-3.588516,0.164237,0.049085,,,,
4,470,470.000000,agent_0,actor_logits,1,1,4,3.536892,-8.532413,2.070562,0.428277,0.873529,-0.444427,3.536892,1.466330,-8.532413,,,,
4,470,470.000000,agent_1,actor_logits,1,1,4,3.536892,-8.532412,2.070562,0.428277,0.873529,-0.444427,3.536892,1.466330,-8.532412,,,,
4,470,470.000000,agent_2,actor_logits,1,1,4,3.536892,-8.532413,2.070563,0.428277,0.873529,-0.444427,3.536892,1.466330,-8.532413,,,,
4,470,470.000000,agent_3,actor_logits,1,1,4,3.536892,-8.532412,2.070562,0.428277,0.873529,-0.444427,3.536892,1.466329,-8.532412,,,,
4,470,470.000000,agent_4,actor_logits,1,1,4,3.536892,-8.532412,2.070563,0.428277,0.873529,-0.444427,3.536892,1.466329,-8.532412,,,,
4,470,470.000000,agent_5,actor_logits,1,1,4,3.536892,-8.532413,2.070563,0.428277,0.873529,-0.444427,3.536892,1.466329,-8.532413,,,,
4,472,472.000000,agent_0,actor_logits,0,1,4,11.777958,-22.290524,2.703840,0.237412,0.936937,11.777958,9.074118,-22.290524,3.847239,,,,
4,472,472.000000,agent_1,actor_logits,0,1,4,11.777958,-22.290522,2.703839,0.237412,0.936937,11.777958,9.074119,-22.290522,3.847239,,,,
4,472,472.000000,agent_2,actor_logits,0,1,4,11.777958,-22.290522,2.703840,0.237412,0.936937,11.777958,9.074118,-22.290522,3.847239,,,,
4,472,472.000000,agent_3,actor_logits,0,1,4,11.777958,-22.290522,2.703840,0.237412,0.936937,11.777958,9.074118,-22.290522,3.847239,,,,
4,472,472.000000,agent_4,actor_logits,0,1,4,11.777958,-22.290524,2.703839,0.237412,0.936937,11.777958,9.074119,-22.290524,3.847239,,,,
4,472,472.000000,agent_5,actor_logits,0,1,4,11.777958,-22.290524,2.703840,0.237412,0.936937,11.777958,9.074118,-22.290524,3.847239,,,,
4,474,474.000000,agent_0,actor_logits,3,1,4,6.408146,-6.270309,5.756813,0.035406,0.994903,0.172651,0.651333,-6.270309,6.408146,,,,
4,474,474.000000,agent_1,actor_logits,3,1,4,6.408147,-6.270309,5.756814,0.035406,0.994903,0.172650,0.651333,-6.270309,6.408147,,,,
4,474,474.000000,agent_2,actor_logits,3,1,4,6.408147,-6.270309,5.756814,0.035406,0.994903,0.172650,0.651333,-6.270309,6.408147,,,,
4,474,474.000000,agent_3,actor_logits,3,1,4,6.408146,-6.270309,5.756813,0.035406,0.994903,0.172651,0.651333,-6.270309,6.408146,,,,
4,474,474.000000,agent_4,actor_logits,3,1,4,6.408146,-6.270309,5.756813,0.035406,0.994903,0.172650,0.651334,-6.270309,6.408146,,,,
4,474,474.000000,agent_5,actor_logits,3,1,4,6.408146,-6.270310,5.756813,0.035406,0.994903,0.172650,0.651334,-6.270310,6.408146,,,,
4,476,476.000000,agent_0,actor_logits,1,1,4,12.687845,-20.113337,6.221099,0.015661,0.997882,3.782336,12.687845,-20.113337,6.466746,,,,
4,476,476.000000,agent_1,actor_logits,1,1,4,12.687845,-20.113335,6.221098,0.015661,0.997882,3.782335,12.687845,-20.113335,6.466747,,,,
4,476,476.000000,agent_2,actor_logits,1,1,4,12.687844,-20.113335,6.221098,0.015661,0.997882,3.782336,12.687844,-20.113335,6.466746,,,,
4,476,476.000000,agent_3,actor_logits,1,1,4,12.687845,-20.113337,6.221099,0.015661,0.997882,3.782336,12.687845,-20.113337,6.466746,,,,
4,476,476.000000,agent_4,actor_logits,1,1,4,12.687845,-20.113335,6.221099,0.015661,0.997882,3.782336,12.687845,-20.113335,6.466746,,,,
4,476,476.000000,agent_5,actor_logits,1,1,4,12.687845,-20.113335,6.221099,0.015661,0.997882,3.782335,12.687845,-20.113335,6.466746,,,,
4,478,478.000000,agent_0,actor_logits,0,1,3,6.714163,-12.141048,7.581827,0.004372,0.999491,6.714163,-12.141048,-0.867664,,,,,
4,478,478.000000,agent_1,actor_logits,0,1,3,6.714163,-12.141047,7.581828,0.004372,0.999491,6.714163,-12.141047,-0.867665,,,,,
4,478,478.000000,agent_2,actor_logits,0,1,3,6.714165,-12.141048,7.581829,0.004372,0.999491,6.714165,-12.141048,-0.867664,,,,,
4,478,478.000000,agent_3,actor_logits,0,1,3,6.714164,-12.141048,7.581829,0.004372,0.999491,6.714164,-12.141048,-0.867664,,,,,
4,478,478.000000,agent_4,actor_logits,0,1,3,6.714164,-12.141048,7.581828,0.004372,0.999491,6.714164,-12.141048,-0.867664,,,,,
4,478,478.000000,agent_5,actor_logits,0,1,3,6.714164,-12.141047,7.581829,0.004372,0.999491,6.714164,-12.141047,-0.867665,,,,,
4,480,480.000000,agent_0,actor_logits,0,1,3,3.932209,-5.841209,7.345454,0.005997,0.999298,3.932209,-3.413244,-5.841209,,,,,
4,480,480.000000,agent_1,actor_logits,0,1,3,3.932209,-5.841208,7.345453,0.005997,0.999298,3.932209,-3.413245,-5.841208,,,,,
4,480,480.000000,agent_2,actor_logits,0,1,3,3.932210,-5.841209,7.345454,0.005997,0.999298,3.932210,-3.413244,-5.841209,,,,,
4,480,480.000000,agent_3,actor_logits,0,1,3,3.932209,-5.841208,7.345454,0.005997,0.999298,3.932209,-3.413245,-5.841208,,,,,
4,480,480.000000,agent_4,actor_logits,0,1,3,3.932209,-5.841208,7.345453,0.005997,0.999298,3.932209,-3.413245,-5.841208,,,,,
4,480,480.000000,agent_5,actor_logits,0,1,3,3.932209,-5.841208,7.345454,0.005997,0.999298,3.932209,-3.413245,-5.841208,,,,,
4,482,482.000000,agent_0,actor_logits,0,1,3,5.126423,-10.030287,4.925082,0.042749,0.992790,5.126423,0.201341,-10.030287,,,,,
4,482,482.000000,agent_1,actor_logits,0,1,3,5.126422,-10.030286,4.925081,0.042749,0.992790,5.126422,0.201341,-10.030286,,,,,
4,482,482.000000,agent_2,actor_logits,0,1,3,5.126423,-10.030287,4.925082,0.042749,0.992790,5.126423,0.201341,-10.030287,,,,,
4,482,482.000000,agent_3,actor_logits,0,1,3,5.126423,-10.030287,4.925082,0.042749,0.992790,5.126423,0.201341,-10.030287,,,,,
4,482,482.000000,agent_4,actor_logits,0,1,3,5.126423,-10.030287,4.925081,0.042749,0.992790,5.126423,0.201341,-10.030287,,,,,
4,482,482.000000,agent_5,actor_logits,0,1,3,5.126423,-10.030287,4.925081,0.042749,0.992790,5.126423,0.201341,-10.030287,,,,,
4,484,484.000000,agent_0,actor_logits,1,1,2,-7.948763,-8.755877,0.807113,0.617900,0.691494,-8.755877,-7.948763,,,,,,
4,484,484.000000,agent_1,actor_logits,1,1,2,-7.948764,-8.755877,0.807112,0.617900,0.691494,-8.755877,-7.948764,,,,,,
4,484,484.000000,agent_2,actor_logits,1,1,2,-7.948763,-8.755877,0.807113,0.617900,0.691494,-8.755877,-7.948763,,,,,,
4,484,484.000000,agent_3,actor_logits,1,1,2,-7.948764,-8.755877,0.807112,0.617900,0.691494,-8.755877,-7.948764,,,,,,
4,484,484.000000,agent_4,actor_logits,1,1,2,-7.948763,-8.755877,0.807113,0.617900,0.691494,-8.755877,-7.948763,,,,,,
4,484,484.000000,agent_5,actor_logits,1,1,2,-7.948763,-8.755877,0.807113,0.617900,0.691494,-8.755877,-7.948763,,,,,,
4,486,486.000000,agent_0,actor_logits,2,1,3,2.116590,-11.750270,0.919669,0.597647,0.714974,-11.750270,1.196921,2.116590,,,,,
4,486,486.000000,agent_1,actor_logits,2,1,3,2.116589,-11.750269,0.919669,0.597647,0.714974,-11.750269,1.196920,2.116589,,,,,
4,486,486.000000,agent_2,actor_logits,2,1,3,2.116590,-11.750270,0.919670,0.597647,0.714974,-11.750270,1.196921,2.116590,,,,,
4,486,486.000000,agent_3,actor_logits,2,1,3,2.116590,-11.750271,0.919669,0.597647,0.714974,-11.750271,1.196921,2.116590,,,,,
4,486,486.000000,agent_4,actor_logits,2,1,3,2.116590,-11.750271,0.919669,0.597647,0.714974,-11.750271,1.196921,2.116590,,,,,
4,486,486.000000,agent_5,actor_logits,2,1,3,2.116589,-11.750270,0.919668,0.597647,0.714974,-11.750270,1.196921,2.116589,,,,,
4,488,488.000000,agent_0,actor_logits,2,1,3,6.554865,-10.614136,10.239285,0.000402,0.999964,-10.614136,-3.684420,6.554865,,,,,
4,488,488.000000,agent_1,actor_logits,2,1,3,6.554865,-10.614136,10.239285,0.000402,0.999964,-10.614136,-3.684420,6.554865,,,,,
4,488,488.000000,agent_2,actor_logits,2,1,3,6.554864,-10.614136,10.239285,0.000402,0.999964,-10.614136,-3.684420,6.554864,,,,,
4,488,488.000000,agent_3,actor_logits,2,1,3,6.554864,-10.614136,10.239285,0.000402,0.999964,-10.614136,-3.684420,6.554864,,,,,
4,488,488.000000,agent_4,actor_logits,2,1,3,6.554865,-10.614136,10.239285,0.000402,0.999964,-10.614136,-3.684420,6.554865,,,,,
4,488,488.000000,agent_5,actor_logits,2,1,3,6.554865,-10.614136,10.239285,0.000402,0.999964,-10.614136,-3.684420,6.554865,,,,,
4,490,490.000000,agent_0,actor_logits,2,1,3,5.955671,-6.216034,12.012579,0.000147,0.999989,-6.056908,-6.216034,5.955671,,,,,
4,490,490.000000,agent_1,actor_logits,2,1,3,5.955670,-6.216033,12.012578,0.000147,0.999989,-6.056908,-6.216033,5.955670,,,,,
4,490,490.000000,agent_2,actor_logits,2,1,3,5.955670,-6.216034,12.012577,0.000147,0.999989,-6.056907,-6.216034,5.955670,,,,,
4,490,490.000000,agent_3,actor_logits,2,1,3,5.955670,-6.216034,12.012579,0.000147,0.999989,-6.056908,-6.216034,5.955670,,,,,
4,490,490.000000,agent_4,actor_logits,2,1,3,5.955671,-6.216034,12.012579,0.000147,0.999989,-6.056909,-6.216034,5.955671,,,,,
4,490,490.000000,agent_5,actor_logits,2,1,3,5.955671,-6.216033,12.012579,0.000147,0.999989,-6.056909,-6.216033,5.955671,,,,,
4,492,492.000000,agent_0,actor_logits,2,1,3,5.504880,-6.639377,8.456018,0.002080,0.999782,-6.639377,-2.951138,5.504880,,,,,
4,492,492.000000,agent_1,actor_logits,2,1,3,5.504879,-6.639377,8.456017,0.002080,0.999782,-6.639377,-2.951138,5.504879,,,,,
4,492,492.000000,agent_2,actor_logits,2,1,3,5.504880,-6.639377,8.456018,0.002080,0.999782,-6.639377,-2.951138,5.504880,,,,,
4,492,492.000000,agent_3,actor_logits,2,1,3,5.504879,-6.639377,8.456018,0.002080,0.999782,-6.639377,-2.951138,5.504879,,,,,
4,492,492.000000,agent_4,actor_logits,2,1,3,5.504879,-6.639377,8.456018,0.002080,0.999782,-6.639377,-2.951138,5.504879,,,,,
4,492,492.000000,agent_5,actor_logits,2,1,3,5.504879,-6.639377,8.456017,0.002080,0.999782,-6.639377,-2.951138,5.504879,,,,,
4,494,494.000000,agent_0,actor_logits,2,1,3,1.640383,-4.108637,2.582356,0.273769,0.926972,-0.941973,-4.108637,1.640383,,,,,
4,494,494.000000,agent_1,actor_logits,2,1,3,1.640382,-4.108636,2.582355,0.273769,0.926972,-0.941973,-4.108636,1.640382,,,,,
4,494,494.000000,agent_2,actor_logits,2,1,3,1.640383,-4.108636,2.582355,0.273769,0.926972,-0.941973,-4.108636,1.640383,,,,,
4,494,494.000000,agent_3,actor_logits,2,1,3,1.640382,-4.108636,2.582355,0.273769,0.926972,-0.941973,-4.108636,1.640382,,,,,
4,494,494.000000,agent_4,actor_logits,2,1,3,1.640383,-4.108636,2.582357,0.273769,0.926972,-0.941973,-4.108636,1.640383,,,,,
4,494,494.000000,agent_5,actor_logits,2,1,3,1.640383,-4.108636,2.582356,0.273769,0.926972,-0.941973,-4.108636,1.640383,,,,,
4,496,496.000000,agent_0,actor_logits,0,1,2,3.994939,-3.494933,7.489872,0.004741,0.999442,3.994939,-3.494933,,,,,,
4,496,496.000000,agent_1,actor_logits,0,1,2,3.994938,-3.494932,7.489871,0.004741,0.999442,3.994938,-3.494932,,,,,,
4,496,496.000000,agent_2,actor_logits,0,1,2,3.994939,-3.494933,7.489872,0.004741,0.999442,3.994939,-3.494933,,,,,,
4,496,496.000000,agent_3,actor_logits,0,1,2,3.994938,-3.494933,7.489871,0.004741,0.999442,3.994938,-3.494933,,,,,,
4,496,496.000000,agent_4,actor_logits,0,1,2,3.994938,-3.494933,7.489871,0.004741,0.999442,3.994938,-3.494933,,,,,,
4,496,496.000000,agent_5,actor_logits,0,1,2,3.994938,-3.494933,7.489871,0.004741,0.999442,3.994938,-3.494933,,,,,,
4,498,498.000000,agent_0,actor_logits,0,1,3,4.850363,-4.551453,7.516246,0.005490,0.999374,4.850363,-4.551453,-2.665883,,,,,
4,498,498.000000,agent_1,actor_logits,0,1,3,4.850362,-4.551454,7.516245,0.005490,0.999374,4.850362,-4.551454,-2.665883,,,,,
4,498,498.000000,agent_2,actor_logits,0,1,3,4.850363,-4.551454,7.516245,0.005490,0.999374,4.850363,-4.551454,-2.665882,,,,,
4,498,498.000000,agent_3,actor_logits,0,1,3,4.850362,-4.551454,7.516244,0.005490,0.999374,4.850362,-4.551454,-2.665882,,,,,
4,498,498.000000,agent_4,actor_logits,0,1,3,4.850362,-4.551454,7.516244,0.005490,0.999374,4.850362,-4.551454,-2.665882,,,,,
4,498,498.000000,agent_5,actor_logits,0,1,3,4.850363,-4.551454,7.516245,0.005490,0.999374,4.850363,-4.551454,-2.665883,,,,,
5,0,0.000000,agent_0,actor_logits,0,1,2,1.750134,-2.708004,4.458138,0.062569,0.988549,1.750134,-2.708004,,,,,,
5,0,0.000000,agent_1,actor_logits,3,1,4,4.275782,-4.192782,0.598823,0.658950,0.644635,3.676959,-2.163707,-4.192782,4.275782,,,,
5,0,0.000000,agent_2,actor_logits,3,1,4,4.275782,-4.192782,0.598823,0.658950,0.644635,3.676959,-2.163707,-4.192782,4.275782,,,,
5,0,0.000000,agent_3,actor_logits,3,1,4,4.275782,-4.192782,0.598823,0.658950,0.644635,3.676959,-2.163707,-4.192782,4.275782,,,,
5,0,0.000000,agent_4,actor_logits,3,1,4,4.275782,-4.192782,0.598823,0.658950,0.644635,3.676959,-2.163707,-4.192782,4.275782,,,,
5,0,0.000000,agent_5,actor_logits,3,1,4,4.275782,-4.192782,0.598823,0.658950,0.644635,3.676959,-2.163707,-4.192782,4.275782,,,,
5,2,2.000000,agent_0,actor_logits,0,1,3,8.712852,-10.546273,11.830924,0.000093,0.999993,8.712852,-3.118073,-10.546273,,,,,
5,2,2.000000,agent_1,actor_logits,0,1,4,9.283766,-10.214175,1.782147,0.412253,0.855960,9.283766,-3.726804,-10.214175,7.501619,,,,
5,2,2.000000,agent_2,actor_logits,0,1,4,9.283766,-10.214175,1.782147,0.412253,0.855960,9.283766,-3.726804,-10.214175,7.501619,,,,
5,2,2.000000,agent_3,actor_logits,0,1,4,9.283766,-10.214175,1.782147,0.412253,0.855960,9.283766,-3.726804,-10.214175,7.501619,,,,
5,2,2.000000,agent_4,actor_logits,0,1,4,9.283766,-10.214175,1.782147,0.412253,0.855960,9.283766,-3.726804,-10.214175,7.501619,,,,
5,2,2.000000,agent_5,actor_logits,0,1,3,9.015912,-10.135222,13.051483,0.000030,0.999998,9.015912,-4.035571,-10.135222,,,,,
5,4,4.000000,agent_0,actor_logits,0,1,2,2.494239,-0.016915,2.511154,0.266585,0.924920,2.494239,-0.016915,,,,,,
5,4,4.000000,agent_1,actor_logits,3,1,4,7.876810,-10.040870,4.281576,0.084309,0.984723,3.595234,1.495948,-10.040870,7.876810,,,,
5,4,4.000000,agent_2,actor_logits,3,1,4,8.646394,-11.595740,0.576625,0.653459,0.640279,8.069769,-1.802688,-11.595740,8.646394,,,,
5,4,4.000000,agent_3,actor_logits,3,1,4,8.646394,-11.595740,0.576625,0.653459,0.640279,8.069769,-1.802688,-11.595740,8.646394,,,,
5,4,4.000000,agent_4,actor_logits,3,1,4,8.646394,-11.595740,0.576625,0.653459,0.640279,8.069769,-1.802688,-11.595740,8.646394,,,,
5,4,4.000000,agent_5,actor_logits,3,1,4,8.457970,-11.825717,0.017014,0.693308,0.504245,8.440956,-1.811011,-11.825717,8.457970,,,,
5,6,6.000000,agent_0,actor_logits,0,1,3,10.263895,-11.435867,13.089073,0.000029,0.999998,10.263895,-2.825178,-11.435867,,,,,
5,6,6.000000,agent_1,actor_logits,0,1,4,8.756479,-10.080455,2.843277,0.213207,0.944959,8.756479,-2.565063,-10.080455,5.913203,,,,
5,6,6.000000,agent_2,actor_logits,0,1,4,9.162502,-11.534616,3.006512,0.190295,0.952841,9.162502,-1.291708,-11.534616,6.155991,,,,
5,6,6.000000,agent_3,actor_logits,0,1,4,9.162502,-11.534616,3.006512,0.190295,0.952841,9.162502,-1.291708,-11.534616,6.155991,,,,
5,6,6.000000,agent_4,actor_logits,0,1,4,9.162502,-11.534616,3.006512,0.190295,0.952841,9.162502,-1.291708,-11.534616,6.155991,,,,
5,6,6.000000,agent_5,actor_logits,0,1,3,7.807025,-9.489247,10.019696,0.000491,0.999956,7.807025,-2.212671,-9.489247,,,,,
5,8,8.000000,agent_0,actor_logits,0,1,2,3.660542,0.089232,3.571311,0.125406,0.972650,3.660542,0.089232,,,,,,
5,8,8.000000,agent_1,actor_logits,3,1,4,4.097706,-7.639593,1.631742,0.786326,0.720466,2.449498,2.465964,-7.639593,4.097706,,,,
5,8,8.000000,agent_2,actor_logits,0,1,4,9.866840,-11.012746,2.477314,0.272556,0.922534,9.866840,-3.307977,-11.012746,7.389526,,,,
5,8,8.000000,agent_3,actor_logits,0,1,4,9.866840,-11.012746,2.477314,0.272556,0.922534,9.866840,-3.307977,-11.012746,7.389526,,,,
5,8,8.000000,agent_4,actor_logits,0,1,4,9.866840,-11.012746,2.477314,0.272556,0.922534,9.866840,-3.307977,-11.012746,7.389526,,,,
5,8,8.000000,agent_5,actor_logits,0,1,4,10.412739,-10.990374,3.169433,0.169009,0.959667,10.412739,-3.796030,-10.990374,7.243306,,,,
5,10,10.000000,agent_0,actor_logits,0,1,3,10.113424,-11.402928,12.746233,0.000040,0.999997,10.113424,-2.632808,-11.402928,,,,,
5,10,10.000000,agent_1,actor_logits,0,1,4,7.503531,-9.375761,1.926673,0.381353,0.872841,7.503531,-2.369144,-9.375761,5.576858,,,,
5,10,10.000000,agent_2,actor_logits,0,1,4,8.924381,-9.503350,3.597423,0.123060,0.973327,8.924381,-9.503350,-2.660438,5.326958,,,,
5,10,10.000000,agent_3,actor_logits,0,1,4,8.924381,-9.503350,3.597423,0.123060,0.973327,8.924381,-9.503350,-2.660438,5.326958,,,,
5,10,10.000000,agent_4,actor_logits,0,1,4,8.924381,-9.503350,3.597423,0.123060,0.973327,8.924381,-9.503350,-2.660438,5.326958,,,,
5,10,10.000000,agent_5,actor_logits,0,1,4,9.451141,-9.422253,4.218692,0.075848,0.985492,9.451141,-9.422253,-3.078888,5.232450,,,,
5,12,12.000000,agent_0,actor_logits,0,1,2,0.700005,-2.263186,2.963192,0.195906,0.950883,0.700005,-2.263186,,,,,,
5,12,12.000000,agent_1,actor_logits,1,1,4,5.370199,-4.249525,6.241550,0.026371,0.996438,-1.091555,5.370199,-4.249525,-0.871351,,,,
5,12,12.000000,agent_2,actor_logits,0,1,3,1.538725,-9.600599,0.323845,0.680309,0.580256,1.538725,1.214879,-9.600599,,,,,
5,12,12.000000,agent_3,actor_logits,3,1,4,8.471861,-6.708388,0.584143,0.652254,0.642020,7.887718,-6.708388,-6.174830,8.471861,,,,
5,12,12.000000,agent_4,actor_logits,3,1,4,8.471861,-6.708388,0.584143,0.652254,0.642020,7.887718,-6.708388,-6.174830,8.471861,,,,
5,12,12.000000,agent_5,actor_logits,3,1,4,8.247816,-6.785709,0.103884,0.691807,0.525947,8.143932,-6.785709,-6.209245,8.247816,,,,
5,14,14.000000,agent_0,actor_logits,0,1,3,8.284451,-16.439379,5.904520,0.018782,0.997280,8.284451,2.379931,-16.439379,,,,,
5,14,14.000000,agent_1,actor_logits,0,1,3,7.280117,-7.290826,14.256008,0.000017,0.999999,7.280117,-6.975892,-7.290826,,,,,
5,14,14.000000,agent_2,actor_logits,0,1,3,4.200356,-15.157709,0.478615,0.665313,0.617421,4.200356,3.721741,-15.157709,,,,,
5,14,14.000000,agent_3,actor_logits,3,1,4,10.737622,-11.266816,4.168776,0.078910,0.984761,6.568846,-1.878631,-11.266816,10.737622,,,,
5,14,14.000000,agent_4,actor_logits,3,1,4,10.737622,-11.266816,4.168776,0.078910,0.984761,6.568846,-1.878631,-11.266816,10.737622,,,,
5,14,14.000000,agent_5,actor_logits,3,1,4,10.775647,-7.260365,5.558271,0.025200,0.996159,5.217376,-4.297355,-7.260365,10.775647,,,,
5,16,16.000000,agent_0,actor_logits,1,1,2,3.811403,-3.130301,6.941703,0.007670,0.999034,-3.130301,3.811403,,,,,,
5,16,16.000000,agent_1,actor_logits,1,1,2,6.140621,-2.134479,8.275100,0.002363,0.999745,-2.134479,6.140621,,,,,,
5,16,16.000000,agent_2,actor_logits,1,1,2,4.396390,-7.882054,12.278444,0.000062,0.999995,-7.882054,4.396390,,,,,,
5,16,16.000000,agent_3,actor_logits,3,1,4,12.338194,-14.517941,6.673563,0.009942,0.998716,1.601610,5.664631,-14.517941,12.338194,,,,
5,16,16.000000,agent_4,actor_logits,3,1,4,12.338194,-14.517941,6.673563,0.009942,0.998716,1.601610,5.664631,-14.517941,12.338194,,,,
5,16,16.000000,agent_5,actor_logits,3,1,4,12.419692,-9.705635,10.008255,0.000549,0.999951,-0.015924,2.411437,-9.705635,12.419692,,,,
5,18,18.000000,agent_0,actor_logits,0,1,3,6.257314,-11.346297,6.221115,0.014322,0.998017,6.257314,0.036198,-11.346297,,,,,
5,18,18.000000,agent_1,actor_logits,0,1,3,7.473300,-12.271223,7.084083,0.006772,0.999162,7.473300,0.389217,-12.271223,,,,,
5,18,18.000000,agent_2,actor_logits,0,1,3,5.611001,-12.228298,4.254015,0.073698,0.985992,5.611001,1.356986,-12.228298,,,,,
5,18,18.000000,agent_3,actor_logits,3,1,4,9.286947,-18.700312,2.533090,0.448156,0.880107,6.418932,6.753857,-18.700312,9.286947,,,,
5,18,18.000000,agent_4,actor_logits,3,1,4,9.286947,-18.700312,2.533090,0.448156,0.880107,6.418932,6.753857,-18.700312,9.286947,,,,
5,18,18.000000,agent_5,actor_logits,1,1,3,4.456395,-14.380240,0.028300,0.693047,0.507075,4.428095,4.456395,-14.380240,,,,,
5,20,20.000000,agent_0,actor_logits,0,1,2,3.127893,1.914684,1.213210,0.538227,0.770866,3.127893,1.914684,,,,,,
5,20,20.000000,agent_1,actor_logits,0,1,2,3.452239,1.335670,2.116569,0.341250,0.892503,3.452239,1.335670,,,,,,
5,20,20.000000,agent_2,actor_logits,0,1,2,3.522620,2.625144,0.897476,0.601766,0.710430,3.522620,2.625144,,,,,,
5,20,20.000000,agent_3,actor_logits,1,1,4,11.845337,-17.501608,3.236916,0.160983,0.962193,0.087250,11.845337,-17.501608,8.608421,,,,
5,20,20.000000,agent_4,actor_logits,1,1,3,11.078306,-17.374594,10.565446,0.000298,0.999974,0.512861,11.078306,-17.374594,,,,,
5,20,20.000000,agent_5,actor_logits,1,1,3,11.808539,-19.326267,9.466817,0.000810,0.999923,2.341722,11.808539,-19.326267,,,,,
5,22,22.000000,agent_0,actor_logits,1,1,3,10.063456,-16.890326,7.749028,0.003771,0.999569,2.314428,10.063456,-16.890326,,,,,
5,22,22.000000,agent_1,actor_logits,1,1,3,9.674559,-16.577114,7.210917,0.006059,0.999262,2.463642,9.674559,-16.577114,,,,,
5,22,22.000000,agent_2,actor_logits,1,1,3,10.110783,-17.299479,7.566309,0.004432,0.999483,2.544473,10.110783,-17.299479,,,,,
5,22,22.000000,agent_3,actor_logits,3,1,4,9.693488,-15.903289,0.930212,0.596259,0.717076,0.299092,8.763276,-15.903289,9.693488,,,,
5,22,22.000000,agent_4,actor_logits,1,1,3,8.807441,-16.861937,7.570495,0.004415,0.999485,1.236946,8.807441,-16.861937,,,,,
5,22,22.000000,agent_5,actor_logits,1,1,3,9.493932,-19.312033,5.468549,0.027174,0.995800,4.025383,9.493932,-19.312033,,,,,
5,24,24.000000,agent_0,actor_logits,1,1,3,9.649392,-15.445539,8.373344,0.002164,0.999769,1.276048,9.649392,-15.445539,,,,,
5,24,24.000000,agent_1,actor_logits,1,1,3,9.650658,-15.357617,8.463837,0.001996,0.999789,1.186821,9.650658,-15.357617,,,,,
5,24,24.000000,agent_2,actor_logits,1,1,3,9.334400,-15.398324,7.608771,0.004269,0.999504,1.725629,9.334400,-15.398324,,,,,
5,24,24.000000,agent_3,actor_logits,1,1,3,10.104364,-18.983957,6.498915,0.011271,0.998497,3.605449,10.104364,-18.983957,,,,,
5,24,24.000000,agent_4,actor_logits,1,1,3,9.848946,-19.451754,5.363758,0.029675,0.995339,4.485188,9.848946,-19.451754,,,,,
5,24,24.000000,agent_5,actor_logits,1,1,3,9.690284,-20.934916,2.906796,0.203836,0.948181,6.783488,9.690284,-20.934916,,,,,
5,26,26.000000,agent_0,actor_logits,1,1,3,7.293378,-16.998375,1.825684,0.402694,0.861247,5.467694,7.293378,-16.998375,,,,,
5,26,26.000000,agent_1,actor_logits,1,1,3,7.469381,-17.049660,2.234221,0.317814,0.903281,5.235160,7.469381,-17.049660,,,,,
5,26,26.000000,agent_2,actor_logits,1,1,3,7.147874,-17.048607,1.339421,0.510767,0.792395,5.808453,7.147874,-17.048607,,,,,
5,26,26.000000,agent_3,actor_logits,1,1,3,9.736261,-21.697016,2.716182,0.232504,0.937975,7.020079,9.736261,-21.697016,,,,,
5,26,26.000000,agent_4,actor_logits,1,1,3,9.543922,-21.711695,2.230993,0.318445,0.902998,7.312930,9.543922,-21.711695,,,,,
5,26,26.000000,agent_5,actor_logits,1,1,3,9.183186,-22.132940,0.751040,0.627317,0.679405,8.432146,9.183186,-22.132940,,,,,
5,28,28.000000,agent_0,actor_logits,1,1,3,6.104023,-15.843036,0.324419,0.680162,0.580401,5.779604,6.104023,-15.843036,,,,,
5,28,28.000000,agent_1,actor_logits,1,1,3,6.325039,-15.920753,0.805973,0.618096,0.691251,5.519066,6.325039,-15.920753,,,,,
5,28,28.000000,agent_2,actor_logits,1,1,3,6.054286,-15.937875,0.054408,0.692777,0.513599,5.999877,6.054286,-15.937875,,,,,
5,28,28.000000,agent_3,actor_logits,0,1,2,6.818256,-0.081963,6.900220,0.007952,0.998993,6.818256,-0.081963,,,,,,
5,28,28.000000,agent_4,actor_logits,0,1,2,7.022426,-0.200590,7.223016,0.005995,0.999271,7.022426,-0.200590,,,,,,
5,28,28.000000,agent_5,actor_logits,0,1,2,8.178225,-0.485585,8.663809,0.001669,0.999827,8.178225,-0.485585,,,,,,
5,30,30.000000,agent_0,actor_logits,0,1,3,5.874002,-15.306114,0.110271,0.691630,0.527540,5.874002,5.763731,-15.306114,,,,,
5,30,30.000000,agent_1,actor_logits,1,1,3,5.963938,-15.381227,0.283375,0.683209,0.570374,5.680563,5.963938,-15.381227,,,,,
5,30,30.000000,agent_2,actor_logits,0,1,3,5.980992,-15.394872,0.236053,0.686230,0.558741,5.980992,5.744939,-15.394872,,,,,
5,30,30.000000,agent_3,actor_logits,0,1,3,10.229115,-22.244846,1.543809,0.465246,0.824018,10.229115,8.685306,-22.244846,,,,,
5,30,30.000000,agent_4,actor_logits,0,1,3,10.194997,-22.193789,1.512765,0.472195,0.819471,10.194997,8.682232,-22.193789,,,,,
5,30,30.000000,agent_5,actor_logits,0,1,3,10.350352,-22.356352,1.495568,0.476043,0.816913,10.350352,8.854784,-22.356352,,,,,
5,32,32.000000,agent_0,actor_logits,0,1,3,8.949489,-10.988486,11.745974,0.000101,0.999992,8.949489,-2.796485,-10.988486,,,,,
5,32,32.000000,agent_1,actor_logits,1,1,3,5.843332,-14.344860,1.124626,0.556949,0.754846,4.718706,5.843332,-14.344860,,,,,
5,32,32.000000,agent_2,actor_logits,0,1,3,8.928259,-11.052178,11.649857,0.000110,0.999991,8.928259,-2.721597,-11.052178,,,,,
5,32,32.000000,agent_3,actor_logits,1,1,3,9.782623,-21.891935,2.022779,0.360565,0.883168,7.759845,9.782623,-21.891935,,,,,
5,32,32.000000,agent_4,actor_logits,1,1,3,9.795187,-21.818094,2.118737,0.340810,0.892711,7.676450,9.795187,-21.818094,,,,,
5,32,32.000000,agent_5,actor_logits,1,1,3,9.878879,-21.927004,2.062066,0.352410,0.887161,7.816813,9.878879,-21.927004,,,,,
5,34,34.000000,agent_0,actor_logits,0,1,3,14.706240,-10.184505,22.892509,0.000000,1.000000,14.706240,-8.186270,-10.184505,,,,,
5,34,34.000000,agent_1,actor_logits,0,1,4,7.965585,-15.373621,3.070825,0.288648,0.933191,7.965585,4.285041,-15.373621,4.894760,,,,
5,34,34.000000,agent_2,actor_logits,0,1,3,14.584129,-10.145144,22.705776,0.000000,1.000000,14.584129,-8.121647,-10.145144,,,,,
5,34,34.000000,agent_3,actor_logits,0,1,4,9.501150,-11.158446,0.313017,0.681055,0.577621,9.501150,-4.515275,-11.158446,9.188133,,,,
5,34,34.000000,agent_4,actor_logits,0,1,4,9.491995,-11.133815,0.299858,0.682040,0.574408,9.491995,-4.529508,-11.133815,9.192137,,,,
5,34,34.000000,agent_5,actor_logits,0,1,4,9.767841,-11.200355,0.757848,0.626205,0.680886,9.767841,-4.629209,-11.200355,9.009994,,,,
5,36,36.000000,agent_0,actor_logits,0,1,3,2.483498,-5.581255,4.712595,0.053702,0.990790,2.483498,-2.229096,-5.581255,,,,,
5,36,36.000000,agent_1,actor_logits,0,1,3,4.877048,-11.145675,3.360756,0.146858,0.966455,4.877048,1.516292,-11.145675,,,,,
5,36,36.000000,agent_2,actor_logits,0,1,3,2.513719,-5.619053,4.729679,0.052831,0.990959,2.513719,-2.215960,-5.619053,,,,,
5,36,36.000000,agent_3,actor_logits,1,1,4,13.449037,-15.869383,8.416096,0.002094,0.999778,-0.694622,13.449037,-15.869383,5.032940,,,,
5,36,36.000000,agent_4,actor_logits,1,1,4,13.389227,-15.847473,8.375961,0.002171,0.999769,-0.639294,13.389227,-15.847473,5.013266,,,,
5,36,36.000000,agent_5,actor_logits,1,1,4,13.426198,-15.955287,8.643848,0.001713,0.999823,-0.418749,13.426198,-15.955287,4.782350,,,,
5,38,38.000000,agent_0,actor_logits,0,1,3,-0.206521,-6.339868,0.790538,0.630997,0.686922,-0.206521,-0.997059,-6.339868,,,,,
5,38,38.000000,agent_1,actor_logits,1,1,3,0.015562,-5.018020,1.436379,0.519425,0.803663,-1.420817,0.015562,-5.018020,,,,,
5,38,38.000000,agent_2,actor_logits,0,1,3,-0.160557,-6.384713,0.844067,0.621082,0.698354,-0.160557,-1.004624,-6.384713,,,,,
5,38,38.000000,agent_3,actor_logits,0,1,3,9.839436,-17.501087,7.799395,0.003606,0.999590,9.839436,2.040040,-17.501087,,,,,
5,38,38.000000,agent_4,actor_logits,0,1,3,9.877197,-17.470289,7.894330,0.003315,0.999627,9.877197,1.982868,-17.470289,,,,,
5,38,38.000000,agent_5,actor_logits,0,1,3,10.149487,-17.530092,8.296090,0.002319,0.999751,10.149487,1.853397,-17.530092,,,,,
5,40,40.000000,agent_0,actor_logits,1,1,2,1.069709,-11.431063,12.500772,0.000050,0.999996,-11.431063,1.069709,,,,,,
5,40,40.000000,agent_1,actor_logits,1,1,3,2.146192,-4.827999,5.872688,0.026717,0.996263,-3.726496,2.146192,-4.827999,,,,,
5,40,40.000000,agent_2,actor_logits,1,1,2,1.055959,-11.412896,12.468856,0.000052,0.999996,-11.412896,1.055959,,,,,,
5,40,40.000000,agent_3,actor_logits,0,1,3,4.470748,-15.169965,1.278945,0.524020,0.782270,4.470748,3.191803,-15.169965,,,,,
5,40,40.000000,agent_4,actor_logits,0,1,3,4.480578,-15.148215,1.315969,0.515924,0.788510,4.480578,3.164609,-15.148215,,,,,
5,40,40.000000,agent_5,actor_logits,0,1,3,4.761479,-15.283868,1.532533,0.467771,0.822377,4.761479,3.228946,-15.283868,,,,,
5,42,42.000000,agent_0,actor_logits,1,1,3,7.446662,-7.786650,11.454071,0.000136,0.999989,-7.786650,7.446662,-4.007410,,,,,
5,42,42.000000,agent_1,actor_logits,0,1,4,3.328403,-4.130277,2.043887,0.373788,0.883150,3.328403,1.284516,-2.786562,-4.130277,,,,
5,42,42.000000,agent_2,actor_logits,1,1,3,7.475139,-7.793208,11.495934,0.000131,0.999990,-7.793208,7.475139,-4.020794,,,,,
5,42,42.000000,agent_3,actor_logits,1,1,3,7.057148,-9.842691,11.668127,0.000109,0.999991,-9.842691,7.057148,-4.610978,,,,,
5,42,42.000000,agent_4,actor_logits,1,1,3,7.020801,-9.789632,11.625356,0.000114,0.999991,-9.789632,7.020801,-4.604555,,,,,
5,42,42.000000,agent_5,actor_logits,1,1,3,7.110357,-9.591664,11.816140,0.000096,0.999993,-9.591664,7.110357,-4.705783,,,,,
5,44,44.000000,agent_0,actor_logits,2,1,4,5.768302,-12.362722,1.923045,0.539771,0.835865,3.845257,-12.362722,5.768302,2.776649,,,,
5,44,44.000000,agent_1,actor_logits,0,1,3,7.509468,-7.120668,9.756043,0.000630,0.999942,7.509468,-7.120668,-2.246576,,,,,
5,44,44.000000,agent_2,actor_logits,2,1,4,5.773332,-12.385387,1.884249,0.541913,0.833504,3.889083,-12.385387,5.773332,2.732825,,,,
5,44,44.000000,agent_3,actor_logits,2,1,4,7.123047,-12.217762,2.775233,0.236664,0.939538,0.917121,-12.217762,7.123047,4.347815,,,,
5,44,44.000000,agent_4,actor_logits,2,1,4,7.115546,-12.185808,2.736770,0.242192,0.937446,0.874912,-12.185808,7.115546,4.378776,,,,
5,44,44.000000,agent_5,actor_logits,2,1,4,6.972857,-12.083754,2.640958,0.259948,0.931365,0.940636,-12.083754,6.972857,4.331900,,,,
5,46,46.000000,agent_0,actor_logits,0,1,4,11.920515,-13.119429,8.786081,0.001529,0.999845,11.920515,-13.119429,-1.017313,3.134434,,,,
5,46,46.000000,agent_1,actor_logits,0,1,3,7.046846,-9.461533,6.509559,0.011168,0.998513,7.046846,-9.461533,0.537287,,,,,
5,46,46.000000,agent_2,actor_logits,0,1,4,11.950339,-13.105431,8.856283,0.001436,0.999855,11.950339,-13.105431,-1.031682,3.094056,,,,
5,46,46.000000,agent_3,actor_logits,0,1,4,10.192389,-12.291182,6.621473,0.010396,0.998648,10.192389,-12.291182,-0.515923,3.570917,,,,
5,46,46.000000,agent_4,actor_logits,0,1,4,10.173132,-12.274935,6.599056,0.010600,0.998618,10.173132,-12.274935,-0.516699,3.574076,,,,
5,46,46.000000,agent_5,actor_logits,0,1,4,10.223896,-12.156517,6.692636,0.009754,0.998743,10.223896,-12.156517,-0.643180,3.531260,,,,
5,48,48.000000,agent_0,actor_logits,1,1,3,4.543826,-6.707533,9.146254,0.001241,0.999880,-6.707533,4.543826,-4.602428,,,,,
5,48,48.000000,agent_1,actor_logits,2,1,3,10.483489,-13.139366,11.716983,0.000104,0.999992,-1.233494,-13.139366,10.483489,,,,,
5,48,48.000000,agent_2,actor_logits,1,1,3,4.560646,-6.691467,9.188253,0.001201,0.999885,-6.691467,4.560646,-4.627607,,,,,
5,48,48.000000,agent_3,actor_logits,1,1,3,5.553526,-7.944292,10.324244,0.000392,0.999966,-7.944292,5.553526,-4.770717,,,,,
5,48,48.000000,agent_4,actor_logits,1,1,3,5.558631,-7.945087,10.334579,0.000388,0.999966,-7.945087,5.558631,-4.775949,,,,,
5,48,48.000000,agent_5,actor_logits,1,1,3,5.600193,-7.862798,10.535013,0.000327,0.999972,-7.862798,5.600193,-4.934821,,,,,
5,50,50.000000,agent_0,actor_logits,2,1,3,4.640253,-9.105375,5.368784,0.029566,0.995361,-9.105375,-0.728531,4.640253,,,,,
5,50,50.000000,agent_1,actor_logits,1,1,4,3.575387,-7.443210,1.342344,0.811531,0.700072,-7.443210,3.575387,2.233044,1.786680,,,,
5,50,50.000000,agent_2,actor_logits,2,1,3,4.625268,-9.091840,5.348069,0.030084,0.995264,-9.091840,-0.722801,4.625268,,,,,
5,50,50.000000,agent_3,actor_logits,2,1,3,4.039809,-9.571969,4.445533,0.063225,0.988404,-9.571969,-0.405724,4.039809,,,,,
5,50,50.000000,agent_4,actor_logits,2,1,3,4.030738,-9.569862,4.434643,0.063783,0.988279,-9.569862,-0.403905,4.030738,,,,,
5,50,50.000000,agent_5,actor_logits,2,1,3,3.952731,-9.509628,4.342074,0.068709,0.987156,-9.509628,-0.389343,3.952731,,,,,
5,52,52.000000,agent_0,actor_logits,0,1,4,2.633858,-5.655696,0.714211,0.886673,0.608170,2.633858,-5.655696,1.919647,0.765956,,,,
5,52,52.000000,agent_1,actor_logits,0,1,4,3.879824,-5.847748,2.261143,0.453535,0.873976,3.879824,-5.847748,0.658584,1.618682,,,,
5,52,52.000000,agent_2,actor_logits,0,1,4,2.650138,-5.661009,0.734024,0.880673,0.613401,2.650138,-5.661009,1.916114,0.753261,,,,
5,52,52.000000,agent_3,actor_logits,0,1,4,2.542289,-5.014287,1.057916,0.797351,0.686297,2.542289,-5.014287,1.484373,0.329482,,,,
5,52,52.000000,agent_4,actor_logits,0,1,4,2.542307,-5.006648,1.064019,0.795765,0.687551,2.542307,-5.006648,1.478288,0.324467,,,,
5,52,52.000000,agent_5,actor_logits,0,1,4,2.566290,-4.986821,1.118676,0.779702,0.699239,2.566290,-4.986821,1.447614,0.292190,,,,
5,54,54.000000,agent_0,actor_logits,1,1,3,2.290005,-4.761356,6.068729,0.023263,0.996830,-4.761356,2.290005,-3.778724,,,,,
5,54,54.000000,agent_1,actor_logits,1,1,3,2.706178,-4.202518,6.858717,0.016124,0.997955,-4.152539,2.706178,-4.202518,,,,,
5,54,54.000000,agent_2,actor_logits,1,1,3,2.299270,-4.757424,6.083328,0.023028,0.996868,-4.757424,2.299270,-3.784058,,,,,
5,54,54.000000,agent_3,actor_logits,1,1,3,3.261566,-5.263014,7.666809,0.005944,0.999334,-5.263014,3.261566,-4.405242,,,,,
5,54,54.000000,agent_4,actor_logits,1,1,3,3.268979,-5.265460,7.680692,0.005878,0.999342,-5.265460,3.268979,-4.411714,,,,,
5,54,54.000000,agent_5,actor_logits,1,1,3,3.301205,-5.265459,7.746671,0.005598,0.999378,-5.265459,3.301205,-4.445467,,,,,
5,56,56.000000,agent_0,actor_logits,2,1,3,7.536821,-16.670738,4.142896,0.080500,0.984371,-16.670738,3.393926,7.536821,,,,,
5,56,56.000000,agent_1,actor_logits,2,1,3,7.549680,-16.409300,4.204405,0.076666,0.985290,-16.409300,3.345275,7.549680,,,,,
5,56,56.000000,agent_2,actor_logits,2,1,3,7.531631,-16.667185,4.133990,0.081070,0.984234,-16.667185,3.397641,7.531631,,,,,
5,56,56.000000,agent_3,actor_logits,2,1,3,6.863364,-17.011145,2.626925,0.246928,0.932574,-17.011145,4.236439,6.863364,,,,,
5,56,56.000000,agent_4,actor_logits,2,1,3,6.856607,-17.012695,2.613396,0.249170,0.931719,-17.012695,4.243212,6.856607,,,,,
5,56,56.000000,agent_5,actor_logits,2,1,3,6.826458,-17.017992,2.552800,0.259391,0.927761,-17.017992,4.273658,6.826458,,,,,
5,58,58.000000,agent_0,actor_logits,2,1,4,5.984577,-4.863752,0.832835,0.613806,0.696931,-4.464086,-4.863752,5.984577,5.151742,,,,
5,58,58.000000,agent_1,actor_logits,2,1,4,6.185789,-4.905904,1.233194,0.534269,0.774355,-4.529650,-4.905904,6.185789,4.952595,,,,
5,58,58.000000,agent_2,actor_logits,2,1,4,5.984732,-4.866769,0.841553,0.612270,0.698768,-4.455516,-4.866769,5.984732,5.143179,,,,
5,58,58.000000,agent_3,actor_logits,2,1,4,5.691598,-4.748740,0.770495,0.624686,0.683591,-4.230353,-4.748740,5.691598,4.921103,,,,
5,58,58.000000,agent_4,actor_logits,2,1,4,5.688790,-4.748407,0.768991,0.624939,0.683266,-4.227829,-4.748407,5.688790,4.919799,,,,
5,58,58.000000,agent_5,actor_logits,2,1,4,5.674750,-4.745940,0.754962,0.627267,0.680222,-4.218402,-4.745940,5.674750,4.919787,,,,
5,60,60.000000,agent_0,actor_logits,0,1,4,11.404380,-10.889648,8.838303,0.001453,0.999853,11.404380,-10.889648,-1.791343,2.566077,,,,
5,60,60.000000,agent_1,actor_logits,0,1,4,11.622263,-10.991070,9.161646,0.001087,0.999894,11.622263,-10.991070,-1.838941,2.460617,,,,
5,60,60.000000,agent_2,actor_logits,0,1,4,11.415258,-10.892332,8.855610,0.001431,0.999856,11.415258,-10.892332,-1.794344,2.559648,,,,
5,60,60.000000,agent_3,actor_logits,0,1,4,11.796065,-10.887878,9.396577,0.000876,0.999916,11.796065,-10.887878,-2.151581,2.399488,,,,
5,60,60.000000,agent_4,actor_logits,0,1,4,11.799629,-10.888464,9.401023,0.000872,0.999917,11.799629,-10.888464,-2.154498,2.398607,,,,
5,60,60.000000,agent_5,actor_logits,0,1,4,11.811980,-10.891199,9.413214,0.000863,0.999918,11.811980,-10.891199,-2.165612,2.398767,,,,
5,62,62.000000,agent_0,actor_logits,1,1,3,4.595777,-8.817533,6.292296,0.013493,0.998151,-8.817533,4.595777,-1.696519,,,,,
5,62,62.000000,agent_1,actor_logits,1,1,3,4.617140,-8.730930,6.381587,0.012496,0.998309,-8.730930,4.617140,-1.764446,,,,,
5,62,62.000000,agent_2,actor_logits,1,1,3,4.595450,-8.813695,6.292869,0.013486,0.998152,-8.813695,4.595450,-1.697419,,,,,
5,62,62.000000,agent_3,actor_logits,1,1,3,4.870564,-8.718769,6.877617,0.008129,0.998969,-8.718769,4.870564,-2.007053,,,,,
5,62,62.000000,agent_4,actor_logits,1,1,3,4.872484,-8.717319,6.882355,0.008096,0.998974,-8.717319,4.872484,-2.009871,,,,,
5,62,62.000000,agent_5,actor_logits,1,1,3,4.877345,-8.709583,6.896226,0.007999,0.998988,-8.709583,4.877345,-2.018881,,,,,
5,64,64.000000,agent_0,actor_logits,1,1,3,5.096617,-13.934743,0.271871,0.683993,0.567552,-13.934743,5.096617,4.824747,,,,,
5,64,64.000000,agent_1,actor_logits,1,1,3,5.137526,-13.917031,0.381704,0.675261,0.594284,-13.917031,5.137526,4.755822,,,,,
5,64,64.000000,agent_2,actor_logits,1,1,3,5.094761,-13.931334,0.270074,0.684112,0.567111,-13.931334,5.094761,4.824687,,,,,
5,64,64.000000,agent_3,actor_logits,1,1,3,5.343900,-13.899585,0.772299,0.623804,0.684018,-13.899585,5.343900,4.571601,,,,,
5,64,64.000000,agent_4,actor_logits,1,1,3,5.345240,-13.898882,0.775511,0.623267,0.684712,-13.898882,5.345240,4.569729,,,,,
5,64,64.000000,agent_5,actor_logits,1,1,3,5.349801,-13.896795,0.785455,0.621594,0.686855,-13.896795,5.349801,4.564346,,,,,
5,66,66.000000,agent_0,actor_logits,3,1,4,3.521675,-6.726937,0.792059,0.825845,0.641841,2.729616,-6.726937,1.268560,3.521675,,,,
5,66,66.000000,agent_1,actor_logits,3,1,4,3.582927,-6.694349,0.879207,0.798165,0.663536,2.703720,-6.694349,1.196204,3.582927,,,,
5,66,66.000000,agent_2,actor_logits,3,1,4,3.518222,-6.728065,0.785598,0.827144,0.640451,2.732624,-6.728065,1.269332,3.518222,,,,
5,66,66.000000,agent_3,actor_logits,3,1,4,3.362366,-6.719152,0.374003,0.851017,0.560103,2.988363,-6.719152,1.033118,3.362366,,,,
5,66,66.000000,agent_4,actor_logits,3,1,4,3.360838,-6.719396,0.370512,0.851178,0.559343,2.990326,-6.719396,1.031799,3.360838,,,,
5,66,66.000000,agent_5,actor_logits,3,1,4,3.357146,-6.718854,0.362527,0.851429,0.557631,2.994619,-6.718854,1.027644,3.357146,,,,
5,70,70.000000,agent_0,actor_logits,0,1,7,9.050423,-8.421329,8.338446,0.004845,0.999516,9.050423,-8.421329,-0.943539,-0.346869,0.711977,-0.868757,-0.558965,
5,70,70.000000,agent_1,actor_logits,0,1,7,9.055998,-8.358485,8.339267,0.004774,0.999524,9.055998,-8.358485,-1.005040,-0.378333,0.716731,-0.875282,-0.562006,
5,70,70.000000,agent_2,actor_logits,0,1,7,9.052622,-8.422981,8.340023,0.004837,0.999517,9.052622,-8.422981,-0.942802,-0.347641,0.712599,-0.868829,-0.558841,
5,70,70.000000,agent_3,actor_logits,0,1,7,9.092697,-8.181312,8.367504,0.004433,0.999559,9.092697,-8.181312,-1.120784,-0.584500,0.725193,-0.900581,-0.574898,
5,70,70.000000,agent_4,actor_logits,0,1,7,9.093014,-8.179794,8.368052,0.004430,0.999560,9.093014,-8.179794,-1.121951,-0.585971,0.724962,-0.900757,-0.575001,
5,70,70.000000,agent_5,actor_logits,0,1,7,9.093588,-8.174606,8.368726,0.004423,0.999561,9.093588,-8.174606,-1.125985,-0.589897,0.724862,-0.901302,-0.575272,
5,76,76.000000,agent_0,actor_logits,2,1,3,0.244529,-7.388625,2.810748,0.221787,0.942823,-7.388625,-2.566219,0.244529,,,,,
5,76,76.000000,agent_1,actor_logits,2,1,3,0.224491,-7.372221,2.792804,0.224621,0.941840,-7.372221,-2.568313,0.224491,,,,,
5,76,76.000000,agent_2,actor_logits,2,1,3,0.243921,-7.386904,2.810264,0.221867,0.942796,-7.386904,-2.566343,0.243921,,,,,
5,76,76.000000,agent_3,actor_logits,2,1,3,0.169683,-7.344088,2.714436,0.237048,0.937393,-7.344088,-2.544752,0.169683,,,,,
5,76,76.000000,agent_4,actor_logits,2,1,3,0.169594,-7.344570,2.714026,0.237111,0.937370,-7.344570,-2.544432,0.169594,,,,,
5,76,76.000000,agent_5,actor_logits,2,1,3,0.169037,-7.345701,2.712442,0.237359,0.937278,-7.345701,-2.543404,0.169037,,,,,
5,82,82.000000,agent_0,actor_logits,3,1,7,10.516883,-10.567886,4.666492,0.056727,0.990297,-10.567886,1.785948,1.567525,10.516883,5.850391,1.114879,-0.390505,
5,82,82.000000,agent_1,actor_logits,3,1,7,10.512310,-10.566315,4.659762,0.057035,0.990233,-10.566315,1.796703,1.556700,10.512310,5.852548,1.114238,-0.391128,
5,82,82.000000,agent_2,actor_logits,3,1,7,10.516789,-10.567726,4.666276,0.056736,0.990296,-10.567726,1.786173,1.567144,10.516789,5.850514,1.114856,-0.390498,
5,82,82.000000,agent_3,actor_logits,3,1,7,10.516517,-10.571655,4.658591,0.057079,0.990223,-10.571655,1.813491,1.542409,10.516517,5.857926,1.114889,-0.392664,
5,82,82.000000,agent_4,actor_logits,3,1,7,10.516583,-10.571649,4.658681,0.057075,0.990224,-10.571649,1.813362,1.542529,10.516583,5.857903,1.114905,-0.392664,
5,82,82.000000,agent_5,actor_logits,3,1,7,10.516684,-10.571814,4.658755,0.057071,0.990225,-10.571814,1.813393,1.542630,10.516684,5.857929,1.114928,-0.392686,
5,84,84.000000,agent_0,actor_logits,1,1,4,6.159162,-9.687798,1.969070,0.371977,0.877502,-5.228628,6.159162,4.190092,-9.687798,,,,
5,84,84.000000,agent_1,actor_logits,1,1,4,6.161171,-9.692372,1.979556,0.369761,0.878625,-5.223557,6.161171,4.181615,-9.692372,,,,
5,84,84.000000,agent_2,actor_logits,1,1,4,6.158998,-9.687718,1.968909,0.372011,0.877485,-5.228541,6.158998,4.190089,-9.687718,,,,
5,84,84.000000,agent_3,actor_logits,1,1,4,6.166273,-9.698759,1.986700,0.368254,0.879385,-5.226355,6.166273,4.179573,-9.698759,,,,
5,84,84.000000,agent_4,actor_logits,1,1,4,6.166309,-9.698785,1.986664,0.368261,0.879381,-5.226413,6.166309,4.179645,-9.698785,,,,
5,84,84.000000,agent_5,actor_logits,1,1,4,6.166480,-9.698917,1.986873,0.368217,0.879403,-5.226488,6.166480,4.179606,-9.698917,,,,
5,86,86.000000,agent_0,actor_logits,0,1,4,5.282176,-9.464385,2.410924,0.420601,0.887223,5.282176,1.995536,-9.464385,2.871252,,,,
5,86,86.000000,agent_1,actor_logits,0,1,4,5.291152,-9.472705,2.422275,0.417762,0.888299,5.291152,1.995042,-9.472705,2.868877,,,,
5,86,86.000000,agent_2,actor_logits,0,1,4,5.282215,-9.464351,2.410987,0.420578,0.887232,5.282215,1.995447,-9.464351,2.871228,,,,
5,86,86.000000,agent_3,actor_logits,0,1,4,5.292315,-9.473144,2.420662,0.417607,0.888312,5.292315,1.991882,-9.473144,2.871653,,,,
5,86,86.000000,agent_4,actor_logits,0,1,4,5.292260,-9.473073,2.420581,0.417624,0.888305,5.292260,1.991866,-9.473073,2.871679,,,,
5,86,86.000000,agent_5,actor_logits,0,1,4,5.292302,-9.473138,2.420615,0.417617,0.888308,5.292302,1.991890,-9.473138,2.871687,,,,
5,88,88.000000,agent_0,actor_logits,1,1,4,6.610335,-6.118718,4.861532,0.045133,0.992314,-5.850412,6.610335,1.748803,-6.118718,,,,
5,88,88.000000,agent_1,actor_logits,1,1,4,6.606336,-6.125185,4.859720,0.045201,0.992300,-5.839867,6.606336,1.746615,-6.125185,,,,
5,88,88.000000,agent_2,actor_logits,1,1,4,6.610300,-6.118854,4.861457,0.045136,0.992313,-5.850370,6.610300,1.748843,-6.118854,,,,
5,88,88.000000,agent_3,actor_logits,1,1,4,6.604118,-6.118111,4.858387,0.045251,0.992290,-5.839903,6.604118,1.745731,-6.118111,,,,
5,88,88.000000,agent_4,actor_logits,1,1,4,6.604128,-6.117995,4.858416,0.045250,0.992290,-5.839953,6.604128,1.745712,-6.117995,,,,
5,88,88.000000,agent_5,actor_logits,1,1,4,6.604113,-6.117890,4.858450,0.045249,0.992290,-5.839919,6.604113,1.745663,-6.117890,,,,
5,90,90.000000,agent_0,actor_logits,1,1,4,8.378442,-7.865151,5.700188,0.022519,0.996651,-2.779330,8.378442,-7.865151,2.678254,,,,
5,90,90.000000,agent_1,actor_logits,1,1,4,8.378355,-7.873536,5.700556,0.022514,0.996653,-2.769549,8.378355,-7.873536,2.677799,,,,
5,90,90.000000,agent_2,actor_logits,1,1,4,8.378429,-7.865257,5.700195,0.022519,0.996651,-2.779211,8.378429,-7.865257,2.678234,,,,
5,90,90.000000,agent_3,actor_logits,1,1,4,8.379679,-7.869674,5.702101,0.022484,0.996658,-2.774235,8.379679,-7.869674,2.677578,,,,
5,90,90.000000,agent_4,actor_logits,1,1,4,8.379675,-7.869568,5.702125,0.022483,0.996658,-2.774323,8.379675,-7.869568,2.677551,,,,
5,90,90.000000,agent_5,actor_logits,1,1,4,8.379693,-7.869506,5.702151,0.022483,0.996658,-2.774383,8.379693,-7.869506,2.677542,,,,
5,92,92.000000,agent_0,actor_logits,1,1,4,10.965111,-10.197178,7.349766,0.005369,0.999357,-3.971935,10.965111,-10.197178,3.615345,,,,
5,92,92.000000,agent_1,actor_logits,1,1,4,10.961763,-10.199739,7.347319,0.005380,0.999356,-3.965083,10.961763,-10.199739,3.614444,,,,
5,92,92.000000,agent_2,actor_logits,1,1,4,10.965057,-10.197268,7.349751,0.005369,0.999357,-3.971776,10.965057,-10.197268,3.615307,,,,
5,92,92.000000,agent_3,actor_logits,1,1,4,10.963203,-10.197643,7.347333,0.005380,0.999356,-3.969201,10.963203,-10.197643,3.615870,,,,
5,92,92.000000,agent_4,actor_logits,1,1,4,10.963215,-10.197585,7.347372,0.005380,0.999356,-3.969249,10.963215,-10.197585,3.615843,,,,
5,92,92.000000,agent_5,actor_logits,1,1,4,10.963244,-10.197527,7.347388,0.005380,0.999356,-3.969336,10.963244,-10.197527,3.615857,,,,
5,94,94.000000,agent_0,actor_logits,1,1,4,7.920936,-12.965980,2.274570,0.316718,0.905961,0.971166,7.920936,-12.965980,5.646367,,,,
5,94,94.000000,agent_1,actor_logits,1,1,4,7.918431,-12.968390,2.273888,0.316903,0.905896,0.977863,7.918431,-12.968390,5.644543,,,,
5,94,94.000000,agent_2,actor_logits,1,1,4,7.920887,-12.966086,2.274593,0.316715,0.905963,0.971378,7.920887,-12.966086,5.646294,,,,
5,94,94.000000,agent_3,actor_logits,1,1,4,7.919973,-12.965723,2.273293,0.316972,0.905852,0.971904,7.919973,-12.965723,5.646680,,,,
5,94,94.000000,agent_4,actor_logits,1,1,4,7.919958,-12.965670,2.273282,0.316974,0.905851,0.971866,7.919958,-12.965670,5.646676,,,,
5,94,94.000000,agent_5,actor_logits,1,1,4,7.919979,-12.965594,2.273259,0.316978,0.905849,0.971737,7.919979,-12.965594,5.646719,,,,
5,96,96.000000,agent_0,actor_logits,1,1,4,9.199643,-11.512757,4.819226,0.046976,0.991962,-1.205378,9.199643,-11.512757,4.380417,,,,
5,96,96.000000,agent_1,actor_logits,1,1,4,9.198477,-11.516708,4.819331,0.046975,0.991962,-1.198789,9.198477,-11.516708,4.379146,,,,
5,96,96.000000,agent_2,actor_logits,1,1,4,9.199594,-11.512890,4.819230,0.046976,0.991962,-1.205141,9.199594,-11.512890,4.380364,,,,
5,96,96.000000,agent_3,actor_logits,1,1,4,9.199934,-11.513535,4.819053,0.046983,0.991960,-1.205173,9.199934,-11.513535,4.380881,,,,
5,96,96.000000,agent_4,actor_logits,1,1,4,9.199903,-11.513453,4.819047,0.046983,0.991960,-1.205209,9.199903,-11.513453,4.380856,,,,
5,96,96.000000,agent_5,actor_logits,1,1,4,9.199926,-11.513363,4.819043,0.046983,0.991960,-1.205356,9.199926,-11.513363,4.380884,,,,
5,98,98.000000,agent_0,actor_logits,0,1,3,5.255589,-11.316105,5.459306,0.027388,0.995761,5.255589,-11.316105,-0.203718,,,,,
5,98,98.000000,agent_1,actor_logits,0,1,3,5.257995,-11.319416,5.460264,0.027366,0.995765,5.257995,-11.319416,-0.202268,,,,,
5,98,98.000000,agent_2,actor_logits,0,1,3,5.255690,-11.316243,5.459349,0.027387,0.995762,5.255690,-11.316243,-0.203659,,,,,
5,98,98.000000,agent_3,actor_logits,0,1,3,5.255058,-11.316027,5.458537,0.027406,0.995758,5.255058,-11.316027,-0.203479,,,,,
5,98,98.000000,agent_4,actor_logits,0,1,3,5.255080,-11.315989,5.458595,0.027404,0.995758,5.255080,-11.315989,-0.203515,,,,,
5,98,98.000000,agent_5,actor_logits,0,1,3,5.255021,-11.315900,5.458576,0.027405,0.995758,5.255021,-11.315900,-0.203555,,,,,
5,100,100.000000,agent_0,actor_logits,0,1,3,5.370280,-12.630415,2.337685,0.298002,0.911950,5.370280,3.032595,-12.630415,,,,,
5,100,100.000000,agent_1,actor_logits,0,1,3,5.375010,-12.631234,2.343662,0.296882,0.912429,5.375010,3.031348,-12.631234,,,,,
5,100,100.000000,agent_2,actor_logits,0,1,3,5.370476,-12.630422,2.337966,0.297950,0.911973,5.370476,3.032511,-12.630422,,,,,
5,100,100.000000,agent_3,actor_logits,0,1,3,5.370166,-12.630630,2.337185,0.298096,0.911910,5.370166,3.032981,-12.630630,,,,,
5,100,100.000000,agent_4,actor_logits,0,1,3,5.370095,-12.630631,2.337080,0.298116,0.911902,5.370095,3.033015,-12.630631,,,,,
5,100,100.000000,agent_5,actor_logits,0,1,3,5.369961,-12.630630,2.336887,0.298152,0.911886,5.369961,3.033074,-12.630630,,,,,
5,102,102.000000,agent_0,actor_logits,0,1,2,6.128727,-21.400005,27.528732,0.000000,1.000000,6.128727,-21.400005,,,,,,
5,102,102.000000,agent_1,actor_logits,0,1,2,6.132149,-21.399069,27.531218,0.000000,1.000000,6.132149,-21.399069,,,,,,
5,102,102.000000,agent_2,actor_logits,0,1,2,6.128874,-21.399961,27.528835,0.000000,1.000000,6.128874,-21.399961,,,,,,
5,102,102.000000,agent_3,actor_logits,0,1,2,6.128455,-21.400135,27.528589,0.000000,1.000000,6.128455,-21.400135,,,,,,
5,102,102.000000,agent_4,actor_logits,0,1,2,6.128449,-21.400139,27.528587,0.000000,1.000000,6.128449,-21.400139,,,,,,
5,102,102.000000,agent_5,actor_logits,0,1,2,6.128356,-21.400167,27.528524,0.000000,1.000000,6.128356,-21.400167,,,,,,
5,104,104.000000,agent_0,actor_logits,1,1,3,4.602271,-14.399640,1.987510,0.367961,0.879479,-14.399640,4.602271,2.614761,,,,,
5,104,104.000000,agent_1,actor_logits,1,1,3,4.604829,-14.398645,1.992220,0.366969,0.879978,-14.398645,4.604829,2.612609,,,,,
5,104,104.000000,agent_2,actor_logits,1,1,3,4.602369,-14.399587,1.987689,0.367923,0.879498,-14.399587,4.602369,2.614680,,,,,
5,104,104.000000,agent_3,actor_logits,1,1,3,4.602471,-14.399974,1.987808,0.367898,0.879511,-14.399974,4.602471,2.614664,,,,,
5,104,104.000000,agent_4,actor_logits,1,1,3,4.602438,-14.399963,1.987753,0.367910,0.879505,-14.399963,4.602438,2.614685,,,,,
5,104,104.000000,agent_5,actor_logits,1,1,3,4.602376,-14.399999,1.987637,0.367934,0.879493,-14.399999,4.602376,2.614738,,,,,
5,106,106.000000,agent_0,actor_logits,2,1,3,10.497521,-8.960428,18.917656,0.000000,1.000000,-8.420134,-8.960428,10.497521,,,,,
5,106,106.000000,agent_1,actor_logits,2,1,3,10.496440,-8.959288,18.915905,0.000000,1.000000,-8.419466,-8.959288,10.496440,,,,,
5,106,106.000000,agent_2,actor_logits,2,1,3,10.497484,-8.960384,18.917587,0.000000,1.000000,-8.420103,-8.960384,10.497484,,,,,
5,106,106.000000,agent_3,actor_logits,2,1,3,10.497306,-8.960303,18.917437,0.000000,1.000000,-8.420131,-8.960303,10.497306,,,,,
5,106,106.000000,agent_4,actor_logits,2,1,3,10.497325,-8.960317,18.917461,0.000000,1.000000,-8.420135,-8.960317,10.497325,,,,,
5,106,106.000000,agent_5,actor_logits,2,1,3,10.497352,-8.960344,18.917507,0.000000,1.000000,-8.420155,-8.960344,10.497352,,,,,
5,108,108.000000,agent_0,actor_logits,2,1,4,4.152375,-9.332023,0.085551,0.740117,0.516321,-9.332023,4.066823,4.152375,0.176987,,,,
5,108,108.000000,agent_1,actor_logits,2,1,4,4.151050,-9.333305,0.082180,0.740216,0.515484,-9.333305,4.068870,4.151050,0.178051,,,,
5,108,108.000000,agent_2,actor_logits,2,1,4,4.152326,-9.332072,0.085424,0.740121,0.516289,-9.332072,4.066902,4.152326,0.177028,,,,
5,108,108.000000,agent_3,actor_logits,2,1,4,4.152227,-9.332047,0.085268,0.740125,0.516251,-9.332047,4.066959,4.152227,0.177009,,,,
5,108,108.000000,agent_4,actor_logits,2,1,4,4.152252,-9.332014,0.085330,0.740122,0.516266,-9.332014,4.066922,4.152252,0.176982,,,,
5,108,108.000000,agent_5,actor_logits,2,1,4,4.152286,-9.331977,0.085417,0.740120,0.516288,-9.331977,4.066869,4.152286,0.176952,,,,
5,110,110.000000,agent_0,actor_logits,3,1,4,2.245986,-3.880136,0.118109,0.855944,0.504101,2.127876,-3.880136,-0.129771,2.245986,,,,
5,110,110.000000,agent_1,actor_logits,3,1,4,2.246578,-3.879001,0.119450,0.855857,0.504432,2.127128,-3.879001,-0.130359,2.246578,,,,
5,110,110.000000,agent_2,actor_logits,3,1,4,2.246010,-3.880092,0.118162,0.855940,0.504114,2.127848,-3.880092,-0.129795,2.246010,,,,
5,110,110.000000,agent_3,actor_logits,3,1,4,2.245951,-3.880030,0.118155,0.855948,0.504111,2.127796,-3.880030,-0.129788,2.245951,,,,
5,110,110.000000,agent_4,actor_logits,3,1,4,2.245932,-3.880054,0.118102,0.855949,0.504099,2.127830,-3.880054,-0.129784,2.245932,,,,
5,110,110.000000,agent_5,actor_logits,3,1,4,2.245913,-3.880084,0.118060,0.855951,0.504088,2.127853,-3.880084,-0.129770,2.245913,,,,
5,112,112.000000,agent_0,actor_logits,0,1,4,10.259526,-5.900224,9.235899,0.001003,0.999902,10.259526,-4.950625,-5.900224,1.023627,,,,
5,112,112.000000,agent_1,actor_logits,0,1,4,10.259245,-5.900370,9.235389,0.001004,0.999902,10.259245,-4.950379,-5.900370,1.023856,,,,
5,112,112.000000,agent_2,actor_logits,0,1,4,10.259518,-5.900229,9.235880,0.001003,0.999902,10.259518,-4.950617,-5.900229,1.023638,,,,
5,112,112.000000,agent_3,actor_logits,0,1,4,10.259476,-5.900261,9.235923,0.001003,0.999902,10.259476,-4.950519,-5.900261,1.023553,,,,
5,112,112.000000,agent_4,actor_logits,0,1,4,10.259503,-5.900267,9.235962,0.001003,0.999902,10.259503,-4.950526,-5.900267,1.023541,,,,
5,112,112.000000,agent_5,actor_logits,0,1,4,10.259516,-5.900267,9.235985,0.001003,0.999902,10.259516,-4.950531,-5.900267,1.023531,,,,
5,114,114.000000,agent_0,actor_logits,2,1,4,5.513364,-7.220828,5.822713,0.025872,0.996359,-0.309349,-1.762618,5.513364,-7.220828,,,,
5,114,114.000000,agent_1,actor_logits,2,1,4,5.513422,-7.220541,5.823042,0.025866,0.996360,-0.309620,-1.762600,5.513422,-7.220541,,,,
5,114,114.000000,agent_2,actor_logits,2,1,4,5.513367,-7.220813,5.822727,0.025871,0.996359,-0.309360,-1.762619,5.513367,-7.220813,,,,
5,114,114.000000,agent_3,actor_logits,2,1,4,5.513320,-7.220911,5.822686,0.025873,0.996359,-0.309365,-1.762516,5.513320,-7.220911,,,,
5,114,114.000000,agent_4,actor_logits,2,1,4,5.513313,-7.220918,5.822660,0.025873,0.996359,-0.309348,-1.762519,5.513313,-7.220918,,,,
5,114,114.000000,agent_5,actor_logits,2,1,4,5.513310,-7.220930,5.822648,0.025873,0.996358,-0.309337,-1.762518,5.513310,-7.220930,,,,
5,116,116.000000,agent_0,actor_logits,0,1,4,16.335466,-17.000891,15.161385,0.000005,1.000000,16.335466,-17.000891,-0.174778,1.174082,,,,
5,116,116.000000,agent_1,actor_logits,0,1,4,16.335121,-17.001013,15.160883,0.000005,1.000000,16.335121,-17.001013,-0.174489,1.174238,,,,
5,116,116.000000,agent_2,actor_logits,0,1,4,16.335451,-17.000898,15.161362,0.000005,1.000000,16.335451,-17.000898,-0.174764,1.174090,,,,
5,116,116.000000,agent_3,actor_logits,0,1,4,16.335455,-17.000826,15.161434,0.000005,1.000000,16.335455,-17.000826,-0.174818,1.174021,,,,
5,116,116.000000,agent_4,actor_logits,0,1,4,16.335459,-17.000826,15.161442,0.000005,1.000000,16.335459,-17.000826,-0.174820,1.174017,,,,
5,116,116.000000,agent_5,actor_logits,0,1,4,16.335470,-17.000822,15.161460,0.000005,1.000000,16.335470,-17.000822,-0.174828,1.174011,,,,
5,118,118.000000,agent_0,actor_logits,1,1,3,5.624936,-8.231061,7.885709,0.003355,0.999623,-2.260772,5.624936,-8.231061,,,,,
5,118,118.000000,agent_1,actor_logits,1,1,3,5.624968,-8.230735,7.886177,0.003353,0.999623,-2.261209,5.624968,-8.230735,,,,,
5,118,118.000000,agent_2,actor_logits,1,1,3,5.624934,-8.231046,7.885722,0.003355,0.999623,-2.260788,5.624934,-8.231046,,,,,
5,118,118.000000,agent_3,actor_logits,1,1,3,5.625100,-8.231148,7.885934,0.003354,0.999623,-2.260834,5.625100,-8.231148,,,,,
5,118,118.000000,agent_4,actor_logits,1,1,3,5.625096,-8.231158,7.885912,0.003354,0.999623,-2.260816,5.625096,-8.231158,,,,,
5,118,118.000000,agent_5,actor_logits,1,1,3,5.625098,-8.231170,7.885901,0.003354,0.999623,-2.260804,5.625098,-8.231170,,,,,
5,120,120.000000,agent_0,actor_logits,2,1,3,5.702315,-9.497911,7.952602,0.003152,0.999648,-2.250287,-9.497911,5.702315,,,,,
5,120,120.000000,agent_1,actor_logits,2,1,3,5.702625,-9.498045,7.953332,0.003150,0.999648,-2.250708,-9.498045,5.702625,,,,,
5,120,120.000000,agent_2,actor_logits,2,1,3,5.702330,-9.497920,7.952633,0.003152,0.999648,-2.250303,-9.497920,5.702330,,,,,
5,120,120.000000,agent_3,actor_logits,2,1,3,5.702258,-9.497822,7.952583,0.003152,0.999648,-2.250325,-9.497822,5.702258,,,,,
5,120,120.000000,agent_4,actor_logits,2,1,3,5.702253,-9.497828,7.952565,0.003152,0.999648,-2.250312,-9.497828,5.702253,,,,,
5,120,120.000000,agent_5,actor_logits,2,1,3,5.702243,-9.497822,7.952543,0.003152,0.999648,-2.250301,-9.497822,5.702243,,,,,
5,122,122.000000,agent_0,actor_logits,0,1,4,4.842806,-3.787393,2.329234,0.303498,0.910879,4.842806,-3.787393,-3.297015,2.513572,,,,
5,122,122.000000,agent_1,actor_logits,0,1,4,4.842707,-3.787847,2.328894,0.303562,0.910851,4.842707,-3.787847,-3.296608,2.513813,,,,
5,122,122.000000,agent_2,actor_logits,0,1,4,4.842803,-3.787411,2.329219,0.303501,0.910878,4.842803,-3.787411,-3.296999,2.513583,,,,
5,122,122.000000,agent_3,actor_logits,0,1,4,4.842781,-3.787337,2.329259,0.303493,0.910881,4.842781,-3.787337,-3.297018,2.513521,,,,
5,122,122.000000,agent_4,actor_logits,0,1,4,4.842776,-3.787328,2.329253,0.303494,0.910881,4.842776,-3.787328,-3.297021,2.513522,,,,
5,122,122.000000,agent_5,actor_logits,0,1,4,4.842777,-3.787313,2.329262,0.303493,0.910881,4.842777,-3.787313,-3.297033,2.513515,,,,
5,124,124.000000,agent_0,actor_logits,0,1,3,4.249339,-5.730965,6.738747,0.009661,0.998771,4.249339,-5.730965,-2.489408,,,,,
5,124,124.000000,agent_1,actor_logits,0,1,3,4.249143,-5.731155,6.738238,0.009665,0.998771,4.249143,-5.731155,-2.489095,,,,,
5,124,124.000000,agent_2,actor_logits,0,1,3,4.249331,-5.730974,6.738725,0.009661,0.998771,4.249331,-5.730974,-2.489394,,,,,
5,124,124.000000,agent_3,actor_logits,0,1,3,4.249342,-5.730919,6.738796,0.009661,0.998771,4.249342,-5.730919,-2.489454,,,,,
5,124,124.000000,agent_4,actor_logits,0,1,3,4.249344,-5.730917,6.738801,0.009661,0.998771,4.249344,-5.730917,-2.489457,,,,,
5,124,124.000000,agent_5,actor_logits,0,1,3,4.249350,-5.730911,6.738816,0.009660,0.998771,4.249350,-5.730911,-2.489466,,,,,
5,126,126.000000,agent_0,actor_logits,0,1,3,14.911104,-15.955873,15.281933,0.000004,1.000000,14.911104,-15.955873,-0.370829,,,,,
5,126,126.000000,agent_1,actor_logits,0,1,3,14.910893,-15.955996,15.281529,0.000004,1.000000,14.910893,-15.955996,-0.370636,,,,,
5,126,126.000000,agent_2,actor_logits,0,1,3,14.911094,-15.955875,15.281915,0.000004,1.000000,14.911094,-15.955875,-0.370821,,,,,
5,126,126.000000,agent_3,actor_logits,0,1,3,14.911160,-15.955927,15.281982,0.000004,1.000000,14.911160,-15.955927,-0.370823,,,,,
5,126,126.000000,agent_4,actor_logits,0,1,3,14.911160,-15.955923,15.281985,0.000004,1.000000,14.911160,-15.955923,-0.370825,,,,,
5,126,126.000000,agent_5,actor_logits,0,1,3,14.911165,-15.955919,15.281997,0.000004,1.000000,14.911165,-15.955919,-0.370831,,,,,
5,128,128.000000,agent_0,actor_logits,0,1,3,13.685724,-10.900559,20.397156,0.000000,1.000000,13.685724,-6.711432,-10.900559,,,,,
5,128,128.000000,agent_1,actor_logits,0,1,3,13.685709,-10.900413,20.397375,0.000000,1.000000,13.685709,-6.711667,-10.900413,,,,,
5,128,128.000000,agent_2,actor_logits,0,1,3,13.685722,-10.900554,20.397165,0.000000,1.000000,13.685722,-6.711442,-10.900554,,,,,
5,128,128.000000,agent_3,actor_logits,0,1,3,13.685715,-10.900578,20.397146,0.000000,1.000000,13.685715,-6.711432,-10.900578,,,,,
5,128,128.000000,agent_4,actor_logits,0,1,3,13.685715,-10.900577,20.397144,0.000000,1.000000,13.685715,-6.711429,-10.900577,,,,,
5,128,128.000000,agent_5,actor_logits,0,1,3,13.685715,-10.900581,20.397137,0.000000,1.000000,13.685715,-6.711422,-10.900581,,,,,
5,130,130.000000,agent_0,actor_logits,0,1,3,9.336647,-13.644326,8.635873,0.001711,0.999822,9.336647,-13.644326,0.700775,,,,,
5,130,130.000000,agent_1,actor_logits,0,1,3,9.336535,-13.644363,8.635704,0.001711,0.999822,9.336535,-13.644363,0.700831,,,,,
5,130,130.000000,agent_2,actor_logits,0,1,3,9.336643,-13.644328,8.635866,0.001711,0.999822,9.336643,-13.644328,0.700777,,,,,
5,130,130.000000,agent_3,actor_logits,0,1,3,9.336643,-13.644327,8.635875,0.001711,0.999822,9.336643,-13.644327,0.700768,,,,,
5,130,130.000000,agent_4,actor_logits,0,1,3,9.336643,-13.644326,8.635875,0.001711,0.999822,9.336643,-13.644326,0.700769,,,,,
5,130,130.000000,agent_5,actor_logits,0,1,3,9.336645,-13.644325,8.635879,0.001711,0.999822,9.336645,-13.644325,0.700767,,,,,
5,132,132.000000,agent_0,actor_logits,2,1,3,6.852693,-14.742190,1.200217,0.541006,0.768563,5.652476,-14.742190,6.852693,,,,,
5,132,132.000000,agent_1,actor_logits,2,1,3,6.852762,-14.742124,1.200355,0.540977,0.768588,5.652407,-14.742124,6.852762,,,,,
5,132,132.000000,agent_2,actor_logits,2,1,3,6.852696,-14.742188,1.200223,0.541005,0.768565,5.652473,-14.742188,6.852696,,,,,
5,132,132.000000,agent_3,actor_logits,2,1,3,6.852692,-14.742193,1.200222,0.541005,0.768564,5.652470,-14.742193,6.852692,,,,,
5,132,132.000000,agent_4,actor_logits,2,1,3,6.852692,-14.742193,1.200221,0.541006,0.768564,5.652471,-14.742193,6.852692,,,,,
5,132,132.000000,agent_5,actor_logits,2,1,3,6.852690,-14.742196,1.200218,0.541006,0.768564,5.652472,-14.742196,6.852690,,,,,
5,134,134.000000,agent_0,actor_logits,1,1,4,6.485471,-8.681793,3.011649,0.193064,0.952677,-8.681793,6.485471,-1.191216,3.473822,,,,
5,134,134.000000,agent_1,actor_logits,1,1,4,6.485373,-8.681713,3.011571,0.193075,0.952673,-8.681713,6.485373,-1.191162,3.473803,,,,
5,134,134.000000,agent_2,actor_logits,1,1,4,6.485467,-8.681789,3.011648,0.193065,0.952676,-8.681789,6.485467,-1.191214,3.473820,,,,
5,134,134.000000,agent_3,actor_logits,1,1,4,6.485465,-8.681805,3.011618,0.193069,0.952675,-8.681805,6.485465,-1.191211,3.473847,,,,
5,134,134.000000,agent_4,actor_logits,1,1,4,6.485466,-8.681806,3.011620,0.193068,0.952675,-8.681806,6.485466,-1.191211,3.473846,,,,
5,134,134.000000,agent_5,actor_logits,1,1,4,6.485468,-8.681808,3.011622,0.193068,0.952675,-8.681808,6.485468,-1.191213,3.473847,,,,
5,136,136.000000,agent_0,actor_logits,1,1,3,2.048435,-4.490795,6.453820,0.022571,0.996989,-4.405385,2.048435,-4.490795,,,,,
5,136,136.000000,agent_1,actor_logits,1,1,3,2.048380,-4.490758,6.453724,0.022573,0.996989,-4.405344,2.048380,-4.490758,,,,,
5,136,136.000000,agent_2,actor_logits,1,1,3,2.048432,-4.490793,6.453814,0.022571,0.996989,-4.405382,2.048432,-4.490793,,,,,
5,136,136.000000,agent_3,actor_logits,1,1,3,2.048437,-4.490797,6.453825,0.022571,0.996989,-4.405388,2.048437,-4.490797,,,,,
5,136,136.000000,agent_4,actor_logits,1,1,3,2.048438,-4.490798,6.453827,0.022571,0.996989,-4.405389,2.048438,-4.490798,,,,,
5,136,136.000000,agent_5,actor_logits,1,1,3,2.048439,-4.490798,6.453828,0.022571,0.996989,-4.405389,2.048439,-4.490798,,,,,
5,138,138.000000,agent_0,actor_logits,0,1,4,5.308382,-8.042942,3.114764,0.213784,0.951297,5.308382,-8.042942,0.318421,2.193617,,,,
5,138,138.000000,agent_1,actor_logits,0,1,4,5.308444,-8.042993,3.114805,0.213776,0.951299,5.308444,-8.042993,0.318410,2.193638,,,,
5,138,138.000000,agent_2,actor_logits,0,1,4,5.308384,-8.042943,3.114766,0.213784,0.951297,5.308384,-8.042943,0.318419,2.193619,,,,
5,138,138.000000,agent_3,actor_logits,0,1,4,5.308381,-8.042952,3.114756,0.213785,0.951297,5.308381,-8.042952,0.318426,2.193625,,,,
5,138,138.000000,agent_4,actor_logits,0,1,4,5.308382,-8.042951,3.114757,0.213785,0.951297,5.308382,-8.042951,0.318425,2.193624,,,,
5,138,138.000000,agent_5,actor_logits,0,1,4,5.308378,-8.042950,3.114753,0.213786,0.951296,5.308378,-8.042950,0.318426,2.193625,,,,
5,140,140.000000,agent_0,actor_logits,0,1,3,14.842919,-14.437695,20.599003,0.000000,1.000000,14.842919,-5.756083,-14.437695,,,,,
5,140,140.000000,agent_1,actor_logits,0,1,3,14.842907,-14.437671,20.599007,0.000000,1.000000,14.842907,-5.756100,-14.437671,,,,,
5,140,140.000000,agent_2,actor_logits,0,1,3,14.842919,-14.437693,20.599003,0.000000,1.000000,14.842919,-5.756084,-14.437693,,,,,
5,140,140.000000,agent_3,actor_logits,0,1,3,14.842919,-14.437690,20.599009,0.000000,1.000000,14.842919,-5.756089,-14.437690,,,,,
5,140,140.000000,agent_4,actor_logits,0,1,3,14.842920,-14.437690,20.599010,0.000000,1.000000,14.842920,-5.756090,-14.437690,,,,,
5,140,140.000000,agent_5,actor_logits,0,1,3,14.842920,-14.437690,20.599009,0.000000,1.000000,14.842920,-5.756089,-14.437690,,,,,
5,142,142.000000,agent_0,actor_logits,0,1,2,-6.892826,-7.530344,0.637518,0.644813,0.654192,-6.892826,-7.530344,,,,,,
5,142,142.000000,agent_1,actor_logits,0,1,2,-6.892830,-7.530361,0.637531,0.644811,0.654195,-6.892830,-7.530361,,,,,,
5,142,142.000000,agent_2,actor_logits,0,1,2,-6.892826,-7.530345,0.637520,0.644813,0.654193,-6.892826,-7.530345,,,,,,
5,142,142.000000,agent_3,actor_logits,0,1,2,-6.892825,-7.530350,0.637525,0.644812,0.654194,-6.892825,-7.530350,,,,,,
5,142,142.000000,agent_4,actor_logits,0,1,2,-6.892825,-7.530350,0.637526,0.644812,0.654194,-6.892825,-7.530350,,,,,,
5,142,142.000000,agent_5,actor_logits,0,1,2,-6.892826,-7.530349,0.637524,0.644812,0.654194,-6.892826,-7.530349,,,,,,
5,144,144.000000,agent_0,actor_logits,1,1,3,-0.208412,-4.699139,3.060140,0.239643,0.945096,-3.268553,-0.208412,-4.699139,,,,,
5,144,144.000000,agent_1,actor_logits,1,1,3,-0.208402,-4.699112,3.060176,0.239639,0.945097,-3.268578,-0.208402,-4.699112,,,,,
5,144,144.000000,agent_2,actor_logits,1,1,3,-0.208413,-4.699137,3.060140,0.239643,0.945096,-3.268553,-0.208413,-4.699137,,,,,
5,144,144.000000,agent_3,actor_logits,1,1,3,-0.208400,-4.699126,3.060174,0.239638,0.945097,-3.268574,-0.208400,-4.699126,,,,,
5,144,144.000000,agent_4,actor_logits,1,1,3,-0.208401,-4.699127,3.060169,0.239639,0.945097,-3.268571,-0.208401,-4.699127,,,,,
5,144,144.000000,agent_5,actor_logits,1,1,3,-0.208401,-4.699127,3.060171,0.239639,0.945097,-3.268572,-0.208401,-4.699127,,,,,
5,146,146.000000,agent_0,actor_logits,2,1,3,8.036204,-21.138418,3.860564,0.100450,0.979378,-21.138418,4.175640,8.036204,,,,,
5,146,146.000000,agent_1,actor_logits,2,1,3,8.036231,-21.138433,3.860594,0.100447,0.979379,-21.138433,4.175637,8.036231,,,,,
5,146,146.000000,agent_2,actor_logits,2,1,3,8.036206,-21.138418,3.860567,0.100449,0.979378,-21.138418,4.175640,8.036206,,,,,
5,146,146.000000,agent_3,actor_logits,2,1,3,8.036219,-21.138432,3.860580,0.100448,0.979378,-21.138432,4.175639,8.036219,,,,,
5,146,146.000000,agent_4,actor_logits,2,1,3,8.036216,-21.138430,3.860577,0.100449,0.979378,-21.138430,4.175639,8.036216,,,,,
5,146,146.000000,agent_5,actor_logits,2,1,3,8.036216,-21.138430,3.860577,0.100449,0.979378,-21.138430,4.175639,8.036216,,,,,
5,148,148.000000,agent_0,actor_logits,3,1,4,8.923635,-12.404362,4.585525,0.062147,0.989217,-12.404362,4.338109,1.662560,8.923635,,,,
5,148,148.000000,agent_1,actor_logits,3,1,4,8.923623,-12.404329,4.585560,0.062146,0.989217,-12.404329,4.338063,1.662584,8.923623,,,,
5,148,148.000000,agent_2,actor_logits,3,1,4,8.923635,-12.404361,4.585527,0.062147,0.989217,-12.404361,4.338108,1.662561,8.923635,,,,
5,148,148.000000,agent_3,actor_logits,3,1,4,8.923631,-12.404351,4.585542,0.062147,0.989217,-12.404351,4.338089,1.662573,8.923631,,,,
5,148,148.000000,agent_4,actor_logits,3,1,4,8.923630,-12.404352,4.585537,0.062147,0.989217,-12.404352,4.338092,1.662571,8.923630,,,,
5,148,148.000000,agent_5,actor_logits,3,1,4,8.923631,-12.404352,4.585539,0.062147,0.989217,-12.404352,4.338092,1.662571,8.923631,,,,
5,150,150.000000,agent_0,actor_logits,3,1,4,6.130095,-8.501975,1.736598,0.445380,0.847066,0.710039,4.393497,-8.501975,6.130095,,,,
5,150,150.000000,agent_1,actor_logits,3,1,4,6.130089,-8.501947,1.736651,0.445369,0.847072,0.710079,4.393437,-8.501947,6.130089,,,,
5,150,150.000000,agent_2,actor_logits,3,1,4,6.130095,-8.501975,1.736599,0.445379,0.847066,0.710040,4.393496,-8.501975,6.130095,,,,
5,150,150.000000,agent_3,actor_logits,3,1,4,6.130090,-8.501966,1.736618,0.445376,0.847068,0.710057,4.393472,-8.501966,6.130090,,,,
5,150,150.000000,agent_4,actor_logits,3,1,4,6.130090,-8.501968,1.736613,0.445377,0.847068,0.710055,4.393477,-8.501968,6.130090,,,,
5,150,150.000000,agent_5,actor_logits,3,1,4,6.130091,-8.501967,1.736614,0.445376,0.847068,0.710055,4.393476,-8.501967,6.130091,,,,
5,152,152.000000,agent_0,actor_logits,1,1,4,5.246722,-4.488686,2.477709,0.275119,0.922303,-3.056292,5.246722,-4.488686,2.769014,,,,
5,152,152.000000,agent_1,actor_logits,1,1,4,5.246691,-4.488658,2.477682,0.275124,0.922301,-3.056278,5.246691,-4.488658,2.769009,,,,
5,152,152.000000,agent_2,actor_logits,1,1,4,5.246722,-4.488685,2.477708,0.275119,0.922303,-3.056292,5.246722,-4.488685,2.769013,,,,
5,152,152.000000,agent_3,actor_logits,1,1,4,5.246708,-4.488673,2.477697,0.275121,0.922302,-3.056285,5.246708,-4.488673,2.769011,,,,
5,152,152.000000,agent_4,actor_logits,1,1,4,5.246710,-4.488676,2.477698,0.275121,0.922302,-3.056287,5.246710,-4.488676,2.769012,,,,
5,152,152.000000,agent_5,actor_logits,1,1,4,5.246710,-4.488675,2.477699,0.275120,0.922303,-3.056286,5.246710,-4.488675,2.769011,,,,
5,154,154.000000,agent_0,actor_logits,1,1,4,7.337011,-11.344431,3.595706,0.128872,0.972601,3.741305,7.337011,-11.344431,0.113563,,,,
5,154,154.000000,agent_1,actor_logits,1,1,4,7.336977,-11.344411,3.595661,0.128877,0.972600,3.741316,7.336977,-11.344411,0.113574,,,,
5,154,154.000000,agent_2,actor_logits,1,1,4,7.337009,-11.344431,3.595704,0.128872,0.972601,3.741305,7.337009,-11.344431,0.113563,,,,
5,154,154.000000,agent_3,actor_logits,1,1,4,7.336994,-11.344420,3.595683,0.128875,0.972601,3.741311,7.336994,-11.344420,0.113567,,,,
5,154,154.000000,agent_4,actor_logits,1,1,4,7.336998,-11.344424,3.595687,0.128874,0.972601,3.741311,7.336998,-11.344424,0.113565,,,,
5,154,154.000000,agent_5,actor_logits,1,1,4,7.336996,-11.344423,3.595685,0.128874,0.972601,3.741311,7.336996,-11.344423,0.113566,,,,
5,156,156.000000,agent_0,actor_logits,0,1,3,9.459590,-10.460035,11.936921,0.000085,0.999993,9.459590,-10.460035,-2.477331,,,,,
5,156,156.000000,agent_1,actor_logits,0,1,3,9.459575,-10.460022,11.936902,0.000085,0.999993,9.459575,-10.460022,-2.477328,,,,,
5,156,156.000000,agent_2,actor_logits,0,1,3,9.459589,-10.460033,11.936921,0.000085,0.999993,9.459589,-10.460033,-2.477332,,,,,
5,156,156.000000,agent_3,actor_logits,0,1,3,9.459581,-10.460028,11.936910,0.000085,0.999993,9.459581,-10.460028,-2.477328,,,,,
5,156,156.000000,agent_4,actor_logits,0,1,3,9.459583,-10.460030,11.936913,0.000085,0.999993,9.459583,-10.460030,-2.477329,,,,,
5,156,156.000000,agent_5,actor_logits,0,1,3,9.459584,-10.460030,11.936913,0.000085,0.999993,9.459584,-10.460030,-2.477328,,,,,
5,158,158.000000,agent_0,actor_logits,1,1,3,7.191523,-7.360314,12.406977,0.000062,0.999995,-7.360314,7.191523,-5.215455,,,,,
5,158,158.000000,agent_1,actor_logits,1,1,3,7.191525,-7.360301,12.406984,0.000062,0.999995,-7.360301,7.191525,-5.215459,,,,,
5,158,158.000000,agent_2,actor_logits,1,1,3,7.191523,-7.360315,12.406977,0.000062,0.999995,-7.360315,7.191523,-5.215454,,,,,
5,158,158.000000,agent_3,actor_logits,1,1,3,7.191524,-7.360309,12.406979,0.000062,0.999995,-7.360309,7.191524,-5.215455,,,,,
5,158,158.000000,agent_4,actor_logits,1,1,3,7.191524,-7.360309,12.406980,0.000062,0.999995,-7.360309,7.191524,-5.215456,,,,,
5,158,158.000000,agent_5,actor_logits,1,1,3,7.191524,-7.360309,12.406979,0.000062,0.999995,-7.360309,7.191524,-5.215455,,,,,
5,160,160.000000,agent_0,actor_logits,0,1,4,6.544278,-12.988231,2.408237,0.370046,0.900919,6.544278,2.632425,-12.988231,4.136042,,,,
5,160,160.000000,agent_1,actor_logits,0,1,4,6.544292,-12.988238,2.408254,0.370042,0.900921,6.544292,2.632421,-12.988238,4.136038,,,,
5,160,160.000000,agent_2,actor_logits,0,1,4,6.544277,-12.988231,2.408235,0.370047,0.900919,6.544277,2.632426,-12.988231,4.136042,,,,
5,160,160.000000,agent_3,actor_logits,0,1,4,6.544283,-12.988235,2.408244,0.370045,0.900920,6.544283,2.632425,-12.988235,4.136040,,,,
5,160,160.000000,agent_4,actor_logits,0,1,4,6.544283,-12.988235,2.408243,0.370045,0.900920,6.544283,2.632425,-12.988235,4.136040,,,,
5,160,160.000000,agent_5,actor_logits,0,1,4,6.544283,-12.988235,2.408243,0.370045,0.900920,6.544283,2.632425,-12.988235,4.136041,,,,
5,162,162.000000,agent_0,actor_logits,3,1,4,6.731666,-9.960656,2.134702,0.344370,0.893441,-9.960656,4.596964,-0.188267,6.731666,,,,
5,162,162.000000,agent_1,actor_logits,3,1,4,6.731663,-9.960650,2.134698,0.344371,0.893441,-9.960650,4.596965,-0.188271,6.731663,,,,
5,162,162.000000,agent_2,actor_logits,3,1,4,6.731667,-9.960656,2.134702,0.344370,0.893441,-9.960656,4.596964,-0.188267,6.731667,,,,
5,162,162.000000,agent_3,actor_logits,3,1,4,6.731665,-9.960653,2.134699,0.344371,0.893441,-9.960653,4.596966,-0.188271,6.731665,,,,
5,162,162.000000,agent_4,actor_logits,3,1,4,6.731665,-9.960653,2.134699,0.344371,0.893441,-9.960653,4.596966,-0.188271,6.731665,,,,
5,162,162.000000,agent_5,actor_logits,3,1,4,6.731666,-9.960654,2.134699,0.344371,0.893441,-9.960654,4.596966,-0.188270,6.731666,,,,
5,164,164.000000,agent_0,actor_logits,1,1,4,7.381871,-9.550187,3.844706,0.103874,0.978825,-0.949645,7.381871,-9.550187,3.537166,,,,
5,164,164.000000,agent_1,actor_logits,1,1,4,7.381869,-9.550189,3.844706,0.103874,0.978825,-0.949640,7.381869,-9.550189,3.537163,,,,
5,164,164.000000,agent_2,actor_logits,1,1,4,7.381871,-9.550187,3.844705,0.103874,0.978825,-0.949646,7.381871,-9.550187,3.537165,,,,
5,164,164.000000,agent_3,actor_logits,1,1,4,7.381872,-9.550189,3.844707,0.103874,0.978825,-0.949644,7.381872,-9.550189,3.537165,,,,
5,164,164.000000,agent_4,actor_logits,1,1,4,7.381873,-9.550189,3.844708,0.103874,0.978825,-0.949645,7.381873,-9.550189,3.537165,,,,
5,164,164.000000,agent_5,actor_logits,1,1,4,7.381872,-9.550189,3.844707,0.103874,0.978825,-0.949645,7.381872,-9.550189,3.537166,,,,
5,166,166.000000,agent_0,actor_logits,0,1,3,10.722959,-12.381875,12.167830,0.000068,0.999995,10.722959,-12.381875,-1.444872,,,,,
5,166,166.000000,agent_1,actor_logits,0,1,3,10.722960,-12.381872,12.167833,0.000068,0.999995,10.722960,-12.381872,-1.444872,,,,,
5,166,166.000000,agent_2,actor_logits,0,1,3,10.722959,-12.381874,12.167830,0.000068,0.999995,10.722959,-12.381874,-1.444872,,,,,
5,166,166.000000,agent_3,actor_logits,0,1,3,10.722958,-12.381873,12.167830,0.000068,0.999995,10.722958,-12.381873,-1.444872,,,,,
5,166,166.000000,agent_4,actor_logits,0,1,3,10.722960,-12.381874,12.167832,0.000068,0.999995,10.722960,-12.381874,-1.444872,,,,,
5,166,166.000000,agent_5,actor_logits,0,1,3,10.722958,-12.381874,12.167830,0.000068,0.999995,10.722958,-12.381874,-1.444872,,,,,
5,168,168.000000,agent_0,actor_logits,0,1,3,17.654444,-14.515000,21.767277,0.000000,1.000000,17.654444,-4.112833,-14.515000,,,,,
5,168,168.000000,agent_1,actor_logits,0,1,3,17.654444,-14.514998,21.767275,0.000000,1.000000,17.654444,-4.112831,-14.514998,,,,,
5,168,168.000000,agent_2,actor_logits,0,1,3,17.654444,-14.515000,21.767277,0.000000,1.000000,17.654444,-4.112832,-14.515000,,,,,
5,168,168.000000,agent_3,actor_logits,0,1,3,17.654444,-14.515000,21.767275,0.000000,1.000000,17.654444,-4.112831,-14.515000,,,,,
5,168,168.000000,agent_4,actor_logits,0,1,3,17.654444,-14.515000,21.767275,0.000000,1.000000,17.654444,-4.112832,-14.515000,,,,,
5,168,168.000000,agent_5,actor_logits,0,1,3,17.654444,-14.514998,21.767275,0.000000,1.000000,17.654444,-4.112831,-14.514998,,,,,
5,170,170.000000,agent_0,actor_logits,0,1,2,-3.061288,-6.642169,3.580881,0.124500,0.972904,-3.061288,-6.642169,,,,,,
5,170,170.000000,agent_1,actor_logits,0,1,2,-3.061289,-6.642169,3.580880,0.124500,0.972903,-3.061289,-6.642169,,,,,,
5,170,170.000000,agent_2,actor_logits,0,1,2,-3.061289,-6.642169,3.580881,0.124500,0.972904,-3.061289,-6.642169,,,,,,
5,170,170.000000,agent_3,actor_logits,0,1,2,-3.061290,-6.642170,3.580880,0.124500,0.972903,-3.061290,-6.642170,,,,,,
5,170,170.000000,agent_4,actor_logits,0,1,2,-3.061290,-6.642170,3.580880,0.124500,0.972903,-3.061290,-6.642170,,,,,,
5,170,170.000000,agent_5,actor_logits,0,1,2,-3.061290,-6.642170,3.580881,0.124500,0.972904,-3.061290,-6.642170,,,,,,
5,172,172.000000,agent_0,actor_logits,0,1,3,5.385826,-10.098872,6.800233,0.008680,0.998887,5.385826,-1.414408,-10.098872,,,,,
5,172,172.000000,agent_1,actor_logits,0,1,3,5.385825,-10.098871,6.800233,0.008680,0.998887,5.385825,-1.414408,-10.098871,,,,,
5,172,172.000000,agent_2,actor_logits,0,1,3,5.385826,-10.098872,6.800232,0.008680,0.998887,5.385826,-1.414407,-10.098872,,,,,
5,172,172.000000,agent_3,actor_logits,0,1,3,5.385825,-10.098871,6.800233,0.008680,0.998887,5.385825,-1.414408,-10.098871,,,,,
5,172,172.000000,agent_4,actor_logits,0,1,3,5.385825,-10.098872,6.800233,0.008680,0.998887,5.385825,-1.414408,-10.098872,,,,,
5,172,172.000000,agent_5,actor_logits,0,1,3,5.385826,-10.098872,6.800233,0.008680,0.998887,5.385826,-1.414408,-10.098872,,,,,
5,174,174.000000,agent_0,actor_logits,1,1,2,-3.805362,-11.966633,8.161271,0.002615,0.999715,-11.966633,-3.805362,,,,,,
5,174,174.000000,agent_1,actor_logits,1,1,2,-3.805362,-11.966633,8.161271,0.002615,0.999715,-11.966633,-3.805362,,,,,,
5,174,174.000000,agent_2,actor_logits,1,1,2,-3.805361,-11.966633,8.161272,0.002615,0.999715,-11.966633,-3.805361,,,,,,
5,174,174.000000,agent_3,actor_logits,1,1,2,-3.805363,-11.966633,8.161270,0.002615,0.999715,-11.966633,-3.805363,,,,,,
5,174,174.000000,agent_4,actor_logits,1,1,2,-3.805362,-11.966633,8.161271,0.002615,0.999715,-11.966633,-3.805362,,,,,,
5,174,174.000000,agent_5,actor_logits,1,1,2,-3.805362,-11.966633,8.161271,0.002615,0.999715,-11.966633,-3.805362,,,,,,
5,176,176.000000,agent_0,actor_logits,2,1,3,3.809264,-12.844238,2.888192,0.206507,0.947260,-12.844238,0.921073,3.809264,,,,,
5,176,176.000000,agent_1,actor_logits,2,1,3,3.809266,-12.844236,2.888195,0.206507,0.947260,-12.844236,0.921071,3.809266,,,,,
5,176,176.000000,agent_2,actor_logits,2,1,3,3.809264,-12.844238,2.888191,0.206508,0.947259,-12.844238,0.921073,3.809264,,,,,
5,176,176.000000,agent_3,actor_logits,2,1,3,3.809265,-12.844236,2.888193,0.206507,0.947260,-12.844236,0.921072,3.809265,,,,,
5,176,176.000000,agent_4,actor_logits,2,1,3,3.809265,-12.844237,2.888193,0.206507,0.947260,-12.844237,0.921072,3.809265,,,,,
5,176,176.000000,agent_5,actor_logits,2,1,3,3.809264,-12.844237,2.888192,0.206507,0.947260,-12.844237,0.921072,3.809264,,,,,
5,178,178.000000,agent_0,actor_logits,2,1,3,7.516413,-11.384652,9.400908,0.000860,0.999917,-11.384652,-1.884495,7.516413,,,,,
5,178,178.000000,agent_1,actor_logits,2,1,3,7.516415,-11.384651,9.400911,0.000860,0.999917,-11.384651,-1.884496,7.516415,,,,,
5,178,178.000000,agent_2,actor_logits,2,1,3,7.516413,-11.384651,9.400908,0.000860,0.999917,-11.384651,-1.884495,7.516413,,,,,
5,178,178.000000,agent_3,actor_logits,2,1,3,7.516414,-11.384651,9.400909,0.000860,0.999917,-11.384651,-1.884495,7.516414,,,,,
5,178,178.000000,agent_4,actor_logits,2,1,3,7.516413,-11.384651,9.400908,0.000860,0.999917,-11.384651,-1.884496,7.516413,,,,,
5,178,178.000000,agent_5,actor_logits,2,1,3,7.516414,-11.384651,9.400909,0.000860,0.999917,-11.384651,-1.884495,7.516414,,,,,
5,180,180.000000,agent_0,actor_logits,2,1,3,6.239820,-10.307676,6.001839,0.017285,0.997532,-10.307676,0.237980,6.239820,,,,,
5,180,180.000000,agent_1,actor_logits,2,1,3,6.239820,-10.307676,6.001842,0.017285,0.997532,-10.307676,0.237979,6.239820,,,,,
5,180,180.000000,agent_2,actor_logits,2,1,3,6.239820,-10.307676,6.001840,0.017285,0.997532,-10.307676,0.237980,6.239820,,,,,
5,180,180.000000,agent_3,actor_logits,2,1,3,6.239820,-10.307676,6.001840,0.017285,0.997532,-10.307676,0.237980,6.239820,,,,,
5,180,180.000000,agent_4,actor_logits,2,1,3,6.239820,-10.307676,6.001840,0.017285,0.997532,-10.307676,0.237980,6.239820,,,,,
5,180,180.000000,agent_5,actor_logits,2,1,3,6.239820,-10.307676,6.001840,0.017285,0.997532,-10.307676,0.237980,6.239820,,,,,
5,182,182.000000,agent_0,actor_logits,1,1,3,0.017457,-0.898047,0.592138,1.024883,0.511913,-0.898047,0.017457,-0.574681,,,,,
5,182,182.000000,agent_1,actor_logits,1,1,3,0.017455,-0.898046,0.592135,1.024883,0.511912,-0.898046,0.017455,-0.574680,,,,,
5,182,182.000000,agent_2,actor_logits,1,1,3,0.017456,-0.898046,0.592138,1.024883,0.511912,-0.898046,0.017456,-0.574681,,,,,
5,182,182.000000,agent_3,actor_logits,1,1,3,0.017456,-0.898047,0.592137,1.024883,0.511912,-0.898047,0.017456,-0.574681,,,,,
5,182,182.000000,agent_4,actor_logits,1,1,3,0.017456,-0.898046,0.592138,1.024883,0.511912,-0.898046,0.017456,-0.574681,,,,,
5,182,182.000000,agent_5,actor_logits,1,1,3,0.017456,-0.898046,0.592137,1.024883,0.511912,-0.898046,0.017456,-0.574681,,,,,
5,184,184.000000,agent_0,actor_logits,0,1,4,7.386434,-8.665623,4.703493,0.054988,0.990595,7.386434,-8.665623,-0.363451,2.682940,,,,
5,184,184.000000,agent_1,actor_logits,0,1,4,7.386433,-8.665623,4.703492,0.054988,0.990595,7.386433,-8.665623,-0.363451,2.682941,,,,
5,184,184.000000,agent_2,actor_logits,0,1,4,7.386434,-8.665623,4.703493,0.054988,0.990595,7.386434,-8.665623,-0.363451,2.682941,,,,
5,184,184.000000,agent_3,actor_logits,0,1,4,7.386433,-8.665623,4.703493,0.054988,0.990595,7.386433,-8.665623,-0.363451,2.682940,,,,
5,184,184.000000,agent_4,actor_logits,0,1,4,7.386434,-8.665623,4.703493,0.054988,0.990595,7.386434,-8.665623,-0.363451,2.682940,,,,
5,184,184.000000,agent_5,actor_logits,0,1,4,7.386434,-8.665623,4.703493,0.054988,0.990595,7.386434,-8.665623,-0.363451,2.682941,,,,
5,186,186.000000,agent_0,actor_logits,0,1,4,3.710386,-5.164621,1.151509,0.595587,0.753438,3.710386,-5.164621,-0.803986,2.558877,,,,
5,186,186.000000,agent_1,actor_logits,0,1,4,3.710385,-5.164621,1.151509,0.595587,0.753438,3.710385,-5.164621,-0.803986,2.558877,,,,
5,186,186.000000,agent_2,actor_logits,0,1,4,3.710385,-5.164621,1.151508,0.595587,0.753438,3.710385,-5.164621,-0.803987,2.558877,,,,
5,186,186.000000,agent_3,actor_logits,0,1,4,3.710385,-5.164621,1.151508,0.595587,0.753438,3.710385,-5.164621,-0.803986,2.558877,,,,
5,186,186.000000,agent_4,actor_logits,0,1,4,3.710386,-5.164621,1.151509,0.595587,0.753438,3.710386,-5.164621,-0.803987,2.558877,,,,
5,186,186.000000,agent_5,actor_logits,0,1,4,3.710386,-5.164621,1.151509,0.595587,0.753438,3.710386,-5.164621,-0.803987,2.558877,,,,
5,188,188.000000,agent_0,actor_logits,0,1,4,9.156806,-11.995478,5.814622,0.021763,0.996874,9.156806,-11.995478,0.369398,3.342184,,,,
5,188,188.000000,agent_1,actor_logits,0,1,4,9.156806,-11.995478,5.814623,0.021763,0.996874,9.156806,-11.995478,0.369397,3.342183,,,,
5,188,188.000000,agent_2,actor_logits,0,1,4,9.156807,-11.995478,5.814624,0.021763,0.996874,9.156807,-11.995478,0.369397,3.342183,,,,
5,188,188.000000,agent_3,actor_logits,0,1,4,9.156806,-11.995478,5.814624,0.021763,0.996874,9.156806,-11.995478,0.369397,3.342182,,,,
5,188,188.000000,agent_4,actor_logits,0,1,4,9.156807,-11.995478,5.814625,0.021763,0.996874,9.156807,-11.995478,0.369397,3.342182,,,,
5,188,188.000000,agent_5,actor_logits,0,1,4,9.156807,-11.995478,5.814624,0.021763,0.996874,9.156807,-11.995478,0.369397,3.342183,,,,
5,190,190.000000,agent_0,actor_logits,2,1,4,5.550106,-2.819816,7.747949,0.008314,0.999081,-2.197843,-2.719654,5.550106,-2.819816,,,,
5,190,190.000000,agent_1,actor_logits,2,1,4,5.550106,-2.819816,7.747949,0.008314,0.999081,-2.197843,-2.719654,5.550106,-2.819816,,,,
5,190,190.000000,agent_2,actor_logits,2,1,4,5.550106,-2.819816,7.747949,0.008314,0.999081,-2.197843,-2.719654,5.550106,-2.819816,,,,
5,190,190.000000,agent_3,actor_logits,2,1,4,5.550106,-2.819817,7.747949,0.008314,0.999081,-2.197844,-2.719654,5.550106,-2.819817,,,,
5,190,190.000000,agent_4,actor_logits,2,1,4,5.550106,-2.819816,7.747949,0.008314,0.999081,-2.197844,-2.719654,5.550106,-2.819816,,,,
5,190,190.000000,agent_5,actor_logits,2,1,4,5.550106,-2.819816,7.747949,0.008314,0.999081,-2.197844,-2.719654,5.550106,-2.819816,,,,
5,192,192.000000,agent_0,actor_logits,0,1,4,8.618048,-11.746588,4.213419,0.077255,0.985308,8.618048,-11.746588,-0.450936,4.404629,,,,
5,192,192.000000,agent_1,actor_logits,0,1,4,8.618047,-11.746588,4.213419,0.077255,0.985308,8.618047,-11.746588,-0.450936,4.404628,,,,
5,192,192.000000,agent_2,actor_logits,0,1,4,8.618048,-11.746588,4.213419,0.077255,0.985308,8.618048,-11.746588,-0.450936,4.404628,,,,
5,192,192.000000,agent_3,actor_logits,0,1,4,8.618048,-11.746588,4.213420,0.077255,0.985308,8.618048,-11.746588,-0.450936,4.404627,,,,
5,192,192.000000,agent_4,actor_logits,0,1,4,8.618047,-11.746588,4.213419,0.077255,0.985308,8.618047,-11.746588,-0.450937,4.404628,,,,
5,192,192.000000,agent_5,actor_logits,0,1,4,8.618047,-11.746588,4.213418,0.077255,0.985308,8.618047,-11.746588,-0.450937,4.404629,,,,
5,194,194.000000,agent_0,actor_logits,1,1,3,11.399067,-14.874110,15.287151,0.000004,1.000000,-14.874110,11.399067,-3.888084,,,,,
5,194,194.000000,agent_1,actor_logits,1,1,3,11.399067,-14.874110,15.287152,0.000004,1.000000,-14.874110,11.399067,-3.888085,,,,,
5,194,194.000000,agent_2,actor_logits,1,1,3,11.399067,-14.874111,15.287151,0.000004,1.000000,-14.874111,11.399067,-3.888085,,,,,
5,194,194.000000,agent_3,actor_logits,1,1,3,11.399067,-14.874109,15.287152,0.000004,1.000000,-14.874109,11.399067,-3.888086,,,,,
5,194,194.000000,agent_4,actor_logits,1,1,3,11.399067,-14.874109,15.287152,0.000004,1.000000,-14.874109,11.399067,-3.888085,,,,,
5,194,194.000000,agent_5,actor_logits,1,1,3,11.399068,-14.874109,15.287153,0.000004,1.000000,-14.874109,11.399068,-3.888086,,,,,
5,196,196.000000,agent_0,actor_logits,1,1,3,10.636003,-17.087105,15.080219,0.000004,1.000000,-17.087105,10.636003,-4.444216,,,,,
5,196,196.000000,agent_1,actor_logits,1,1,3,10.636002,-17.087103,15.080217,0.000004,1.000000,-17.087103,10.636002,-4.444216,,,,,
5,196,196.000000,agent_2,actor_logits,1,1,3,10.636003,-17.087105,15.080219,0.000004,1.000000,-17.087105,10.636003,-4.444216,,,,,
5,196,196.000000,agent_3,actor_logits,1,1,3,10.636003,-17.087105,15.080219,0.000004,1.000000,-17.087105,10.636003,-4.444217,,,,,
5,196,196.000000,agent_4,actor_logits,1,1,3,10.636003,-17.087107,15.080221,0.000004,1.000000,-17.087107,10.636003,-4.444217,,,,,
5,196,196.000000,agent_5,actor_logits,1,1,3,10.636002,-17.087105,15.080218,0.000004,1.000000,-17.087105,10.636002,-4.444217,,,,,
5,198,198.000000,agent_0,actor_logits,2,1,3,1.076981,-7.643626,2.676268,0.240333,0.935469,-7.643626,-1.599286,1.076981,,,,,
5,198,198.000000,agent_1,actor_logits,2,1,3,1.076981,-7.643625,2.676268,0.240333,0.935469,-7.643625,-1.599287,1.076981,,,,,
5,198,198.000000,agent_2,actor_logits,2,1,3,1.076981,-7.643626,2.676267,0.240333,0.935469,-7.643626,-1.599286,1.076981,,,,,
5,198,198.000000,agent_3,actor_logits,2,1,3,1.076981,-7.643625,2.676267,0.240333,0.935469,-7.643625,-1.599286,1.076981,,,,,
5,198,198.000000,agent_4,actor_logits,2,1,3,1.076981,-7.643625,2.676267,0.240333,0.935469,-7.643625,-1.599286,1.076981,,,,,
5,198,198.000000,agent_5,actor_logits,2,1,3,1.076981,-7.643626,2.676268,0.240333,0.935469,-7.643626,-1.599287,1.076981,,,,,
5,200,200.000000,agent_0,actor_logits,1,1,4,4.777654,-8.632838,0.783608,0.662340,0.681160,-8.632838,4.777654,0.297087,3.994045,,,,
5,200,200.000000,agent_1,actor_logits,1,1,4,4.777653,-8.632837,0.783608,0.662340,0.681160,-8.632837,4.777653,0.297087,3.994045,,,,
5,200,200.000000,agent_2,actor_logits,1,1,4,4.777654,-8.632839,0.783608,0.662340,0.681160,-8.632839,4.777654,0.297087,3.994046,,,,
5,200,200.000000,agent_3,actor_logits,1,1,4,4.777654,-8.632838,0.783608,0.662340,0.681160,-8.632838,4.777654,0.297087,3.994045,,,,
5,200,200.000000,agent_4,actor_logits,1,1,4,4.777654,-8.632839,0.783608,0.662340,0.681160,-8.632839,4.777654,0.297086,3.994046,,,,
5,200,200.000000,agent_5,actor_logits,1,1,4,4.777653,-8.632837,0.783607,0.662340,0.681160,-8.632837,4.777653,0.297087,3.994046,,,,
5,202,202.000000,agent_0,actor_logits,0,1,4,6.390905,-5.082635,3.357667,0.147656,0.966316,6.390905,-5.082635,-3.986705,3.033238,,,,
5,202,202.000000,agent_1,actor_logits,0,1,4,6.390905,-5.082636,3.357668,0.147656,0.966316,6.390905,-5.082636,-3.986706,3.033238,,,,
5,202,202.000000,agent_2,actor_logits,0,1,4,6.390904,-5.082635,3.357666,0.147656,0.966316,6.390904,-5.082635,-3.986706,3.033238,,,,
5,202,202.000000,agent_3,actor_logits,0,1,4,6.390905,-5.082635,3.357667,0.147656,0.966316,6.390905,-5.082635,-3.986706,3.033237,,,,
5,202,202.000000,agent_4,actor_logits,0,1,4,6.390906,-5.082635,3.357668,0.147656,0.966316,6.390906,-5.082635,-3.986706,3.033237,,,,
5,202,202.000000,agent_5,actor_logits,0,1,4,6.390905,-5.082636,3.357667,0.147656,0.966316,6.390905,-5.082636,-3.986706,3.033238,,,,
5,204,204.000000,agent_0,actor_logits,0,1,3,2.361553,-4.601343,5.208774,0.041244,0.993626,2.361553,-2.847221,-4.601343,,,,,
5,204,204.000000,agent_1,actor_logits,0,1,3,2.361554,-4.601343,5.208776,0.041244,0.993626,2.361554,-2.847222,-4.601343,,,,,
5,204,204.000000,agent_2,actor_logits,0,1,3,2.361552,-4.601343,5.208774,0.041244,0.993626,2.361552,-2.847222,-4.601343,,,,,
5,204,204.000000,agent_3,actor_logits,0,1,3,2.361554,-4.601344,5.208775,0.041244,0.993626,2.361554,-2.847221,-4.601344,,,,,
5,204,204.000000,agent_4,actor_logits,0,1,3,2.361554,-4.601345,5.208775,0.041244,0.993626,2.361554,-2.847221,-4.601345,,,,,
5,204,204.000000,agent_5,actor_logits,0,1,3,2.361554,-4.601343,5.208776,0.041244,0.993626,2.361554,-2.847223,-4.601343,,,,,
5,206,206.000000,agent_0,actor_logits,2,1,3,0.408923,-3.254514,1.114701,0.642322,0.738739,-0.705778,-3.254514,0.408923,,,,,
5,206,206.000000,agent_1,actor_logits,2,1,3,0.408922,-3.254514,1.114699,0.642323,0.738739,-0.705777,-3.254514,0.408922,,,,,
5,206,206.000000,agent_2,actor_logits,2,1,3,0.408922,-3.254513,1.114701,0.642322,0.738739,-0.705778,-3.254513,0.408922,,,,,
5,206,206.000000,agent_3,actor_logits,2,1,3,0.408922,-3.254513,1.114699,0.642323,0.738739,-0.705777,-3.254513,0.408922,,,,,
5,206,206.000000,agent_4,actor_logits,2,1,3,0.408922,-3.254513,1.114699,0.642323,0.738739,-0.705778,-3.254513,0.408922,,,,,
5,206,206.000000,agent_5,actor_logits,2,1,3,0.408923,-3.254515,1.114702,0.642322,0.738739,-0.705778,-3.254515,0.408923,,,,,
5,208,208.000000,agent_0,actor_logits,3,1,4,2.558378,-2.204097,2.565495,0.445628,0.888046,-0.644555,-2.204097,-0.007116,2.558378,,,,
5,208,208.000000,agent_1,actor_logits,3,1,4,2.558378,-2.204096,2.565494,0.445628,0.888045,-0.644556,-2.204096,-0.007116,2.558378,,,,
5,208,208.000000,agent_2,actor_logits,3,1,4,2.558378,-2.204096,2.565495,0.445628,0.888046,-0.644556,-2.204096,-0.007117,2.558378,,,,
5,208,208.000000,agent_3,actor_logits,3,1,4,2.558378,-2.204096,2.565495,0.445628,0.888046,-0.644556,-2.204096,-0.007116,2.558378,,,,
5,208,208.000000,agent_4,actor_logits,3,1,4,2.558377,-2.204095,2.565493,0.445628,0.888045,-0.644556,-2.204095,-0.007116,2.558377,,,,
5,208,208.000000,agent_5,actor_logits,3,1,4,2.558379,-2.204097,2.565495,0.445628,0.888046,-0.644555,-2.204097,-0.007117,2.558379,,,,
5,210,210.000000,agent_0,actor_logits,0,1,4,7.312784,-7.770645,5.490997,0.028361,0.995718,7.312784,-7.770645,-1.329038,1.821787,,,,
5,210,210.000000,agent_1,actor_logits,0,1,4,7.312785,-7.770644,5.490998,0.028361,0.995718,7.312785,-7.770644,-1.329038,1.821786,,,,
5,210,210.000000,agent_2,actor_logits,0,1,4,7.312784,-7.770646,5.490997,0.028361,0.995718,7.312784,-7.770646,-1.329037,1.821787,,,,
5,210,210.000000,agent_3,actor_logits,0,1,4,7.312785,-7.770646,5.490998,0.028361,0.995718,7.312785,-7.770646,-1.329038,1.821787,,,,
5,210,210.000000,agent_4,actor_logits,0,1,4,7.312786,-7.770646,5.490999,0.028361,0.995718,7.312786,-7.770646,-1.329038,1.821787,,,,
5,210,210.000000,agent_5,actor_logits,0,1,4,7.312784,-7.770645,5.490997,0.028361,0.995718,7.312784,-7.770645,-1.329037,1.821787,,,,
5,212,212.000000,agent_0,actor_logits,3,1,4,0.289513,-1.371838,0.044503,1.243494,0.374099,-1.371838,-0.351543,0.245011,0.289513,,,,
5,212,212.000000,agent_1,actor_logits,3,1,4,0.289514,-1.371838,0.044503,1.243494,0.374099,-1.371838,-0.351542,0.245011,0.289514,,,,
5,212,212.000000,agent_2,actor_logits,3,1,4,0.289514,-1.371838,0.044503,1.243494,0.374099,-1.371838,-0.351543,0.245011,0.289514,,,,
5,212,212.000000,agent_3,actor_logits,3,1,4,0.289514,-1.371838,0.044503,1.243494,0.374099,-1.371838,-0.351542,0.245010,0.289514,,,,
5,212,212.000000,agent_4,actor_logits,3,1,4,0.289514,-1.371838,0.044504,1.243494,0.374099,-1.371838,-0.351542,0.245010,0.289514,,,,
5,212,212.000000,agent_5,actor_logits,3,1,4,0.289513,-1.371838,0.044502,1.243494,0.374099,-1.371838,-0.351543,0.245011,0.289513,,,,
5,214,214.000000,agent_0,actor_logits,3,1,4,2.270403,-1.357755,2.367362,0.589197,0.843382,-0.096959,-0.456693,-1.357755,2.270403,,,,
5,214,214.000000,agent_1,actor_logits,3,1,4,2.270404,-1.357756,2.367362,0.589197,0.843382,-0.096959,-0.456693,-1.357756,2.270404,,,,
5,214,214.000000,agent_2,actor_logits,3,1,4,2.270403,-1.357755,2.367362,0.589197,0.843382,-0.096959,-0.456693,-1.357755,2.270403,,,,
5,214,214.000000,agent_3,actor_logits,3,1,4,2.270403,-1.357756,2.367362,0.589197,0.843382,-0.096958,-0.456693,-1.357756,2.270403,,,,
5,214,214.000000,agent_4,actor_logits,3,1,4,2.270403,-1.357756,2.367362,0.589197,0.843382,-0.096958,-0.456693,-1.357756,2.270403,,,,
5,214,214.000000,agent_5,actor_logits,3,1,4,2.270403,-1.357755,2.367362,0.589197,0.843382,-0.096958,-0.456693,-1.357755,2.270403,,,,
5,216,216.000000,agent_0,actor_logits,0,1,4,3.028985,-2.914879,1.527007,0.523161,0.813789,3.028985,-1.680158,-2.914879,1.501977,,,,
5,216,216.000000,agent_1,actor_logits,0,1,4,3.028985,-2.914879,1.527007,0.523161,0.813789,3.028985,-1.680158,-2.914879,1.501978,,,,
5,216,216.000000,agent_2,actor_logits,0,1,4,3.028985,-2.914879,1.527008,0.523161,0.813790,3.028985,-1.680158,-2.914879,1.501977,,,,
5,216,216.000000,agent_3,actor_logits,0,1,4,3.028985,-2.914879,1.527008,0.523161,0.813790,3.028985,-1.680158,-2.914879,1.501977,,,,
5,216,216.000000,agent_4,actor_logits,0,1,4,3.028985,-2.914878,1.527007,0.523161,0.813789,3.028985,-1.680158,-2.914878,1.501977,,,,
5,216,216.000000,agent_5,actor_logits,0,1,4,3.028985,-2.914879,1.527007,0.523161,0.813789,3.028985,-1.680159,-2.914879,1.501978,,,,
5,218,218.000000,agent_0,actor_logits,3,1,4,1.920629,-1.666826,2.088090,0.721527,0.786601,-0.167461,-1.666826,-0.202140,1.920629,,,,
5,218,218.000000,agent_1,actor_logits,3,1,4,1.920629,-1.666826,2.088090,0.721527,0.786601,-0.167461,-1.666826,-0.202140,1.920629,,,,
5,218,218.000000,agent_2,actor_logits,3,1,4,1.920629,-1.666826,2.088091,0.721527,0.786601,-0.167461,-1.666826,-0.202139,1.920629,,,,
5,218,218.000000,agent_3,actor_logits,3,1,4,1.920629,-1.666826,2.088090,0.721527,0.786601,-0.167461,-1.666826,-0.202139,1.920629,,,,
5,218,218.000000,agent_4,actor_logits,3,1,4,1.920629,-1.666826,2.088090,0.721527,0.786601,-0.167461,-1.666826,-0.202139,1.920629,,,,
5,218,218.000000,agent_5,actor_logits,3,1,4,1.920630,-1.666826,2.088090,0.721527,0.786601,-0.167461,-1.666826,-0.202140,1.920630,,,,
5,220,220.000000,agent_0,actor_logits,1,1,4,2.064883,-3.108881,0.398939,0.827437,0.574143,-3.108881,2.064883,-0.667992,1.665943,,,,
5,220,220.000000,agent_1,actor_logits,1,1,4,2.064883,-3.108882,0.398940,0.827437,0.574143,-3.108882,2.064883,-0.667992,1.665943,,,,
5,220,220.000000,agent_2,actor_logits,1,1,4,2.064882,-3.108881,0.398939,0.827437,0.574143,-3.108881,2.064882,-0.667991,1.665943,,,,
5,220,220.000000,agent_3,actor_logits,1,1,4,2.064883,-3.108881,0.398941,0.827437,0.574143,-3.108881,2.064883,-0.667992,1.665942,,,,
5,220,220.000000,agent_4,actor_logits,1,1,4,2.064883,-3.108881,0.398940,0.827437,0.574143,-3.108881,2.064883,-0.667992,1.665943,,,,
5,220,220.000000,agent_5,actor_logits,1,1,4,2.064883,-3.108881,0.398940,0.827437,0.574143,-3.108881,2.064883,-0.667992,1.665943,,,,
5,222,222.000000,agent_0,actor_logits,0,1,4,9.185722,-17.044065,2.177728,0.334811,0.897563,9.185722,7.007994,-17.044065,2.090596,,,,
5,222,222.000000,agent_1,actor_logits,0,1,4,9.185722,-17.044065,2.177728,0.334811,0.897563,9.185722,7.007994,-17.044065,2.090595,,,,
5,222,222.000000,agent_2,actor_logits,0,1,4,9.185724,-17.044065,2.177732,0.334810,0.897563,9.185724,7.007993,-17.044065,2.090595,,,,
5,222,222.000000,agent_3,actor_logits,0,1,4,9.185723,-17.044065,2.177729,0.334811,0.897563,9.185723,7.007995,-17.044065,2.090595,,,,
5,222,222.000000,agent_4,actor_logits,0,1,4,9.185723,-17.044065,2.177730,0.334811,0.897563,9.185723,7.007994,-17.044065,2.090596,,,,
5,222,222.000000,agent_5,actor_logits,0,1,4,9.185723,-17.044065,2.177729,0.334811,0.897563,9.185723,7.007994,-17.044065,2.090596,,,,
5,224,224.000000,agent_0,actor_logits,0,1,4,15.926647,-20.386026,13.172430,0.000053,0.999996,15.926647,2.710760,-20.386026,2.754218,,,,
5,224,224.000000,agent_1,actor_logits,0,1,4,15.926647,-20.386026,13.172428,0.000053,0.999996,15.926647,2.710760,-20.386026,2.754219,,,,
5,224,224.000000,agent_2,actor_logits,0,1,4,15.926647,-20.386026,13.172429,0.000053,0.999996,15.926647,2.710759,-20.386026,2.754218,,,,
5,224,224.000000,agent_3,actor_logits,0,1,4,15.926647,-20.386028,13.172428,0.000053,0.999996,15.926647,2.710761,-20.386028,2.754219,,,,
5,224,224.000000,agent_4,actor_logits,0,1,4,15.926647,-20.386028,13.172428,0.000053,0.999996,15.926647,2.710759,-20.386028,2.754219,,,,
5,224,224.000000,agent_5,actor_logits,0,1,4,15.926647,-20.386028,13.172429,0.000053,0.999996,15.926647,2.710760,-20.386028,2.754218,,,,
5,226,226.000000,agent_0,actor_logits,0,1,4,5.788372,-9.803340,2.598204,0.311157,0.920140,5.788372,1.397014,-9.803340,3.190168,,,,
5,226,226.000000,agent_1,actor_logits,0,1,4,5.788372,-9.803339,2.598203,0.311157,0.920140,5.788372,1.397013,-9.803339,3.190168,,,,
5,226,226.000000,agent_2,actor_logits,0,1,4,5.788373,-9.803340,2.598205,0.311157,0.920140,5.788373,1.397014,-9.803340,3.190168,,,,
5,226,226.000000,agent_3,actor_logits,0,1,4,5.788373,-9.803340,2.598205,0.311157,0.920140,5.788373,1.397014,-9.803340,3.190167,,,,
5,226,226.000000,agent_4,actor_logits,0,1,4,5.788372,-9.803340,2.598203,0.311157,0.920140,5.788372,1.397014,-9.803340,3.190169,,,,
5,226,226.000000,agent_5,actor_logits,0,1,4,5.788372,-9.803340,2.598203,0.311157,0.920140,5.788372,1.397014,-9.803340,3.190168,,,,
5,228,228.000000,agent_0,actor_logits,0,1,3,17.024466,-16.411959,22.065529,0.000000,1.000000,17.024466,-5.041064,-16.411959,,,,,
5,228,228.000000,agent_1,actor_logits,0,1,3,17.024466,-16.411957,22.065529,0.000000,1.000000,17.024466,-5.041063,-16.411957,,,,,
5,228,228.000000,agent_2,actor_logits,0,1,3,17.024464,-16.411957,22.065527,0.000000,1.000000,17.024464,-5.041063,-16.411957,,,,,
5,228,228.000000,agent_3,actor_logits,0,1,3,17.024464,-16.411957,22.065527,0.000000,1.000000,17.024464,-5.041063,-16.411957,,,,,
5,228,228.000000,agent_4,actor_logits,0,1,3,17.024464,-16.411957,22.065527,0.000000,1.000000,17.024464,-5.041063,-16.411957,,,,,
5,228,228.000000,agent_5,actor_logits,0,1,3,17.024464,-16.411957,22.065527,0.000000,1.000000,17.024464,-5.041063,-16.411957,,,,,
5,230,230.000000,agent_0,actor_logits,1,1,2,-7.123124,-7.581166,0.458043,0.667594,0.612550,-7.581166,-7.123124,,,,,,
5,230,230.000000,agent_1,actor_logits,1,1,2,-7.123124,-7.581166,0.458043,0.667594,0.612550,-7.581166,-7.123124,,,,,,
5,230,230.000000,agent_2,actor_logits,1,1,2,-7.123123,-7.581166,0.458044,0.667594,0.612550,-7.581166,-7.123123,,,,,,
5,230,230.000000,agent_3,actor_logits,1,1,2,-7.123123,-7.581166,0.458043,0.667594,0.612550,-7.581166,-7.123123,,,,,,
5,230,230.000000,agent_4,actor_logits,1,1,2,-7.123124,-7.581167,0.458043,0.667594,0.612550,-7.581167,-7.123124,,,,,,
5,230,230.000000,agent_5,actor_logits,1,1,2,-7.123123,-7.581167,0.458044,0.667594,0.612550,-7.581167,-7.123123,,,,,,
5,232,232.000000,agent_0,actor_logits,2,1,3,3.914280,-9.792555,6.417336,0.012110,0.998369,-9.792555,-2.503056,3.914280,,,,,
5,232,232.000000,agent_1,actor_logits,2,1,3,3.914280,-9.792556,6.417336,0.012110,0.998369,-9.792556,-2.503056,3.914280,,,,,
5,232,232.000000,agent_2,actor_logits,2,1,3,3.914280,-9.792555,6.417336,0.012110,0.998369,-9.792555,-2.503056,3.914280,,,,,
5,232,232.000000,agent_3,actor_logits,2,1,3,3.914280,-9.792555,6.417336,0.012110,0.998369,-9.792555,-2.503056,3.914280,,,,,
5,232,232.000000,agent_4,actor_logits,2,1,3,3.914280,-9.792555,6.417336,0.012110,0.998369,-9.792555,-2.503056,3.914280,,,,,
5,232,232.000000,agent_5,actor_logits,2,1,3,3.914280,-9.792555,6.417336,0.012110,0.998369,-9.792555,-2.503056,3.914280,,,,,
5,234,234.000000,agent_0,actor_logits,2,1,3,7.212506,-7.987214,12.063735,0.000079,0.999994,-7.987214,-4.851229,7.212506,,,,,
5,234,234.000000,agent_1,actor_logits,2,1,3,7.212505,-7.987215,12.063734,0.000079,0.999994,-7.987215,-4.851229,7.212505,,,,,
5,234,234.000000,agent_2,actor_logits,2,1,3,7.212506,-7.987215,12.063735,0.000079,0.999994,-7.987215,-4.851229,7.212506,,,,,
5,234,234.000000,agent_3,actor_logits,2,1,3,7.212505,-7.987214,12.063734,0.000079,0.999994,-7.987214,-4.851229,7.212505,,,,,
5,234,234.000000,agent_4,actor_logits,2,1,3,7.212505,-7.987214,12.063734,0.000079,0.999994,-7.987214,-4.851229,7.212505,,,,,
5,234,234.000000,agent_5,actor_logits,2,1,3,7.212505,-7.987214,12.063734,0.000079,0.999994,-7.987214,-4.851229,7.212505,,,,,
5,236,236.000000,agent_0,actor_logits,2,1,3,6.053069,-6.904531,8.627550,0.001757,0.999819,-6.904531,-2.574481,6.053069,,,,,
5,236,236.000000,agent_1,actor_logits,2,1,3,6.053069,-6.904531,8.627550,0.001757,0.999819,-6.904531,-2.574481,6.053069,,,,,
5,236,236.000000,agent_2,actor_logits,2,1,3,6.053069,-6.904531,8.627550,0.001757,0.999819,-6.904531,-2.574481,6.053069,,,,,
5,236,236.000000,agent_3,actor_logits,2,1,3,6.053069,-6.904531,8.627550,0.001757,0.999819,-6.904531,-2.574481,6.053069,,,,,
5,236,236.000000,agent_4,actor_logits,2,1,3,6.053069,-6.904531,8.627550,0.001757,0.999819,-6.904531,-2.574481,6.053069,,,,,
5,236,236.000000,agent_5,actor_logits,2,1,3,6.053069,-6.904531,8.627550,0.001757,0.999819,-6.904531,-2.574481,6.053069,,,,,
5,238,238.000000,agent_0,actor_logits,2,1,3,0.979323,-3.290178,0.918918,0.647403,0.707744,0.060405,-3.290178,0.979323,,,,,
5,238,238.000000,agent_1,actor_logits,2,1,3,0.979323,-3.290177,0.918917,0.647403,0.707744,0.060405,-3.290177,0.979323,,,,,
5,238,238.000000,agent_2,actor_logits,2,1,3,0.979322,-3.290178,0.918917,0.647403,0.707744,0.060405,-3.290178,0.979322,,,,,
5,238,238.000000,agent_3,actor_logits,2,1,3,0.979323,-3.290177,0.918917,0.647403,0.707744,0.060405,-3.290177,0.979323,,,,,
5,238,238.000000,agent_4,actor_logits,2,1,3,0.979323,-3.290178,0.918917,0.647403,0.707744,0.060406,-3.290178,0.979323,,,,,
5,238,238.000000,agent_5,actor_logits,2,1,3,0.979323,-3.290177,0.918917,0.647403,0.707744,0.060406,-3.290177,0.979323,,,,,
5,240,240.000000,agent_0,actor_logits,0,1,3,2.333632,-3.456715,0.353500,0.689680,0.586413,2.333632,1.980132,-3.456715,,,,,
5,240,240.000000,agent_1,actor_logits,0,1,3,2.333633,-3.456716,0.353500,0.689680,0.586413,2.333633,1.980133,-3.456716,,,,,
5,240,240.000000,agent_2,actor_logits,0,1,3,2.333632,-3.456716,0.353499,0.689680,0.586413,2.333632,1.980133,-3.456716,,,,,
5,240,240.000000,agent_3,actor_logits,0,1,3,2.333633,-3.456715,0.353501,0.689680,0.586413,2.333633,1.980132,-3.456715,,,,,
5,240,240.000000,agent_4,actor_logits,0,1,3,2.333632,-3.456715,0.353500,0.689680,0.586413,2.333632,1.980132,-3.456715,,,,,
5,240,240.000000,agent_5,actor_logits,0,1,3,2.333633,-3.456716,0.353500,0.689680,0.586413,2.333633,1.980132,-3.456716,,,,,
5,242,242.000000,agent_0,actor_logits,0,1,3,5.574682,-5.418853,7.566724,0.004632,0.999466,5.574682,-1.992042,-5.418853,,,,,
5,242,242.000000,agent_1,actor_logits,0,1,3,5.574681,-5.418853,7.566723,0.004632,0.999466,5.574681,-1.992042,-5.418853,,,,,
5,242,242.000000,agent_2,actor_logits,0,1,3,5.574680,-5.418853,7.566721,0.004632,0.999466,5.574680,-1.992041,-5.418853,,,,,
5,242,242.000000,agent_3,actor_logits,0,1,3,5.574681,-5.418852,7.566722,0.004632,0.999466,5.574681,-1.992042,-5.418852,,,,,
5,242,242.000000,agent_4,actor_logits,0,1,3,5.574681,-5.418852,7.566722,0.004632,0.999466,5.574681,-1.992042,-5.418852,,,,,
5,242,242.000000,agent_5,actor_logits,0,1,3,5.574681,-5.418853,7.566722,0.004632,0.999466,5.574681,-1.992042,-5.418853,,,,,
5,244,244.000000,agent_0,actor_logits,0,1,3,4.871382,-7.396330,3.672219,0.116196,0.975206,4.871382,1.199163,-7.396330,,,,,
5,244,244.000000,agent_1,actor_logits,0,1,3,4.871383,-7.396331,3.672219,0.116196,0.975206,4.871383,1.199164,-7.396331,,,,,
5,244,244.000000,agent_2,actor_logits,0,1,3,4.871382,-7.396331,3.672218,0.116197,0.975206,4.871382,1.199164,-7.396331,,,,,
5,244,244.000000,agent_3,actor_logits,0,1,3,4.871382,-7.396330,3.672219,0.116196,0.975206,4.871382,1.199164,-7.396330,,,,,
5,244,244.000000,agent_4,actor_logits,0,1,3,4.871383,-7.396330,3.672219,0.116196,0.975206,4.871383,1.199164,-7.396330,,,,,
5,244,244.000000,agent_5,actor_logits,0,1,3,4.871382,-7.396331,3.672219,0.116196,0.975206,4.871382,1.199163,-7.396331,,,,,
5,246,246.000000,agent_0,actor_logits,0,1,3,7.255711,-7.727642,7.920953,0.003243,0.999637,7.255711,-0.665242,-7.727642,,,,,
5,246,246.000000,agent_1,actor_logits,0,1,3,7.255711,-7.727641,7.920954,0.003243,0.999637,7.255711,-0.665242,-7.727641,,,,,
5,246,246.000000,agent_2,actor_logits,0,1,3,7.255710,-7.727641,7.920951,0.003243,0.999637,7.255710,-0.665242,-7.727641,,,,,
5,246,246.000000,agent_3,actor_logits,0,1,3,7.255710,-7.727641,7.920952,0.003243,0.999637,7.255710,-0.665242,-7.727641,,,,,
5,246,246.000000,agent_4,actor_logits,0,1,3,7.255711,-7.727640,7.920953,0.003243,0.999637,7.255711,-0.665242,-7.727640,,,,,
5,246,246.000000,agent_5,actor_logits,0,1,3,7.255710,-7.727641,7.920952,0.003243,0.999637,7.255710,-0.665242,-7.727641,,,,,
5,248,248.000000,agent_0,actor_logits,0,1,3,13.256100,-15.732914,12.060170,0.000076,0.999994,13.256100,1.195929,-15.732914,,,,,
5,248,248.000000,agent_1,actor_logits,0,1,3,13.256100,-15.732914,12.060170,0.000076,0.999994,13.256100,1.195929,-15.732914,,,,,
5,248,248.000000,agent_2,actor_logits,0,1,3,13.256099,-15.732915,12.060169,0.000076,0.999994,13.256099,1.195929,-15.732915,,,,,
5,248,248.000000,agent_3,actor_logits,0,1,3,13.256100,-15.732914,12.060171,0.000076,0.999994,13.256100,1.195929,-15.732914,,,,,
5,248,248.000000,agent_4,actor_logits,0,1,3,13.256100,-15.732915,12.060171,0.000076,0.999994,13.256100,1.195929,-15.732915,,,,,
5,248,248.000000,agent_5,actor_logits,0,1,3,13.256100,-15.732914,12.060171,0.000076,0.999994,13.256100,1.195928,-15.732914,,,,,
5,250,250.000000,agent_0,actor_logits,0,1,2,-4.415979,-11.572961,7.156981,0.006353,0.999221,-4.415979,-11.572961,,,,,,
5,250,250.000000,agent_1,actor_logits,0,1,2,-4.415979,-11.572962,7.156983,0.006353,0.999221,-4.415979,-11.572962,,,,,,
5,250,250.000000,agent_2,actor_logits,0,1,2,-4.415979,-11.572962,7.156982,0.006353,0.999221,-4.415979,-11.572962,,,,,,
5,250,250.000000,agent_3,actor_logits,0,1,2,-4.415980,-11.572962,7.156982,0.006353,0.999221,-4.415980,-11.572962,,,,,,
5,250,250.000000,agent_4,actor_logits,0,1,2,-4.415979,-11.572962,7.156982,0.006353,0.999221,-4.415979,-11.572962,,,,,,
5,250,250.000000,agent_5,actor_logits,0,1,2,-4.415980,-11.572961,7.156981,0.006353,0.999221,-4.415980,-11.572961,,,,,,
5,252,252.000000,agent_0,actor_logits,1,1,3,3.272101,-7.029557,6.834806,0.008798,0.998892,-7.029557,3.272101,-3.562706,,,,,
5,252,252.000000,agent_1,actor_logits,1,1,3,3.272101,-7.029557,6.834807,0.008798,0.998892,-7.029557,3.272101,-3.562706,,,,,
5,252,252.000000,agent_2,actor_logits,1,1,3,3.272101,-7.029557,6.834806,0.008798,0.998892,-7.029557,3.272101,-3.562705,,,,,
5,252,252.000000,agent_3,actor_logits,1,1,3,3.272101,-7.029557,6.834806,0.008798,0.998892,-7.029557,3.272101,-3.562705,,,,,
5,252,252.000000,agent_4,actor_logits,1,1,3,3.272101,-7.029557,6.834806,0.008798,0.998892,-7.029557,3.272101,-3.562705,,,,,
5,252,252.000000,agent_5,actor_logits,1,1,3,3.272101,-7.029558,6.834806,0.008798,0.998892,-7.029558,3.272101,-3.562705,,,,,
5,254,254.000000,agent_0,actor_logits,1,1,3,7.102353,-17.289534,9.070147,0.001158,0.999885,-17.289534,7.102353,-1.967794,,,,,
5,254,254.000000,agent_1,actor_logits,1,1,3,7.102353,-17.289534,9.070147,0.001158,0.999885,-17.289534,7.102353,-1.967794,,,,,
5,254,254.000000,agent_2,actor_logits,1,1,3,7.102353,-17.289532,9.070147,0.001158,0.999885,-17.289532,7.102353,-1.967794,,,,,
5,254,254.000000,agent_3,actor_logits,1,1,3,7.102354,-17.289532,9.070148,0.001158,0.999885,-17.289532,7.102354,-1.967794,,,,,
5,254,254.000000,agent_4,actor_logits,1,1,3,7.102354,-17.289534,9.070148,0.001158,0.999885,-17.289534,7.102354,-1.967794,,,,,
5,254,254.000000,agent_5,actor_logits,1,1,3,7.102353,-17.289534,9.070147,0.001158,0.999885,-17.289534,7.102353,-1.967794,,,,,
5,256,256.000000,agent_0,actor_logits,1,1,3,6.385086,-22.524824,2.939386,0.199223,0.949759,-22.524824,6.385086,3.445699,,,,,
5,256,256.000000,agent_1,actor_logits,1,1,3,6.385086,-22.524824,2.939387,0.199223,0.949759,-22.524824,6.385086,3.445699,,,,,
5,256,256.000000,agent_2,actor_logits,1,1,3,6.385086,-22.524824,2.939386,0.199223,0.949759,-22.524824,6.385086,3.445699,,,,,
5,256,256.000000,agent_3,actor_logits,1,1,3,6.385086,-22.524824,2.939387,0.199223,0.949759,-22.524824,6.385086,3.445699,,,,,
5,256,256.000000,agent_4,actor_logits,1,1,3,6.385086,-22.524824,2.939387,0.199223,0.949759,-22.524824,6.385086,3.445699,,,,,
5,256,256.000000,agent_5,actor_logits,1,1,3,6.385085,-22.524824,2.939385,0.199223,0.949759,-22.524824,6.385085,3.445700,,,,,
5,258,258.000000,agent_0,actor_logits,1,1,3,5.293547,-21.504469,0.401364,0.673409,0.599015,-21.504469,5.293547,4.892183,,,,,
5,258,258.000000,agent_1,actor_logits,1,1,3,5.293547,-21.504469,0.401364,0.673409,0.599015,-21.504469,5.293547,4.892183,,,,,
5,258,258.000000,agent_2,actor_logits,1,1,3,5.293546,-21.504471,0.401363,0.673409,0.599015,-21.504471,5.293546,4.892183,,,,,
5,258,258.000000,agent_3,actor_logits,1,1,3,5.293547,-21.504471,0.401364,0.673409,0.599015,-21.504471,5.293547,4.892183,,,,,
5,258,258.000000,agent_4,actor_logits,1,1,3,5.293548,-21.504469,0.401365,0.673409,0.599016,-21.504469,5.293548,4.892183,,,,,
5,258,258.000000,agent_5,actor_logits,1,1,3,5.293546,-21.504471,0.401362,0.673409,0.599015,-21.504471,5.293546,4.892184,,,,,
5,260,260.000000,agent_0,actor_logits,2,1,3,6.966480,-22.413683,0.922613,0.597085,0.715574,-22.413683,6.043867,6.966480,,,,,
5,260,260.000000,agent_1,actor_logits,2,1,3,6.966480,-22.413683,0.922612,0.597085,0.715574,-22.413683,6.043868,6.966480,,,,,
5,260,260.000000,agent_2,actor_logits,2,1,3,6.966480,-22.413681,0.922612,0.597085,0.715574,-22.413681,6.043868,6.966480,,,,,
5,260,260.000000,agent_3,actor_logits,2,1,3,6.966480,-22.413683,0.922613,0.597085,0.715574,-22.413683,6.043867,6.966480,,,,,
5,260,260.000000,agent_4,actor_logits,2,1,3,6.966480,-22.413683,0.922612,0.597085,0.715574,-22.413683,6.043868,6.966480,,,,,
5,260,260.000000,agent_5,actor_logits,2,1,3,6.966480,-22.413681,0.922613,0.597085,0.715574,-22.413681,6.043867,6.966480,,,,,
5,262,262.000000,agent_0,actor_logits,3,1,4,10.589973,-13.300498,3.547803,0.127791,0.972007,-13.300498,-0.810065,7.042170,10.589973,,,,
5,262,262.000000,agent_1,actor_logits,3,1,4,10.589973,-13.300496,3.547804,0.127791,0.972007,-13.300496,-0.810065,7.042169,10.589973,,,,
5,262,262.000000,agent_2,actor_logits,3,1,4,10.589973,-13.300497,3.547804,0.127791,0.972007,-13.300497,-0.810065,7.042169,10.589973,,,,
5,262,262.000000,agent_3,actor_logits,3,1,4,10.589972,-13.300497,3.547803,0.127791,0.972007,-13.300497,-0.810065,7.042169,10.589972,,,,
5,262,262.000000,agent_4,actor_logits,3,1,4,10.589973,-13.300497,3.547804,0.127791,0.972007,-13.300497,-0.810065,7.042170,10.589973,,,,
5,262,262.000000,agent_5,actor_logits,3,1,4,10.589972,-13.300497,3.547803,0.127791,0.972007,-13.300497,-0.810065,7.042169,10.589972,,,,
5,264,264.000000,agent_0,actor_logits,2,1,4,5.295024,-7.198732,4.117774,0.133888,0.974884,-7.198732,1.177250,5.295024,0.636296,,,,
5,264,264.000000,agent_1,actor_logits,2,1,4,5.295025,-7.198732,4.117775,0.133887,0.974884,-7.198732,1.177250,5.295025,0.636296,,,,
5,264,264.000000,agent_2,actor_logits,2,1,4,5.295024,-7.198732,4.117774,0.133888,0.974884,-7.198732,1.177251,5.295024,0.636296,,,,
5,264,264.000000,agent_3,actor_logits,2,1,4,5.295025,-7.198732,4.117775,0.133887,0.974884,-7.198732,1.177251,5.295025,0.636296,,,,
5,264,264.000000,agent_4,actor_logits,2,1,4,5.295025,-7.198732,4.117775,0.133887,0.974884,-7.198732,1.177250,5.295025,0.636296,,,,
5,264,264.000000,agent_5,actor_logits,2,1,4,5.295025,-7.198732,4.117775,0.133888,0.974884,-7.198732,1.177250,5.295025,0.636296,,,,
5,266,266.000000,agent_0,actor_logits,0,1,4,9.356964,-6.251433,10.207642,0.000456,0.999960,9.356964,-6.251433,-0.850678,-3.386692,,,,
5,266,266.000000,agent_1,actor_logits,0,1,4,9.356964,-6.251433,10.207642,0.000456,0.999960,9.356964,-6.251433,-0.850678,-3.386691,,,,
5,266,266.000000,agent_2,actor_logits,0,1,4,9.356964,-6.251433,10.207643,0.000456,0.999960,9.356964,-6.251433,-0.850679,-3.386692,,,,
5,266,266.000000,agent_3,actor_logits,0,1,4,9.356964,-6.251433,10.207642,0.000456,0.999960,9.356964,-6.251433,-0.850678,-3.386692,,,,
5,266,266.000000,agent_4,actor_logits,0,1,4,9.356964,-6.251433,10.207643,0.000456,0.999960,9.356964,-6.251433,-0.850678,-3.386692,,,,
5,266,266.000000,agent_5,actor_logits,0,1,4,9.356964,-6.251433,10.207642,0.000456,0.999960,9.356964,-6.251433,-0.850678,-3.386692,,,,
5,268,268.000000,agent_0,actor_logits,0,1,4,8.509019,-13.531344,4.387419,0.078368,0.986087,8.509019,-13.531344,2.118241,4.121600,,,,
5,268,268.000000,agent_1,actor_logits,0,1,4,8.509018,-13.531343,4.387419,0.078368,0.986087,8.509018,-13.531343,2.118241,4.121599,,,,
5,268,268.000000,agent_2,actor_logits,0,1,4,8.509018,-13.531343,4.387419,0.078368,0.986087,8.509018,-13.531343,2.118241,4.121599,,,,
5,268,268.000000,agent_3,actor_logits,0,1,4,8.509019,-13.531343,4.387420,0.078368,0.986087,8.509019,-13.531343,2.118241,4.121599,,,,
5,268,268.000000,agent_4,actor_logits,0,1,4,8.509019,-13.531343,4.387420,0.078368,0.986087,8.509019,-13.531343,2.118241,4.121599,,,,
5,268,268.000000,agent_5,actor_logits,0,1,4,8.509019,-13.531343,4.387420,0.078368,0.986087,8.509019,-13.531343,2.118241,4.121599,,,,
5,270,270.000000,agent_0,actor_logits,1,1,3,5.975664,-14.447420,4.431040,0.063950,0.988238,-14.447420,5.975664,1.544624,,,,,
5,270,270.000000,agent_1,actor_logits,1,1,3,5.975664,-14.447420,4.431039,0.063950,0.988238,-14.447420,5.975664,1.544625,,,,,
5,270,270.000000,agent_2,actor_logits,1,1,3,5.975664,-14.447420,4.431040,0.063950,0.988238,-14.447420,5.975664,1.544624,,,,,
5,270,270.000000,agent_3,actor_logits,1,1,3,5.975664,-14.447419,4.431040,0.063950,0.988238,-14.447419,5.975664,1.544624,,,,,
5,270,270.000000,agent_4,actor_logits,1,1,3,5.975665,-14.447420,4.431040,0.063950,0.988238,-14.447420,5.975665,1.544625,,,,,
5,270,270.000000,agent_5,actor_logits,1,1,3,5.975665,-14.447420,4.431041,0.063950,0.988238,-14.447420,5.975665,1.544624,,,,,
5,272,272.000000,agent_0,actor_logits,2,1,4,6.244188,-4.799906,4.808066,0.048147,0.991801,-4.799906,-3.101800,6.244188,1.436122,,,,
5,272,272.000000,agent_1,actor_logits,2,1,4,6.244188,-4.799907,4.808066,0.048147,0.991801,-4.799907,-3.101800,6.244188,1.436122,,,,
5,272,272.000000,agent_2,actor_logits,2,1,4,6.244188,-4.799907,4.808066,0.048147,0.991801,-4.799907,-3.101800,6.244188,1.436122,,,,
5,272,272.000000,agent_3,actor_logits,2,1,4,6.244188,-4.799907,4.808066,0.048147,0.991801,-4.799907,-3.101799,6.244188,1.436121,,,,
5,272,272.000000,agent_4,actor_logits,2,1,4,6.244189,-4.799907,4.808067,0.048147,0.991801,-4.799907,-3.101800,6.244189,1.436121,,,,
5,272,272.000000,agent_5,actor_logits,2,1,4,6.244188,-4.799907,4.808066,0.048147,0.991801,-4.799907,-3.101800,6.244188,1.436122,,,,
5,274,274.000000,agent_0,actor_logits,0,1,4,4.422392,-5.565396,4.302658,0.093334,0.983342,4.422392,-1.272865,0.119734,-5.565396,,,,
5,274,274.000000,agent_1,actor_logits,0,1,4,4.422393,-5.565396,4.302659,0.093334,0.983342,4.422393,-1.272865,0.119734,-5.565396,,,,
5,274,274.000000,agent_2,actor_logits,0,1,4,4.422392,-5.565396,4.302658,0.093334,0.983342,4.422392,-1.272865,0.119734,-5.565396,,,,
5,274,274.000000,agent_3,actor_logits,0,1,4,4.422393,-5.565396,4.302660,0.093333,0.983342,4.422393,-1.272864,0.119734,-5.565396,,,,
5,274,274.000000,agent_4,actor_logits,0,1,4,4.422393,-5.565397,4.302659,0.093334,0.983342,4.422393,-1.272864,0.119734,-5.565397,,,,
5,274,274.000000,agent_5,actor_logits,0,1,4,4.422393,-5.565396,4.302659,0.093334,0.983342,4.422393,-1.272865,0.119734,-5.565396,,,,
5,276,276.000000,agent_0,actor_logits,0,1,4,7.914322,-5.116703,5.346272,0.030192,0.995251,7.914322,-5.116703,-4.639106,2.568050,,,,
5,276,276.000000,agent_1,actor_logits,0,1,4,7.914322,-5.116702,5.346272,0.030192,0.995251,7.914322,-5.116702,-4.639106,2.568050,,,,
5,276,276.000000,agent_2,actor_logits,0,1,4,7.914322,-5.116703,5.346272,0.030192,0.995251,7.914322,-5.116703,-4.639106,2.568051,,,,
5,276,276.000000,agent_3,actor_logits,0,1,4,7.914322,-5.116702,5.346272,0.030192,0.995251,7.914322,-5.116702,-4.639106,2.568050,,,,
5,276,276.000000,agent_4,actor_logits,0,1,4,7.914322,-5.116702,5.346272,0.030192,0.995251,7.914322,-5.116702,-4.639106,2.568050,,,,
5,276,276.000000,agent_5,actor_logits,0,1,4,7.914323,-5.116703,5.346272,0.030192,0.995251,7.914323,-5.116703,-4.639106,2.568050,,,,
5,278,278.000000,agent_0,actor_logits,2,1,3,6.341499,-10.447237,5.738218,0.021637,0.996790,0.603281,-10.447237,6.341499,,,,,
5,278,278.000000,agent_1,actor_logits,2,1,3,6.341500,-10.447237,5.738219,0.021637,0.996790,0.603281,-10.447237,6.341500,,,,,
5,278,278.000000,agent_2,actor_logits,2,1,3,6.341499,-10.447237,5.738219,0.021637,0.996790,0.603281,-10.447237,6.341499,,,,,
5,278,278.000000,agent_3,actor_logits,2,1,3,6.341499,-10.447237,5.738218,0.021637,0.996790,0.603281,-10.447237,6.341499,,,,,
5,278,278.000000,agent_4,actor_logits,2,1,3,6.341499,-10.447236,5.738218,0.021637,0.996790,0.603281,-10.447236,6.341499,,,,,
5,278,278.000000,agent_5,actor_logits,2,1,3,6.341500,-10.447237,5.738219,0.021637,0.996790,0.603281,-10.447237,6.341500,,,,,
5,284,284.000000,agent_0,actor_logits,0,1,7,6.176219,-5.864835,0.338354,0.701492,0.581929,6.176219,-5.453227,-5.864835,5.837865,0.431143,-0.392496,-0.877444,
5,284,284.000000,agent_1,actor_logits,0,1,7,6.176220,-5.864836,0.338356,0.701492,0.581929,6.176220,-5.453227,-5.864836,5.837864,0.431144,-0.392496,-0.877444,
5,284,284.000000,agent_2,actor_logits,0,1,7,6.176219,-5.864835,0.338355,0.701492,0.581929,6.176219,-5.453228,-5.864835,5.837864,0.431144,-0.392496,-0.877444,
5,284,284.000000,agent_3,actor_logits,0,1,7,6.176219,-5.864836,0.338353,0.701492,0.581928,6.176219,-5.453227,-5.864836,5.837865,0.431144,-0.392496,-0.877445,
5,284,284.000000,agent_4,actor_logits,0,1,7,6.176220,-5.864837,0.338356,0.701492,0.581929,6.176220,-5.453227,-5.864837,5.837864,0.431144,-0.392496,-0.877444,
5,284,284.000000,agent_5,actor_logits,0,1,7,6.176219,-5.864835,0.338355,0.701492,0.581929,6.176219,-5.453228,-5.864835,5.837864,0.431144,-0.392496,-0.877444,
5,290,290.000000,agent_0,actor_logits,2,1,3,2.834552,-8.121284,9.324319,0.001130,0.999893,-6.489767,-8.121284,2.834552,,,,,
5,290,290.000000,agent_1,actor_logits,2,1,3,2.834551,-8.121284,9.324318,0.001130,0.999893,-6.489767,-8.121284,2.834551,,,,,
5,290,290.000000,agent_2,actor_logits,2,1,3,2.834552,-8.121284,9.324320,0.001130,0.999893,-6.489768,-8.121284,2.834552,,,,,
5,290,290.000000,agent_3,actor_logits,2,1,3,2.834551,-8.121283,9.324319,0.001130,0.999893,-6.489768,-8.121283,2.834551,,,,,
5,290,290.000000,agent_4,actor_logits,2,1,3,2.834551,-8.121284,9.324317,0.001130,0.999893,-6.489766,-8.121284,2.834551,,,,,
5,290,290.000000,agent_5,actor_logits,2,1,3,2.834551,-8.121283,9.324318,0.001130,0.999893,-6.489767,-8.121283,2.834551,,,,,
5,296,296.000000,agent_0,actor_logits,3,1,7,11.796405,-9.681776,5.224491,0.034403,0.994551,-9.681776,-0.593403,2.143455,11.796405,6.571914,1.126418,-0.536856,
5,296,296.000000,agent_1,actor_logits,3,1,7,11.796405,-9.681776,5.224490,0.034403,0.994551,-9.681776,-0.593403,2.143454,11.796405,6.571915,1.126418,-0.536856,
5,296,296.000000,agent_2,actor_logits,3,1,7,11.796405,-9.681776,5.224490,0.034403,0.994551,-9.681776,-0.593403,2.143454,11.796405,6.571915,1.126418,-0.536856,
5,296,296.000000,agent_3,actor_logits,3,1,7,11.796405,-9.681777,5.224490,0.034403,0.994551,-9.681777,-0.593403,2.143454,11.796405,6.571915,1.126418,-0.536856,
5,296,296.000000,agent_4,actor_logits,3,1,7,11.796405,-9.681777,5.224491,0.034403,0.994551,-9.681777,-0.593402,2.143454,11.796405,6.571914,1.126418,-0.536856,
5,296,296.000000,agent_5,actor_logits,3,1,7,11.796405,-9.681776,5.224490,0.034403,0.994551,-9.681776,-0.593403,2.143454,11.796405,6.571915,1.126418,-0.536856,
5,298,298.000000,agent_0,actor_logits,2,1,4,7.490946,-10.609260,3.140972,0.172535,0.958551,-6.290099,4.349974,7.490946,-10.609260,,,,
5,298,298.000000,agent_1,actor_logits,2,1,4,7.490946,-10.609260,3.140972,0.172535,0.958551,-6.290099,4.349974,7.490946,-10.609260,,,,
5,298,298.000000,agent_2,actor_logits,2,1,4,7.490946,-10.609260,3.140972,0.172535,0.958551,-6.290099,4.349974,7.490946,-10.609260,,,,
5,298,298.000000,agent_3,actor_logits,2,1,4,7.490946,-10.609260,3.140972,0.172535,0.958551,-6.290098,4.349974,7.490946,-10.609260,,,,
5,298,298.000000,agent_4,actor_logits,2,1,4,7.490947,-10.609260,3.140973,0.172535,0.958551,-6.290099,4.349974,7.490947,-10.609260,,,,
5,298,298.000000,agent_5,actor_logits,2,1,4,7.490946,-10.609260,3.140971,0.172535,0.958551,-6.290099,4.349975,7.490946,-10.609260,,,,
5,300,300.000000,agent_0,actor_logits,1,1,4,7.703519,-11.225326,3.905307,0.097034,0.980261,-5.844258,7.703519,3.798213,-11.225326,,,,
5,300,300.000000,agent_1,actor_logits,1,1,4,7.703520,-11.225327,3.905308,0.097034,0.980261,-5.844258,7.703520,3.798212,-11.225327,,,,
5,300,300.000000,agent_2,actor_logits,1,1,4,7.703520,-11.225327,3.905307,0.097034,0.980261,-5.844258,7.703520,3.798213,-11.225327,,,,
5,300,300.000000,agent_3,actor_logits,1,1,4,7.703519,-11.225327,3.905308,0.097034,0.980261,-5.844258,7.703519,3.798212,-11.225327,,,,
5,300,300.000000,agent_4,actor_logits,1,1,4,7.703519,-11.225327,3.905308,0.097034,0.980261,-5.844258,7.703519,3.798212,-11.225327,,,,
5,300,300.000000,agent_5,actor_logits,1,1,4,7.703520,-11.225327,3.905308,0.097034,0.980261,-5.844258,7.703520,3.798212,-11.225327,,,,
5,302,302.000000,agent_0,actor_logits,1,1,4,5.572497,-6.318323,4.639821,0.073065,0.987675,-0.301080,5.572497,-6.318323,0.932677,,,,
5,302,302.000000,agent_1,actor_logits,1,1,4,5.572497,-6.318322,4.639821,0.073065,0.987675,-0.301080,5.572497,-6.318322,0.932677,,,,
5,302,302.000000,agent_2,actor_logits,1,1,4,5.572497,-6.318322,4.639820,0.073065,0.987675,-0.301080,5.572497,-6.318322,0.932677,,,,
5,302,302.000000,agent_3,actor_logits,1,1,4,5.572497,-6.318323,4.639820,0.073065,0.987675,-0.301079,5.572497,-6.318323,0.932677,,,,
5,302,302.000000,agent_4,actor_logits,1,1,4,5.572497,-6.318323,4.639820,0.073065,0.987675,-0.301079,5.572497,-6.318323,0.932677,,,,
5,302,302.000000,agent_5,actor_logits,1,1,4,5.572497,-6.318323,4.639821,0.073065,0.987675,-0.301080,5.572497,-6.318323,0.932677,,,,
5,304,304.000000,agent_0,actor_logits,3,1,4,4.264954,-9.336792,1.240572,0.905493,0.637945,2.985948,3.024382,-9.336792,4.264954,,,,
5,304,304.000000,agent_1,actor_logits,3,1,4,4.264955,-9.336792,1.240573,0.905492,0.637945,2.985947,3.024382,-9.336792,4.264955,,,,
5,304,304.000000,agent_2,actor_logits,3,1,4,4.264955,-9.336793,1.240573,0.905492,0.637945,2.985947,3.024382,-9.336793,4.264955,,,,
5,304,304.000000,agent_3,actor_logits,3,1,4,4.264955,-9.336793,1.240573,0.905492,0.637945,2.985948,3.024381,-9.336793,4.264955,,,,
5,304,304.000000,agent_4,actor_logits,3,1,4,4.264955,-9.336793,1.240573,0.905492,0.637945,2.985947,3.024382,-9.336793,4.264955,,,,
5,304,304.000000,agent_5,actor_logits,3,1,4,4.264955,-9.336791,1.240572,0.905493,0.637945,2.985947,3.024382,-9.336791,4.264955,,,,
5,306,306.000000,agent_0,actor_logits,1,1,4,5.025055,-3.212208,4.412902,0.069842,0.987490,-3.212208,5.025055,-3.143416,0.612153,,,,
5,306,306.000000,agent_1,actor_logits,1,1,4,5.025056,-3.212208,4.412903,0.069842,0.987490,-3.212208,5.025056,-3.143417,0.612154,,,,
5,306,306.000000,agent_2,actor_logits,1,1,4,5.025056,-3.212208,4.412903,0.069842,0.987490,-3.212208,5.025056,-3.143416,0.612153,,,,
5,306,306.000000,agent_3,actor_logits,1,1,4,5.025056,-3.212208,4.412903,0.069842,0.987490,-3.212208,5.025056,-3.143417,0.612153,,,,
5,306,306.000000,agent_4,actor_logits,1,1,4,5.025056,-3.212208,4.412904,0.069842,0.987490,-3.212208,5.025056,-3.143416,0.612153,,,,
5,306,306.000000,agent_5,actor_logits,1,1,4,5.025056,-3.212208,4.412903,0.069842,0.987490,-3.212208,5.025056,-3.143417,0.612153,,,,
5,308,308.000000,agent_0,actor_logits,1,1,4,6.299567,-10.779920,3.521078,0.187949,0.960913,2.778490,6.299567,-10.779920,1.799568,,,,
5,308,308.000000,agent_1,actor_logits,1,1,4,6.299567,-10.779919,3.521079,0.187948,0.960913,2.778488,6.299567,-10.779919,1.799568,,,,
5,308,308.000000,agent_2,actor_logits,1,1,4,6.299568,-10.779919,3.521079,0.187948,0.960913,2.778489,6.299568,-10.779919,1.799568,,,,
5,308,308.000000,agent_3,actor_logits,1,1,4,6.299568,-10.779920,3.521078,0.187949,0.960913,2.778490,6.299568,-10.779920,1.799567,,,,
5,308,308.000000,agent_4,actor_logits,1,1,4,6.299567,-10.779919,3.521077,0.187949,0.960913,2.778490,6.299567,-10.779919,1.799568,,,,
5,308,308.000000,agent_5,actor_logits,1,1,4,6.299567,-10.779920,3.521077,0.187949,0.960913,2.778490,6.299567,-10.779920,1.799568,,,,
5,310,310.000000,agent_0,actor_logits,1,1,4,6.501554,-9.698592,3.708869,0.120085,0.975195,2.792685,6.501554,-9.698592,-0.478274,,,,
5,310,310.000000,agent_1,actor_logits,1,1,4,6.501554,-9.698592,3.708870,0.120085,0.975195,2.792684,6.501554,-9.698592,-0.478274,,,,
5,310,310.000000,agent_2,actor_logits,1,1,4,6.501554,-9.698591,3.708870,0.120085,0.975195,2.792684,6.501554,-9.698591,-0.478274,,,,
5,310,310.000000,agent_3,actor_logits,1,1,4,6.501554,-9.698593,3.708869,0.120085,0.975195,2.792686,6.501554,-9.698593,-0.478274,,,,
5,310,310.000000,agent_4,actor_logits,1,1,4,6.501553,-9.698592,3.708868,0.120085,0.975195,2.792686,6.501553,-9.698592,-0.478274,,,,
5,310,310.000000,agent_5,actor_logits,1,1,4,6.501554,-9.698592,3.708868,0.120085,0.975195,2.792686,6.501554,-9.698592,-0.478274,,,,
5,312,312.000000,agent_0,actor_logits,0,1,4,4.231596,-4.580299,0.662340,0.648887,0.659113,4.231596,-2.341527,-4.580299,3.569256,,,,
5,312,312.000000,agent_1,actor_logits,0,1,4,4.231596,-4.580300,0.662340,0.648887,0.659113,4.231596,-2.341527,-4.580300,3.569256,,,,
5,312,312.000000,agent_2,actor_logits,0,1,4,4.231595,-4.580299,0.662339,0.648887,0.659113,4.231595,-2.341526,-4.580299,3.569256,,,,
5,312,312.000000,agent_3,actor_logits,0,1,4,4.231597,-4.580299,0.662342,0.648887,0.659114,4.231597,-2.341527,-4.580299,3.569256,,,,
5,312,312.000000,agent_4,actor_logits,0,1,4,4.231597,-4.580299,0.662341,0.648887,0.659114,4.231597,-2.341527,-4.580299,3.569256,,,,
5,312,312.000000,agent_5,actor_logits,0,1,4,4.231596,-4.580299,0.662341,0.648887,0.659114,4.231596,-2.341527,-4.580299,3.569256,,,,
5,314,314.000000,agent_0,actor_logits,3,1,4,5.403740,-12.733597,0.301225,0.887825,0.534513,3.370794,-12.733597,5.102516,5.403740,,,,
5,314,314.000000,agent_1,actor_logits,3,1,4,5.403739,-12.733599,0.301224,0.887825,0.534513,3.370795,-12.733599,5.102516,5.403739,,,,
5,314,314.000000,agent_2,actor_logits,3,1,4,5.403739,-12.733597,0.301224,0.887825,0.534513,3.370794,-12.733597,5.102516,5.403739,,,,
5,314,314.000000,agent_3,actor_logits,3,1,4,5.403739,-12.733597,0.301224,0.887825,0.534513,3.370795,-12.733597,5.102515,5.403739,,,,
5,314,314.000000,agent_4,actor_logits,3,1,4,5.403739,-12.733597,0.301224,0.887825,0.534513,3.370794,-12.733597,5.102516,5.403739,,,,
5,314,314.000000,agent_5,actor_logits,3,1,4,5.403739,-12.733597,0.301224,0.887825,0.534513,3.370794,-12.733597,5.102515,5.403739,,,,
5,316,316.000000,agent_0,actor_logits,0,1,4,4.952983,-7.630099,2.668669,0.363107,0.908408,4.952983,1.494565,-7.630099,2.284314,,,,
5,316,316.000000,agent_1,actor_logits,0,1,4,4.952984,-7.630101,2.668672,0.363106,0.908408,4.952984,1.494564,-7.630101,2.284312,,,,
5,316,316.000000,agent_2,actor_logits,0,1,4,4.952984,-7.630101,2.668671,0.363106,0.908408,4.952984,1.494564,-7.630101,2.284313,,,,
5,316,316.000000,agent_3,actor_logits,0,1,4,4.952984,-7.630100,2.668671,0.363106,0.908408,4.952984,1.494564,-7.630100,2.284313,,,,
5,316,316.000000,agent_4,actor_logits,0,1,4,4.952984,-7.630101,2.668670,0.363106,0.908408,4.952984,1.494565,-7.630101,2.284313,,,,
5,316,316.000000,agent_5,actor_logits,0,1,4,4.952984,-7.630101,2.668671,0.363106,0.908408,4.952984,1.494564,-7.630101,2.284313,,,,
5,318,318.000000,agent_0,actor_logits,0,1,4,4.947454,-10.942211,0.080144,0.723855,0.517024,4.947454,-10.942211,4.867310,0.452253,,,,
5,318,318.000000,agent_1,actor_logits,0,1,4,4.947454,-10.942211,0.080144,0.723855,0.517024,4.947454,-10.942211,4.867311,0.452252,,,,
5,318,318.000000,agent_2,actor_logits,0,1,4,4.947455,-10.942212,0.080145,0.723855,0.517024,4.947455,-10.942212,4.867310,0.452252,,,,
5,318,318.000000,agent_3,actor_logits,0,1,4,4.947454,-10.942211,0.080144,0.723855,0.517024,4.947454,-10.942211,4.867310,0.452253,,,,
5,318,318.000000,agent_4,actor_logits,0,1,4,4.947454,-10.942211,0.080143,0.723855,0.517024,4.947454,-10.942211,4.867311,0.452253,,,,
5,318,318.000000,agent_5,actor_logits,0,1,4,4.947455,-10.942211,0.080145,0.723855,0.517024,4.947455,-10.942211,4.867310,0.452252,,,,
5,320,320.000000,agent_0,actor_logits,0,1,4,4.692639,-8.039310,0.131684,0.719107,0.530199,4.692639,0.032153,-8.039310,4.560955,,,,
5,320,320.000000,agent_1,actor_logits,0,1,4,4.692640,-8.039310,0.131684,0.719106,0.530199,4.692640,0.032152,-8.039310,4.560956,,,,
5,320,320.000000,agent_2,actor_logits,0,1,4,4.692640,-8.039310,0.131685,0.719107,0.530200,4.692640,0.032153,-8.039310,4.560955,,,,
5,320,320.000000,agent_3,actor_logits,0,1,4,4.692638,-8.039310,0.131683,0.719107,0.530199,4.692638,0.032153,-8.039310,4.560955,,,,
5,320,320.000000,agent_4,actor_logits,0,1,4,4.692639,-8.039310,0.131684,0.719107,0.530199,4.692639,0.032153,-8.039310,4.560956,,,,
5,320,320.000000,agent_5,actor_logits,0,1,4,4.692639,-8.039310,0.131685,0.719107,0.530200,4.692639,0.032153,-8.039310,4.560955,,,,
5,322,322.000000,agent_0,actor_logits,0,1,4,13.649858,-7.730071,12.001539,0.000080,0.999994,13.649858,-7.730071,-7.310847,1.648319,,,,
5,322,322.000000,agent_1,actor_logits,0,1,4,13.649858,-7.730071,12.001539,0.000080,0.999994,13.649858,-7.730071,-7.310846,1.648319,,,,
5,322,322.000000,agent_2,actor_logits,0,1,4,13.649858,-7.730070,12.001540,0.000080,0.999994,13.649858,-7.730070,-7.310846,1.648319,,,,
5,322,322.000000,agent_3,actor_logits,0,1,4,13.649858,-7.730071,12.001538,0.000080,0.999994,13.649858,-7.730071,-7.310846,1.648320,,,,
5,322,322.000000,agent_4,actor_logits,0,1,4,13.649858,-7.730072,12.001539,0.000080,0.999994,13.649858,-7.730072,-7.310846,1.648320,,,,
5,322,322.000000,agent_5,actor_logits,0,1,4,13.649858,-7.730071,12.001539,0.000080,0.999994,13.649858,-7.730071,-7.310846,1.648319,,,,
5,324,324.000000,agent_0,actor_logits,1,1,4,2.077602,-2.911642,2.964076,0.397061,0.905382,-0.886475,2.077602,-0.999627,-2.911642,,,,
5,324,324.000000,agent_1,actor_logits,1,1,4,2.077601,-2.911643,2.964076,0.397061,0.905382,-0.886475,2.077601,-0.999627,-2.911643,,,,
5,324,324.000000,agent_2,actor_logits,1,1,4,2.077602,-2.911642,2.964077,0.397061,0.905382,-0.886475,2.077602,-0.999627,-2.911642,,,,
5,324,324.000000,agent_3,actor_logits,1,1,4,2.077602,-2.911642,2.964078,0.397061,0.905382,-0.886476,2.077602,-0.999627,-2.911642,,,,
5,324,324.000000,agent_4,actor_logits,1,1,4,2.077601,-2.911642,2.964076,0.397061,0.905382,-0.886475,2.077601,-0.999627,-2.911642,,,,
5,324,324.000000,agent_5,actor_logits,1,1,4,2.077601,-2.911643,2.964076,0.397061,0.905382,-0.886475,2.077601,-0.999627,-2.911643,,,,
5,326,326.000000,agent_0,actor_logits,0,1,3,8.042435,-13.257819,6.719634,0.009307,0.998794,8.042435,1.322801,-13.257819,,,,,
5,326,326.000000,agent_1,actor_logits,0,1,3,8.042435,-13.257819,6.719634,0.009307,0.998794,8.042435,1.322801,-13.257819,,,,,
5,326,326.000000,agent_2,actor_logits,0,1,3,8.042434,-13.257819,6.719633,0.009307,0.998794,8.042434,1.322801,-13.257819,,,,,
5,326,326.000000,agent_3,actor_logits,0,1,3,8.042434,-13.257819,6.719633,0.009307,0.998794,8.042434,1.322800,-13.257819,,,,,
5,326,326.000000,agent_4,actor_logits,0,1,3,8.042435,-13.257819,6.719635,0.009307,0.998794,8.042435,1.322800,-13.257819,,,,,
5,326,326.000000,agent_5,actor_logits,0,1,3,8.042435,-13.257819,6.719635,0.009307,0.998794,8.042435,1.322800,-13.257819,,,,,
5,328,328.000000,agent_0,actor_logits,0,1,2,-4.052485,-9.708155,5.655670,0.023204,0.996515,-4.052485,-9.708155,,,,,,
5,328,328.000000,agent_1,actor_logits,0,1,2,-4.052485,-9.708153,5.655668,0.023204,0.996515,-4.052485,-9.708153,,,,,,
5,328,328.000000,agent_2,actor_logits,0,1,2,-4.052485,-9.708155,5.655670,0.023204,0.996515,-4.052485,-9.708155,,,,,,
5,328,328.000000,agent_3,actor_logits,0,1,2,-4.052485,-9.708155,5.655670,0.023204,0.996515,-4.052485,-9.708155,,,,,,
5,328,328.000000,agent_4,actor_logits,0,1,2,-4.052485,-9.708153,5.655668,0.023204,0.996515,-4.052485,-9.708153,,,,,,
5,328,328.000000,agent_5,actor_logits,0,1,2,-4.052484,-9.708155,5.655671,0.023204,0.996515,-4.052484,-9.708155,,,,,,
5,330,330.000000,agent_0,actor_logits,1,1,3,5.840337,-6.666129,11.746006,0.000151,0.999988,-5.905668,5.840337,-6.666129,,,,,
5,330,330.000000,agent_1,actor_logits,1,1,3,5.840337,-6.666128,11.746006,0.000151,0.999988,-5.905669,5.840337,-6.666128,,,,,
5,330,330.000000,agent_2,actor_logits,1,1,3,5.840337,-6.666127,11.746006,0.000151,0.999988,-5.905669,5.840337,-6.666127,,,,,
5,330,330.000000,agent_3,actor_logits,1,1,3,5.840337,-6.666128,11.746006,0.000151,0.999988,-5.905669,5.840337,-6.666128,,,,,
5,330,330.000000,agent_4,actor_logits,1,1,3,5.840337,-6.666127,11.746006,0.000151,0.999988,-5.905669,5.840337,-6.666127,,,,,
5,330,330.000000,agent_5,actor_logits,1,1,3,5.840337,-6.666128,11.746006,0.000151,0.999988,-5.905668,5.840337,-6.666128,,,,,
5,332,332.000000,agent_0,actor_logits,1,1,3,9.236054,-19.839357,11.197874,0.000167,0.999986,-19.839357,9.236054,-1.961820,,,,,
5,332,332.000000,agent_1,actor_logits,1,1,3,9.236054,-19.839357,11.197874,0.000167,0.999986,-19.839357,9.236054,-1.961820,,,,,
5,332,332.000000,agent_2,actor_logits,1,1,3,9.236053,-19.839357,11.197873,0.000167,0.999986,-19.839357,9.236053,-1.961819,,,,,
5,332,332.000000,agent_3,actor_logits,1,1,3,9.236054,-19.839357,11.197874,0.000167,0.999986,-19.839357,9.236054,-1.961820,,,,,
5,332,332.000000,agent_4,actor_logits,1,1,3,9.236053,-19.839357,11.197873,0.000167,0.999986,-19.839357,9.236053,-1.961820,,,,,
5,332,332.000000,agent_5,actor_logits,1,1,3,9.236054,-19.839357,11.197874,0.000167,0.999986,-19.839357,9.236054,-1.961820,,,,,
5,334,334.000000,agent_0,actor_logits,1,1,3,6.791646,-21.520403,3.516781,0.130681,0.971161,-21.520403,6.791646,3.274865,,,,,
5,334,334.000000,agent_1,actor_logits,1,1,3,6.791646,-21.520401,3.516780,0.130681,0.971161,-21.520401,6.791646,3.274866,,,,,
5,334,334.000000,agent_2,actor_logits,1,1,3,6.791645,-21.520401,3.516778,0.130682,0.971161,-21.520401,6.791645,3.274867,,,,,
5,334,334.000000,agent_3,actor_logits,1,1,3,6.791646,-21.520401,3.516781,0.130681,0.971161,-21.520401,6.791646,3.274865,,,,,
5,334,334.000000,agent_4,actor_logits,1,1,3,6.791646,-21.520401,3.516780,0.130681,0.971161,-21.520401,6.791646,3.274866,,,,,
5,334,334.000000,agent_5,actor_logits,1,1,3,6.791646,-21.520403,3.516780,0.130681,0.971161,-21.520403,6.791646,3.274866,,,,,
5,336,336.000000,agent_0,actor_logits,2,1,3,6.396626,-21.244081,1.780329,0.412626,0.855738,-21.244081,4.616298,6.396626,,,,,
5,336,336.000000,agent_1,actor_logits,2,1,3,6.396627,-21.244081,1.780330,0.412626,0.855738,-21.244081,4.616297,6.396627,,,,,
5,336,336.000000,agent_2,actor_logits,2,1,3,6.396628,-21.244081,1.780332,0.412626,0.855738,-21.244081,4.616296,6.396628,,,,,
5,336,336.000000,agent_3,actor_logits,2,1,3,6.396627,-21.244081,1.780330,0.412626,0.855738,-21.244081,4.616297,6.396627,,,,,
5,336,336.000000,agent_4,actor_logits,2,1,3,6.396627,-21.244081,1.780330,0.412626,0.855738,-21.244081,4.616297,6.396627,,,,,
5,336,336.000000,agent_5,actor_logits,2,1,3,6.396627,-21.244081,1.780331,0.412626,0.855738,-21.244081,4.616297,6.396627,,,,,
5,338,338.000000,agent_0,actor_logits,3,1,4,11.239626,-16.333052,5.839446,0.023189,0.996723,-16.333052,3.358164,5.400180,11.239626,,,,
5,338,338.000000,agent_1,actor_logits,3,1,4,11.239626,-16.333052,5.839446,0.023189,0.996723,-16.333052,3.358164,5.400180,11.239626,,,,
5,338,338.000000,agent_2,actor_logits,3,1,4,11.239627,-16.333052,5.839446,0.023189,0.996723,-16.333052,3.358163,5.400181,11.239627,,,,
5,338,338.000000,agent_3,actor_logits,3,1,4,11.239626,-16.333052,5.839446,0.023189,0.996723,-16.333052,3.358163,5.400180,11.239626,,,,
5,338,338.000000,agent_4,actor_logits,3,1,4,11.239626,-16.333052,5.839446,0.023189,0.996723,-16.333052,3.358164,5.400180,11.239626,,,,
5,338,338.000000,agent_5,actor_logits,3,1,4,11.239626,-16.333052,5.839446,0.023189,0.996723,-16.333052,3.358164,5.400180,11.239626,,,,
5,340,340.000000,agent_0,actor_logits,3,1,4,7.025106,-2.878116,7.672554,0.007474,0.999165,-2.878116,-0.647448,-1.020757,7.025106,,,,
5,340,340.000000,agent_1,actor_logits,3,1,4,7.025107,-2.878116,7.672555,0.007474,0.999165,-2.878116,-0.647449,-1.020757,7.025107,,,,
5,340,340.000000,agent_2,actor_logits,3,1,4,7.025107,-2.878116,7.672556,0.007474,0.999165,-2.878116,-0.647449,-1.020757,7.025107,,,,
5,340,340.000000,agent_3,actor_logits,3,1,4,7.025106,-2.878115,7.672554,0.007474,0.999165,-2.878115,-0.647448,-1.020757,7.025106,,,,
5,340,340.000000,agent_4,actor_logits,3,1,4,7.025106,-2.878116,7.672554,0.007474,0.999165,-2.878116,-0.647448,-1.020757,7.025106,,,,
5,340,340.000000,agent_5,actor_logits,3,1,4,7.025106,-2.878115,7.672555,0.007474,0.999165,-2.878115,-0.647449,-1.020758,7.025106,,,,
5,342,342.000000,agent_0,actor_logits,1,1,4,6.334859,-2.987897,8.214787,0.005113,0.999464,-1.879927,6.334859,-2.987897,-2.309136,,,,
5,342,342.000000,agent_1,actor_logits,1,1,4,6.334858,-2.987897,8.214786,0.005113,0.999464,-1.879927,6.334858,-2.987897,-2.309137,,,,
5,342,342.000000,agent_2,actor_logits,1,1,4,6.334858,-2.987897,8.214785,0.005113,0.999464,-1.879927,6.334858,-2.987897,-2.309136,,,,
5,342,342.000000,agent_3,actor_logits,1,1,4,6.334858,-2.987898,8.214786,0.005113,0.999464,-1.879928,6.334858,-2.987898,-2.309136,,,,
5,342,342.000000,agent_4,actor_logits,1,1,4,6.334858,-2.987897,8.214786,0.005113,0.999464,-1.879927,6.334858,-2.987897,-2.309137,,,,
5,342,342.000000,agent_5,actor_logits,1,1,4,6.334858,-2.987897,8.214786,0.005113,0.999464,-1.879927,6.334858,-2.987897,-2.309137,,,,
5,344,344.000000,agent_0,actor_logits,0,1,4,12.519753,-13.113924,8.528679,0.001889,0.999802,12.519753,-13.113924,-2.342014,3.991074,,,,
5,344,344.000000,agent_1,actor_logits,0,1,4,12.519753,-13.113924,8.528679,0.001889,0.999802,12.519753,-13.113924,-2.342014,3.991075,,,,
5,344,344.000000,agent_2,actor_logits,0,1,4,12.519753,-13.113924,8.528679,0.001889,0.999802,12.519753,-13.113924,-2.342014,3.991074,,,,
5,344,344.000000,agent_3,actor_logits,0,1,4,12.519753,-13.113924,8.528679,0.001889,0.999802,12.519753,-13.113924,-2.342014,3.991075,,,,
5,344,344.000000,agent_4,actor_logits,0,1,4,12.519753,-13.113924,8.528679,0.001889,0.999802,12.519753,-13.113924,-2.342014,3.991074,,,,
5,344,344.000000,agent_5,actor_logits,0,1,4,12.519754,-13.113925,8.528680,0.001889,0.999802,12.519754,-13.113925,-2.342014,3.991075,,,,
5,346,346.000000,agent_0,actor_logits,0,1,4,14.087612,-16.712410,8.516495,0.001910,0.999800,14.087612,-16.712410,-0.656640,5.571117,,,,
5,346,346.000000,agent_1,actor_logits,0,1,4,14.087611,-16.712410,8.516495,0.001910,0.999800,14.087611,-16.712410,-0.656639,5.571117,,,,
5,346,346.000000,agent_2,actor_logits,0,1,4,14.087611,-16.712410,8.516494,0.001910,0.999800,14.087611,-16.712410,-0.656640,5.571117,,,,
5,346,346.000000,agent_3,actor_logits,0,1,4,14.087612,-16.712410,8.516495,0.001910,0.999800,14.087612,-16.712410,-0.656640,5.571117,,,,
5,346,346.000000,agent_4,actor_logits,0,1,4,14.087612,-16.712410,8.516496,0.001910,0.999800,14.087612,-16.712410,-0.656640,5.571116,,,,
5,346,346.000000,agent_5,actor_logits,0,1,4,14.087612,-16.712410,8.516495,0.001910,0.999800,14.087612,-16.712410,-0.656639,5.571117,,,,
5,348,348.000000,agent_0,actor_logits,3,1,4,3.136129,-5.334543,0.778988,0.697955,0.674024,-5.334543,-0.571033,2.357141,3.136129,,,,
5,348,348.000000,agent_1,actor_logits,3,1,4,3.136129,-5.334544,0.778988,0.697955,0.674024,-5.334544,-0.571033,2.357141,3.136129,,,,
5,348,348.000000,agent_2,actor_logits,3,1,4,3.136130,-5.334543,0.778989,0.697955,0.674024,-5.334543,-0.571033,2.357141,3.136130,,,,
5,348,348.000000,agent_3,actor_logits,3,1,4,3.136129,-5.334543,0.778989,0.697955,0.674024,-5.334543,-0.571032,2.357141,3.136129,,,,
5,348,348.000000,agent_4,actor_logits,3,1,4,3.136129,-5.334543,0.778988,0.697955,0.674024,-5.334543,-0.571033,2.357141,3.136129,,,,
5,348,348.000000,agent_5,actor_logits,3,1,4,3.136129,-5.334543,0.778987,0.697955,0.674024,-5.334543,-0.571033,2.357141,3.136129,,,,
5,350,350.000000,agent_0,actor_logits,0,1,4,9.427437,-9.174901,5.934006,0.018387,0.997354,9.427437,-9.174901,-2.690722,3.493431,,,,
5,350,350.000000,agent_1,actor_logits,0,1,4,9.427437,-9.174902,5.934006,0.018387,0.997354,9.427437,-9.174902,-2.690721,3.493431,,,,
5,350,350.000000,agent_2,actor_logits,0,1,4,9.427437,-9.174902,5.934005,0.018387,0.997354,9.427437,-9.174902,-2.690722,3.493432,,,,
5,350,350.000000,agent_3,actor_logits,0,1,4,9.427437,-9.174901,5.934005,0.018387,0.997354,9.427437,-9.174901,-2.690722,3.493432,,,,
5,350,350.000000,agent_4,actor_logits,0,1,4,9.427437,-9.174900,5.934005,0.018387,0.997354,9.427437,-9.174900,-2.690722,3.493432,,,,
5,350,350.000000,agent_5,actor_logits,0,1,4,9.427437,-9.174902,5.934005,0.018387,0.997354,9.427437,-9.174902,-2.690722,3.493432,,,,
5,352,352.000000,agent_0,actor_logits,1,1,4,1.301066,-2.118516,0.447597,0.960785,0.553675,-2.118516,1.301066,-0.707171,0.853469,,,,
5,352,352.000000,agent_1,actor_logits,1,1,4,1.301066,-2.118515,0.447597,0.960785,0.553675,-2.118515,1.301066,-0.707171,0.853469,,,,
5,352,352.000000,agent_2,actor_logits,1,1,4,1.301066,-2.118516,0.447597,0.960785,0.553675,-2.118516,1.301066,-0.707170,0.853469,,,,
5,352,352.000000,agent_3,actor_logits,1,1,4,1.301065,-2.118515,0.447596,0.960785,0.553675,-2.118515,1.301065,-0.707171,0.853469,,,,
5,352,352.000000,agent_4,actor_logits,1,1,4,1.301065,-2.118516,0.447596,0.960785,0.553675,-2.118516,1.301065,-0.707171,0.853469,,,,
5,352,352.000000,agent_5,actor_logits,1,1,4,1.301065,-2.118515,0.447596,0.960785,0.553675,-2.118515,1.301065,-0.707171,0.853469,,,,
5,354,354.000000,agent_0,actor_logits,3,1,4,3.574065,-5.472227,1.561278,0.611702,0.793410,2.012787,0.586253,-5.472227,3.574065,,,,
5,354,354.000000,agent_1,actor_logits,3,1,4,3.574064,-5.472227,1.561276,0.611702,0.793409,2.012787,0.586253,-5.472227,3.574064,,,,
5,354,354.000000,agent_2,actor_logits,3,1,4,3.574064,-5.472228,1.561277,0.611702,0.793409,2.012787,0.586253,-5.472228,3.574064,,,,
5,354,354.000000,agent_3,actor_logits,3,1,4,3.574064,-5.472228,1.561277,0.611702,0.793409,2.012787,0.586253,-5.472228,3.574064,,,,
5,354,354.000000,agent_4,actor_logits,3,1,4,3.574065,-5.472227,1.561279,0.611702,0.793410,2.012786,0.586253,-5.472227,3.574065,,,,
5,354,354.000000,agent_5,actor_logits,3,1,4,3.574064,-5.472228,1.561277,0.611702,0.793409,2.012787,0.586253,-5.472228,3.574064,,,,
5,356,356.000000,agent_0,actor_logits,0,1,4,9.700251,-6.629757,7.237112,0.005929,0.999281,9.700251,-6.629757,-5.024869,2.463139,,,,
5,356,356.000000,agent_1,actor_logits,0,1,4,9.700250,-6.629757,7.237111,0.005929,0.999281,9.700250,-6.629757,-5.024868,2.463139,,,,
5,356,356.000000,agent_2,actor_logits,0,1,4,9.700249,-6.629756,7.237110,0.005929,0.999281,9.700249,-6.629756,-5.024868,2.463139,,,,
5,356,356.000000,agent_3,actor_logits,0,1,4,9.700250,-6.629756,7.237111,0.005929,0.999281,9.700250,-6.629756,-5.024869,2.463139,,,,
5,356,356.000000,agent_4,actor_logits,0,1,4,9.700249,-6.629757,7.237110,0.005929,0.999281,9.700249,-6.629757,-5.024868,2.463139,,,,
5,356,356.000000,agent_5,actor_logits,0,1,4,9.700249,-6.629756,7.237110,0.005929,0.999281,9.700249,-6.629756,-5.024869,2.463139,,,,
5,358,358.000000,agent_0,actor_logits,1,1,4,3.405477,-3.538006,2.392558,0.302922,0.914442,1.012919,3.405477,-3.538006,-3.317748,,,,
5,358,358.000000,agent_1,actor_logits,1,1,4,3.405477,-3.538006,2.392558,0.302922,0.914442,1.012919,3.405477,-3.538006,-3.317747,,,,
5,358,358.000000,agent_2,actor_logits,1,1,4,3.405477,-3.538006,2.392558,0.302922,0.914442,1.012919,3.405477,-3.538006,-3.317747,,,,
5,358,358.000000,agent_3,actor_logits,1,1,4,3.405477,-3.538006,2.392558,0.302922,0.914442,1.012919,3.405477,-3.538006,-3.317747,,,,
5,358,358.000000,agent_4,actor_logits,1,1,4,3.405477,-3.538006,2.392558,0.302922,0.914442,1.012919,3.405477,-3.538006,-3.317748,,,,
5,358,358.000000,agent_5,actor_logits,1,1,4,3.405477,-3.538006,2.392558,0.302922,0.914442,1.012919,3.405477,-3.538006,-3.317748,,,,
5,360,360.000000,agent_0,actor_logits,0,1,4,6.913328,-10.533364,3.812434,0.116209,0.976785,6.913328,0.519596,-10.533364,3.100894,,,,
5,360,360.000000,agent_1,actor_logits,0,1,4,6.913328,-10.533364,3.812434,0.116209,0.976785,6.913328,0.519595,-10.533364,3.100894,,,,
5,360,360.000000,agent_2,actor_logits,0,1,4,6.913329,-10.533364,3.812434,0.116209,0.976785,6.913329,0.519595,-10.533364,3.100895,,,,
5,360,360.000000,agent_3,actor_logits,0,1,4,6.913328,-10.533364,3.812433,0.116209,0.976785,6.913328,0.519595,-10.533364,3.100895,,,,
5,360,360.000000,agent_4,actor_logits,0,1,4,6.913329,-10.533364,3.812434,0.116209,0.976785,6.913329,0.519594,-10.533364,3.100894,,,,
5,360,360.000000,agent_5,actor_logits,0,1,4,6.913329,-10.533365,3.812434,0.116209,0.976785,6.913329,0.519595,-10.533365,3.100895,,,,
5,362,362.000000,agent_0,actor_logits,0,1,3,10.138752,-16.583479,8.755445,0.001537,0.999842,10.138752,1.383307,-16.583479,,,,,
5,362,362.000000,agent_1,actor_logits,0,1,3,10.138752,-16.583479,8.755445,0.001537,0.999842,10.138752,1.383307,-16.583479,,,,,
5,362,362.000000,agent_2,actor_logits,0,1,3,10.138751,-16.583479,8.755444,0.001537,0.999842,10.138751,1.383307,-16.583479,,,,,
5,362,362.000000,agent_3,actor_logits,0,1,3,10.138751,-16.583479,8.755444,0.001537,0.999842,10.138751,1.383308,-16.583479,,,,,
5,362,362.000000,agent_4,actor_logits,0,1,3,10.138751,-16.583479,8.755444,0.001537,0.999842,10.138751,1.383307,-16.583479,,,,,
5,362,362.000000,agent_5,actor_logits,0,1,3,10.138751,-16.583479,8.755444,0.001537,0.999842,10.138751,1.383307,-16.583479,,,,,
5,364,364.000000,agent_0,actor_logits,0,1,2,-6.346082,-9.590167,3.244085,0.160046,0.962460,-6.346082,-9.590167,,,,,,
5,364,364.000000,agent_1,actor_logits,0,1,2,-6.346083,-9.590167,3.244084,0.160046,0.962460,-6.346083,-9.590167,,,,,,
5,364,364.000000,agent_2,actor_logits,0,1,2,-6.346083,-9.590167,3.244084,0.160046,0.962460,-6.346083,-9.590167,,,,,,
5,364,364.000000,agent_3,actor_logits,0,1,2,-6.346083,-9.590168,3.244085,0.160046,0.962460,-6.346083,-9.590168,,,,,,
5,364,364.000000,agent_4,actor_logits,0,1,2,-6.346083,-9.590167,3.244084,0.160046,0.962460,-6.346083,-9.590167,,,,,,
5,364,364.000000,agent_5,actor_logits,0,1,2,-6.346082,-9.590167,3.244085,0.160046,0.962460,-6.346082,-9.590167,,,,,,
5,366,366.000000,agent_0,actor_logits,1,1,3,2.937214,-6.042305,7.197541,0.007386,0.999126,-4.260327,2.937214,-6.042305,,,,,
5,366,366.000000,agent_1,actor_logits,1,1,3,2.937214,-6.042305,7.197542,0.007386,0.999126,-4.260328,2.937214,-6.042305,,,,,
5,366,366.000000,agent_2,actor_logits,1,1,3,2.937214,-6.042305,7.197541,0.007386,0.999126,-4.260327,2.937214,-6.042305,,,,,
5,366,366.000000,agent_3,actor_logits,1,1,3,2.937214,-6.042306,7.197540,0.007386,0.999126,-4.260326,2.937214,-6.042306,,,,,
5,366,366.000000,agent_4,actor_logits,1,1,3,2.937214,-6.042305,7.197542,0.007386,0.999126,-4.260328,2.937214,-6.042305,,,,,
5,366,366.000000,agent_5,actor_logits,1,1,3,2.937215,-6.042306,7.197542,0.007386,0.999126,-4.260328,2.937215,-6.042306,,,,,
5,368,368.000000,agent_0,actor_logits,1,1,3,7.738688,-15.840570,11.706860,0.000105,0.999992,-15.840570,7.738688,-3.968172,,,,,
5,368,368.000000,agent_1,actor_logits,1,1,3,7.738687,-15.840571,11.706859,0.000105,0.999992,-15.840571,7.738687,-3.968172,,,,,
5,368,368.000000,agent_2,actor_logits,1,1,3,7.738687,-15.840570,11.706859,0.000105,0.999992,-15.840570,7.738687,-3.968171,,,,,
5,368,368.000000,agent_3,actor_logits,1,1,3,7.738688,-15.840570,11.706861,0.000105,0.999992,-15.840570,7.738688,-3.968173,,,,,
5,368,368.000000,agent_4,actor_logits,1,1,3,7.738688,-15.840571,11.706860,0.000105,0.999992,-15.840571,7.738688,-3.968172,,,,,
5,368,368.000000,agent_5,actor_logits,1,1,3,7.738688,-15.840571,11.706860,0.000105,0.999992,-15.840571,7.738688,-3.968171,,,,,
5,370,370.000000,agent_0,actor_logits,1,1,3,7.262914,-20.635607,7.344644,0.005388,0.999354,-20.635607,7.262914,-0.081730,,,,,
5,370,370.000000,agent_1,actor_logits,1,1,3,7.262914,-20.635607,7.344643,0.005388,0.999354,-20.635607,7.262914,-0.081730,,,,,
5,370,370.000000,agent_2,actor_logits,1,1,3,7.262914,-20.635607,7.344643,0.005388,0.999354,-20.635607,7.262914,-0.081729,,,,,
5,370,370.000000,agent_3,actor_logits,1,1,3,7.262914,-20.635605,7.344645,0.005388,0.999354,-20.635605,7.262914,-0.081730,,,,,
5,370,370.000000,agent_4,actor_logits,1,1,3,7.262914,-20.635607,7.344644,0.005388,0.999354,-20.635607,7.262914,-0.081730,,,,,
5,370,370.000000,agent_5,actor_logits,1,1,3,7.262913,-20.635607,7.344642,0.005388,0.999354,-20.635607,7.262913,-0.081729,,,,,
5,372,372.000000,agent_0,actor_logits,1,1,3,7.269520,-22.184240,4.101808,0.083158,0.983726,-22.184240,7.269520,3.167713,,,,,
5,372,372.000000,agent_1,actor_logits,1,1,3,7.269520,-22.184244,4.101807,0.083158,0.983726,-22.184244,7.269520,3.167713,,,,,
5,372,372.000000,agent_2,actor_logits,1,1,3,7.269519,-22.184242,4.101806,0.083158,0.983726,-22.184242,7.269519,3.167713,,,,,
5,372,372.000000,agent_3,actor_logits,1,1,3,7.269520,-22.184242,4.101808,0.083158,0.983726,-22.184242,7.269520,3.167713,,,,,
5,372,372.000000,agent_4,actor_logits,1,1,3,7.269520,-22.184240,4.101807,0.083158,0.983726,-22.184240,7.269520,3.167713,,,,,
5,372,372.000000,agent_5,actor_logits,1,1,3,7.269519,-22.184242,4.101806,0.083158,0.983726,-22.184242,7.269519,3.167714,,,,,
5,374,374.000000,agent_0,actor_logits,2,1,3,9.455441,-18.452814,10.036366,0.000483,0.999956,-18.452814,-0.580925,9.455441,,,,,
5,374,374.000000,agent_1,actor_logits,2,1,3,9.455441,-18.452814,10.036366,0.000483,0.999956,-18.452814,-0.580925,9.455441,,,,,
5,374,374.000000,agent_2,actor_logits,2,1,3,9.455441,-18.452814,10.036367,0.000483,0.999956,-18.452814,-0.580926,9.455441,,,,,
5,374,374.000000,agent_3,actor_logits,2,1,3,9.455441,-18.452814,10.036366,0.000483,0.999956,-18.452814,-0.580925,9.455441,,,,,
5,374,374.000000,agent_4,actor_logits,2,1,3,9.455441,-18.452814,10.036366,0.000483,0.999956,-18.452814,-0.580925,9.455441,,,,,
5,374,374.000000,agent_5,actor_logits,2,1,3,9.455441,-18.452812,10.036366,0.000483,0.999956,-18.452812,-0.580926,9.455441,,,,,
5,376,376.000000,agent_0,actor_logits,3,1,4,8.834150,-6.874563,6.328249,0.013318,0.998196,-6.874563,2.505901,-1.901335,8.834150,,,,
5,376,376.000000,agent_1,actor_logits,3,1,4,8.834150,-6.874563,6.328249,0.013318,0.998196,-6.874563,2.505901,-1.901335,8.834150,,,,
5,376,376.000000,agent_2,actor_logits,3,1,4,8.834150,-6.874563,6.328250,0.013318,0.998196,-6.874563,2.505901,-1.901334,8.834150,,,,
5,376,376.000000,agent_3,actor_logits,3,1,4,8.834150,-6.874563,6.328249,0.013318,0.998196,-6.874563,2.505901,-1.901335,8.834150,,,,
5,376,376.000000,agent_4,actor_logits,3,1,4,8.834151,-6.874563,6.328250,0.013318,0.998196,-6.874563,2.505901,-1.901335,8.834151,,,,
5,376,376.000000,agent_5,actor_logits,3,1,4,8.834150,-6.874563,6.328250,0.013318,0.998196,-6.874563,2.505900,-1.901334,8.834150,,,,
5,378,378.000000,agent_0,actor_logits,3,1,4,5.698453,-3.324697,5.296511,0.041086,0.993812,-1.116619,0.401942,-3.324697,5.698453,,,,
5,378,378.000000,agent_1,actor_logits,3,1,4,5.698453,-3.324697,5.296511,0.041086,0.993812,-1.116619,0.401942,-3.324697,5.698453,,,,
5,378,378.000000,agent_2,actor_logits,3,1,4,5.698453,-3.324697,5.296512,0.041086,0.993812,-1.116619,0.401942,-3.324697,5.698453,,,,
5,378,378.000000,agent_3,actor_logits,3,1,4,5.698453,-3.324697,5.296511,0.041086,0.993812,-1.116619,0.401943,-3.324697,5.698453,,,,
5,378,378.000000,agent_4,actor_logits,3,1,4,5.698453,-3.324696,5.296511,0.041086,0.993812,-1.116619,0.401942,-3.324696,5.698453,,,,
5,378,378.000000,agent_5,actor_logits,3,1,4,5.698454,-3.324697,5.296512,0.041086,0.993812,-1.116619,0.401942,-3.324697,5.698454,,,,
5,380,380.000000,agent_0,actor_logits,1,1,4,3.807899,-5.966308,2.624358,0.467648,0.873545,1.183541,3.807899,-5.966308,1.179826,,,,
5,380,380.000000,agent_1,actor_logits,1,1,4,3.807899,-5.966307,2.624358,0.467649,0.873545,1.183541,3.807899,-5.966307,1.179827,,,,
5,380,380.000000,agent_2,actor_logits,1,1,4,3.807898,-5.966307,2.624357,0.467649,0.873545,1.183541,3.807898,-5.966307,1.179827,,,,
5,380,380.000000,agent_3,actor_logits,1,1,4,3.807899,-5.966308,2.624357,0.467649,0.873545,1.183541,3.807899,-5.966308,1.179827,,,,
5,380,380.000000,agent_4,actor_logits,1,1,4,3.807899,-5.966307,2.624357,0.467649,0.873545,1.183541,3.807899,-5.966307,1.179826,,,,
5,380,380.000000,agent_5,actor_logits,1,1,4,3.807898,-5.966307,2.624357,0.467649,0.873545,1.183541,3.807898,-5.966307,1.179827,,,,
5,382,382.000000,agent_0,actor_logits,0,1,4,7.076458,-10.341908,4.717752,0.071069,0.988150,7.076458,2.358707,-10.341908,1.286263,,,,
5,382,382.000000,agent_1,actor_logits,0,1,4,7.076459,-10.341908,4.717752,0.071069,0.988150,7.076459,2.358706,-10.341908,1.286263,,,,
5,382,382.000000,agent_2,actor_logits,0,1,4,7.076458,-10.341908,4.717752,0.071069,0.988150,7.076458,2.358706,-10.341908,1.286263,,,,
5,382,382.000000,agent_3,actor_logits,0,1,4,7.076458,-10.341908,4.717752,0.071069,0.988150,7.076458,2.358706,-10.341908,1.286263,,,,
5,382,382.000000,agent_4,actor_logits,0,1,4,7.076459,-10.341908,4.717752,0.071069,0.988150,7.076459,2.358707,-10.341908,1.286263,,,,
5,382,382.000000,agent_5,actor_logits,0,1,4,7.076459,-10.341908,4.717753,0.071069,0.988150,7.076459,2.358706,-10.341908,1.286263,,,,
5,384,384.000000,agent_0,actor_logits,0,1,4,10.539557,-11.586422,6.752076,0.009088,0.998830,10.539557,-11.586422,-2.217046,3.787480,,,,
5,384,384.000000,agent_1,actor_logits,0,1,4,10.539557,-11.586422,6.752077,0.009088,0.998830,10.539557,-11.586422,-2.217047,3.787481,,,,
5,384,384.000000,agent_2,actor_logits,0,1,4,10.539557,-11.586422,6.752077,0.009088,0.998830,10.539557,-11.586422,-2.217046,3.787480,,,,
5,384,384.000000,agent_3,actor_logits,0,1,4,10.539557,-11.586422,6.752077,0.009088,0.998830,10.539557,-11.586422,-2.217047,3.787480,,,,
5,384,384.000000,agent_4,actor_logits,0,1,4,10.539557,-11.586422,6.752076,0.009088,0.998830,10.539557,-11.586422,-2.217046,3.787480,,,,
5,384,384.000000,agent_5,actor_logits,0,1,4,10.539557,-11.586422,6.752077,0.009088,0.998830,10.539557,-11.586422,-2.217046,3.787480,,,,
5,386,386.000000,agent_0,actor_logits,3,1,4,4.049204,-4.736596,0.521825,0.666804,0.627044,-4.736596,-2.679590,3.527379,4.049204,,,,
5,386,386.000000,agent_1,actor_logits,3,1,4,4.049204,-4.736597,0.521825,0.666804,0.627044,-4.736597,-2.679590,3.527379,4.049204,,,,
5,386,386.000000,agent_2,actor_logits,3,1,4,4.049205,-4.736596,0.521826,0.666804,0.627044,-4.736596,-2.679590,3.527379,4.049205,,,,
5,386,386.000000,agent_3,actor_logits,3,1,4,4.049204,-4.736597,0.521825,0.666804,0.627043,-4.736597,-2.679589,3.527379,4.049204,,,,
5,386,386.000000,agent_4,actor_logits,3,1,4,4.049204,-4.736596,0.521825,0.666804,0.627044,-4.736596,-2.679590,3.527379,4.049204,,,,
5,386,386.000000,agent_5,actor_logits,3,1,4,4.049204,-4.736596,0.521824,0.666804,0.627043,-4.736596,-2.679590,3.527380,4.049204,,,,
5,388,388.000000,agent_0,actor_logits,0,1,4,7.560338,-7.455149,5.132248,0.036521,0.994085,7.560338,-2.405314,-7.455149,2.428089,,,,
5,388,388.000000,agent_1,actor_logits,0,1,4,7.560338,-7.455149,5.132248,0.036521,0.994085,7.560338,-2.405314,-7.455149,2.428090,,,,
5,388,388.000000,agent_2,actor_logits,0,1,4,7.560338,-7.455149,5.132247,0.036521,0.994085,7.560338,-2.405314,-7.455149,2.428090,,,,
5,388,388.000000,agent_3,actor_logits,0,1,4,7.560337,-7.455149,5.132247,0.036521,0.994085,7.560337,-2.405314,-7.455149,2.428090,,,,
5,388,388.000000,agent_4,actor_logits,0,1,4,7.560338,-7.455149,5.132247,0.036521,0.994085,7.560338,-2.405315,-7.455149,2.428090,,,,
5,388,388.000000,agent_5,actor_logits,0,1,4,7.560338,-7.455149,5.132249,0.036521,0.994085,7.560338,-2.405315,-7.455149,2.428090,,,,
5,390,390.000000,agent_0,actor_logits,2,1,4,2.661294,-2.857750,1.789434,0.488326,0.844435,-1.669356,-2.857750,2.661294,0.871860,,,,
5,390,390.000000,agent_1,actor_logits,2,1,4,2.661294,-2.857750,1.789433,0.488326,0.844435,-1.669356,-2.857750,2.661294,0.871860,,,,
5,390,390.000000,agent_2,actor_logits,2,1,4,2.661294,-2.857751,1.789434,0.488326,0.844435,-1.669356,-2.857751,2.661294,0.871860,,,,
5,390,390.000000,agent_3,actor_logits,2,1,4,2.661293,-2.857750,1.789433,0.488326,0.844435,-1.669355,-2.857750,2.661293,0.871861,,,,
5,390,390.000000,agent_4,actor_logits,2,1,4,2.661294,-2.857751,1.789433,0.488326,0.844435,-1.669356,-2.857751,2.661294,0.871861,,,,
5,390,390.000000,agent_5,actor_logits,2,1,4,2.661295,-2.857751,1.789435,0.488326,0.844435,-1.669356,-2.857751,2.661295,0.871860,,,,
5,392,392.000000,agent_0,actor_logits,0,1,4,13.444401,-10.843525,13.133743,0.000029,0.999998,13.444401,-10.843525,-3.188542,0.310658,,,,
5,392,392.000000,agent_1,actor_logits,0,1,4,13.444401,-10.843525,13.133743,0.000029,0.999998,13.444401,-10.843525,-3.188543,0.310657,,,,
5,392,392.000000,agent_2,actor_logits,0,1,4,13.444401,-10.843523,13.133743,0.000029,0.999998,13.444401,-10.843523,-3.188542,0.310657,,,,
5,392,392.000000,agent_3,actor_logits,0,1,4,13.444401,-10.843525,13.133743,0.000029,0.999998,13.444401,-10.843525,-3.188543,0.310657,,,,
5,392,392.000000,agent_4,actor_logits,0,1,4,13.444399,-10.843524,13.133741,0.000029,0.999998,13.444399,-10.843524,-3.188542,0.310658,,,,
5,392,392.000000,agent_5,actor_logits,0,1,4,13.444401,-10.843525,13.133743,0.000029,0.999998,13.444401,-10.843525,-3.188542,0.310658,,,,
5,394,394.000000,agent_0,actor_logits,1,1,3,9.082466,-7.437289,15.714726,0.000004,1.000000,-7.437289,9.082466,-6.632260,,,,,
5,394,394.000000,agent_1,actor_logits,1,1,3,9.082466,-7.437289,15.714726,0.000004,1.000000,-7.437289,9.082466,-6.632260,,,,,
5,394,394.000000,agent_2,actor_logits,1,1,3,9.082466,-7.437289,15.714725,0.000004,1.000000,-7.437289,9.082466,-6.632260,,,,,
5,394,394.000000,agent_3,actor_logits,1,1,3,9.082465,-7.437289,15.714725,0.000004,1.000000,-7.437289,9.082465,-6.632260,,,,,
5,394,394.000000,agent_4,actor_logits,1,1,3,9.082467,-7.437290,15.714727,0.000004,1.000000,-7.437290,9.082467,-6.632260,,,,,
5,394,394.000000,agent_5,actor_logits,1,1,3,9.082466,-7.437289,15.714725,0.000004,1.000000,-7.437289,9.082466,-6.632259,,,,,
5,396,396.000000,agent_0,actor_logits,1,1,3,10.826258,-13.363622,17.410025,0.000000,1.000000,-13.363622,10.826258,-6.583766,,,,,
5,396,396.000000,agent_1,actor_logits,1,1,3,10.826259,-13.363622,17.410025,0.000000,1.000000,-13.363622,10.826259,-6.583766,,,,,
5,396,396.000000,agent_2,actor_logits,1,1,3,10.826259,-13.363622,17.410025,0.000000,1.000000,-13.363622,10.826259,-6.583766,,,,,
5,396,396.000000,agent_3,actor_logits,1,1,3,10.826258,-13.363622,17.410023,0.000000,1.000000,-13.363622,10.826258,-6.583766,,,,,
5,396,396.000000,agent_4,actor_logits,1,1,3,10.826259,-13.363623,17.410025,0.000000,1.000000,-13.363623,10.826259,-6.583766,,,,,
5,396,396.000000,agent_5,actor_logits,1,1,3,10.826259,-13.363622,17.410025,0.000000,1.000000,-13.363622,10.826259,-6.583766,,,,,
5,398,398.000000,agent_0,actor_logits,2,1,4,7.412296,-4.538865,9.163799,0.001564,0.999852,-2.788464,-4.538865,7.412296,-1.751503,,,,
5,398,398.000000,agent_1,actor_logits,2,1,4,7.412296,-4.538866,9.163800,0.001564,0.999852,-2.788464,-4.538866,7.412296,-1.751504,,,,
5,398,398.000000,agent_2,actor_logits,2,1,4,7.412296,-4.538866,9.163799,0.001564,0.999852,-2.788464,-4.538866,7.412296,-1.751504,,,,
5,398,398.000000,agent_3,actor_logits,2,1,4,7.412296,-4.538865,9.163800,0.001564,0.999852,-2.788464,-4.538865,7.412296,-1.751504,,,,
5,398,398.000000,agent_4,actor_logits,2,1,4,7.412296,-4.538865,9.163800,0.001564,0.999852,-2.788464,-4.538865,7.412296,-1.751504,,,,
5,398,398.000000,agent_5,actor_logits,2,1,4,7.412296,-4.538865,9.163800,0.001564,0.999852,-2.788464,-4.538865,7.412296,-1.751504,,,,
5,400,400.000000,agent_0,actor_logits,1,1,4,5.124635,-9.313542,1.437546,0.490158,0.807977,-3.686232,5.124635,3.687089,-9.313542,,,,
5,400,400.000000,agent_1,actor_logits,1,1,4,5.124635,-9.313542,1.437546,0.490158,0.807977,-3.686233,5.124635,3.687089,-9.313542,,,,
5,400,400.000000,agent_2,actor_logits,1,1,4,5.124635,-9.313542,1.437546,0.490158,0.807977,-3.686232,5.124635,3.687089,-9.313542,,,,
5,400,400.000000,agent_3,actor_logits,1,1,4,5.124636,-9.313543,1.437547,0.490158,0.807977,-3.686232,5.124636,3.687088,-9.313543,,,,
5,400,400.000000,agent_4,actor_logits,1,1,4,5.124637,-9.313543,1.437549,0.490158,0.807977,-3.686232,5.124637,3.687088,-9.313543,,,,
5,400,400.000000,agent_5,actor_logits,1,1,4,5.124635,-9.313543,1.437547,0.490158,0.807977,-3.686232,5.124635,3.687088,-9.313543,,,,
5,402,402.000000,agent_0,actor_logits,0,1,4,9.145432,-6.432041,6.632211,0.010065,0.998683,9.145432,-4.302120,-6.432041,2.513221,,,,
5,402,402.000000,agent_1,actor_logits,0,1,4,9.145432,-6.432041,6.632211,0.010065,0.998683,9.145432,-4.302120,-6.432041,2.513221,,,,
5,402,402.000000,agent_2,actor_logits,0,1,4,9.145432,-6.432041,6.632211,0.010065,0.998683,9.145432,-4.302120,-6.432041,2.513221,,,,
5,402,402.000000,agent_3,actor_logits,0,1,4,9.145432,-6.432040,6.632211,0.010065,0.998683,9.145432,-4.302120,-6.432040,2.513221,,,,
5,402,402.000000,agent_4,actor_logits,0,1,4,9.145432,-6.432041,6.632211,0.010065,0.998683,9.145432,-4.302119,-6.432041,2.513221,,,,
5,402,402.000000,agent_5,actor_logits,0,1,4,9.145432,-6.432041,6.632211,0.010065,0.998683,9.145432,-4.302120,-6.432041,2.513220,,,,
5,404,404.000000,agent_0,actor_logits,0,1,4,10.489532,-10.457411,8.073728,0.002882,0.999684,10.489532,-10.457411,-1.913503,2.415804,,,,
5,404,404.000000,agent_1,actor_logits,0,1,4,10.489532,-10.457411,8.073729,0.002882,0.999684,10.489532,-10.457411,-1.913502,2.415804,,,,
5,404,404.000000,agent_2,actor_logits,0,1,4,10.489532,-10.457411,8.073729,0.002882,0.999684,10.489532,-10.457411,-1.913503,2.415804,,,,
5,404,404.000000,agent_3,actor_logits,0,1,4,10.489532,-10.457411,8.073729,0.002882,0.999684,10.489532,-10.457411,-1.913502,2.415804,,,,
5,404,404.000000,agent_4,actor_logits,0,1,4,10.489532,-10.457411,8.073729,0.002882,0.999684,10.489532,-10.457411,-1.913503,2.415804,,,,
5,404,404.000000,agent_5,actor_logits,0,1,4,10.489532,-10.457411,8.073729,0.002882,0.999684,10.489532,-10.457411,-1.913503,2.415804,,,,
5,406,406.000000,agent_0,actor_logits,0,1,3,1.272117,-6.985832,0.355293,0.679002,0.587811,1.272117,0.916824,-6.985832,,,,,
5,406,406.000000,agent_1,actor_logits,0,1,3,1.272118,-6.985832,0.355294,0.679002,0.587811,1.272118,0.916824,-6.985832,,,,,
5,406,406.000000,agent_2,actor_logits,0,1,3,1.272118,-6.985832,0.355294,0.679002,0.587811,1.272118,0.916824,-6.985832,,,,,
5,406,406.000000,agent_3,actor_logits,0,1,3,1.272118,-6.985832,0.355294,0.679002,0.587811,1.272118,0.916823,-6.985832,,,,,
5,406,406.000000,agent_4,actor_logits,0,1,3,1.272118,-6.985832,0.355294,0.679002,0.587811,1.272118,0.916824,-6.985832,,,,,
5,406,406.000000,agent_5,actor_logits,0,1,3,1.272118,-6.985832,0.355294,0.679002,0.587811,1.272118,0.916824,-6.985832,,,,,
5,408,408.000000,agent_0,actor_logits,0,1,3,5.622556,-6.270394,9.215221,0.001105,0.999894,5.622556,-3.592666,-6.270394,,,,,
5,408,408.000000,agent_1,actor_logits,0,1,3,5.622555,-6.270393,9.215220,0.001105,0.999894,5.622555,-3.592665,-6.270393,,,,,
5,408,408.000000,agent_2,actor_logits,0,1,3,5.622555,-6.270393,9.215221,0.001105,0.999894,5.622555,-3.592666,-6.270393,,,,,
5,408,408.000000,agent_3,actor_logits,0,1,3,5.622556,-6.270393,9.215221,0.001105,0.999894,5.622556,-3.592666,-6.270393,,,,,
5,408,408.000000,agent_4,actor_logits,0,1,3,5.622556,-6.270393,9.215222,0.001105,0.999894,5.622556,-3.592666,-6.270393,,,,,
5,408,408.000000,agent_5,actor_logits,0,1,3,5.622555,-6.270393,9.215221,0.001105,0.999894,5.622555,-3.592666,-6.270393,,,,,
5,410,410.000000,agent_0,actor_logits,0,1,3,3.339480,-4.004940,5.756824,0.026657,0.996207,3.339480,-4.004940,-2.417344,,,,,
5,410,410.000000,agent_1,actor_logits,0,1,3,3.339480,-4.004940,5.756824,0.026657,0.996207,3.339480,-4.004940,-2.417344,,,,,
5,410,410.000000,agent_2,actor_logits,0,1,3,3.339479,-4.004941,5.756824,0.026657,0.996207,3.339479,-4.004941,-2.417344,,,,,
5,410,410.000000,agent_3,actor_logits,0,1,3,3.339480,-4.004940,5.756824,0.026657,0.996207,3.339480,-4.004940,-2.417344,,,,,
5,410,410.000000,agent_4,actor_logits,0,1,3,3.339480,-4.004941,5.756824,0.026657,0.996207,3.339480,-4.004941,-2.417344,,,,,
5,410,410.000000,agent_5,actor_logits,0,1,3,3.339479,-4.004941,5.756824,0.026657,0.996207,3.339479,-4.004941,-2.417344,,,,,
5,412,412.000000,agent_0,actor_logits,1,1,3,2.268236,-7.121553,2.341107,0.298136,0.912155,-0.072871,2.268236,-7.121553,,,,,
5,412,412.000000,agent_1,actor_logits,1,1,3,2.268237,-7.121554,2.341107,0.298136,0.912155,-0.072870,2.268237,-7.121554,,,,,
5,412,412.000000,agent_2,actor_logits,1,1,3,2.268237,-7.121554,2.341108,0.298136,0.912155,-0.072872,2.268237,-7.121554,,,,,
5,412,412.000000,agent_3,actor_logits,1,1,3,2.268237,-7.121554,2.341108,0.298136,0.912155,-0.072871,2.268237,-7.121554,,,,,
5,412,412.000000,agent_4,actor_logits,1,1,3,2.268237,-7.121554,2.341107,0.298136,0.912155,-0.072870,2.268237,-7.121554,,,,,
5,412,412.000000,agent_5,actor_logits,1,1,3,2.268237,-7.121553,2.341109,0.298136,0.912155,-0.072872,2.268237,-7.121553,,,,,
5,414,414.000000,agent_0,actor_logits,2,1,3,-0.364147,-3.571738,0.970983,0.700613,0.704640,-3.571738,-1.335129,-0.364147,,,,,
5,414,414.000000,agent_1,actor_logits,2,1,3,-0.364146,-3.571739,0.970983,0.700613,0.704640,-3.571739,-1.335129,-0.364146,,,,,
5,414,414.000000,agent_2,actor_logits,2,1,3,-0.364147,-3.571739,0.970982,0.700614,0.704640,-3.571739,-1.335129,-0.364147,,,,,
5,414,414.000000,agent_3,actor_logits,2,1,3,-0.364147,-3.571739,0.970982,0.700613,0.704640,-3.571739,-1.335128,-0.364147,,,,,
5,414,414.000000,agent_4,actor_logits,2,1,3,-0.364147,-3.571738,0.970982,0.700614,0.704640,-3.571738,-1.335129,-0.364147,,,,,
5,414,414.000000,agent_5,actor_logits,2,1,3,-0.364147,-3.571739,0.970982,0.700613,0.704640,-3.571739,-1.335129,-0.364147,,,,,
5,416,416.000000,agent_0,actor_logits,3,1,4,3.662488,-6.131490,2.332704,0.556394,0.837684,-6.131490,1.326126,1.329784,3.662488,,,,
5,416,416.000000,agent_1,actor_logits,3,1,4,3.662489,-6.131491,2.332704,0.556394,0.837684,-6.131491,1.326125,1.329785,3.662489,,,,
5,416,416.000000,agent_2,actor_logits,3,1,4,3.662489,-6.131492,2.332704,0.556394,0.837684,-6.131492,1.326125,1.329786,3.662489,,,,
5,416,416.000000,agent_3,actor_logits,3,1,4,3.662490,-6.131491,2.332705,0.556394,0.837684,-6.131491,1.326125,1.329785,3.662490,,,,
5,416,416.000000,agent_4,actor_logits,3,1,4,3.662488,-6.131491,2.332704,0.556394,0.837684,-6.131491,1.326126,1.329785,3.662488,,,,
5,416,416.000000,agent_5,actor_logits,3,1,4,3.662489,-6.131491,2.332703,0.556394,0.837684,-6.131491,1.326125,1.329786,3.662489,,,,
5,418,418.000000,agent_0,actor_logits,0,1,4,5.849986,-6.971155,2.069605,0.355635,0.887390,5.849986,-6.971155,-1.471358,3.780381,,,,
5,418,418.000000,agent_1,actor_logits,0,1,4,5.849985,-6.971156,2.069604,0.355635,0.887390,5.849985,-6.971156,-1.471357,3.780381,,,,
5,418,418.000000,agent_2,actor_logits,0,1,4,5.849985,-6.971156,2.069602,0.355636,0.887390,5.849985,-6.971156,-1.471357,3.780383,,,,
5,418,418.000000,agent_3,actor_logits,0,1,4,5.849985,-6.971156,2.069603,0.355635,0.887390,5.849985,-6.971156,-1.471357,3.780382,,,,
5,418,418.000000,agent_4,actor_logits,0,1,4,5.849986,-6.971156,2.069604,0.355635,0.887390,5.849986,-6.971156,-1.471358,3.780382,,,,
5,418,418.000000,agent_5,actor_logits,0,1,4,5.849985,-6.971156,2.069602,0.355635,0.887390,5.849985,-6.971156,-1.471357,3.780382,,,,
5,420,420.000000,agent_0,actor_logits,2,1,4,3.489856,-5.484313,2.516996,0.401215,0.895194,-5.484313,0.172492,3.489856,0.972860,,,,
5,420,420.000000,agent_1,actor_logits,2,1,4,3.489857,-5.484313,2.516998,0.401215,0.895194,-5.484313,0.172492,3.489857,0.972859,,,,
5,420,420.000000,agent_2,actor_logits,2,1,4,3.489858,-5.484313,2.516999,0.401215,0.895194,-5.484313,0.172491,3.489858,0.972859,,,,
5,420,420.000000,agent_3,actor_logits,2,1,4,3.489856,-5.484313,2.516998,0.401215,0.895194,-5.484313,0.172492,3.489856,0.972859,,,,
5,420,420.000000,agent_4,actor_logits,2,1,4,3.489856,-5.484312,2.516996,0.401215,0.895194,-5.484312,0.172493,3.489856,0.972860,,,,
5,420,420.000000,agent_5,actor_logits,2,1,4,3.489857,-5.484313,2.516998,0.401215,0.895194,-5.484313,0.172492,3.489857,0.972859,,,,
5,422,422.000000,agent_0,actor_logits,0,1,4,6.358044,-9.860520,3.402466,0.162602,0.964838,6.358044,-9.860520,0.598336,2.955579,,,,
5,422,422.000000,agent_1,actor_logits,0,1,4,6.358043,-9.860519,3.402465,0.162602,0.964838,6.358043,-9.860519,0.598336,2.955578,,,,
5,422,422.000000,agent_2,actor_logits,0,1,4,6.358043,-9.860519,3.402466,0.162602,0.964838,6.358043,-9.860519,0.598337,2.955577,,,,
5,422,422.000000,agent_3,actor_logits,0,1,4,6.358044,-9.860519,3.402466,0.162602,0.964838,6.358044,-9.860519,0.598336,2.955578,,,,
5,422,422.000000,agent_4,actor_logits,0,1,4,6.358045,-9.860519,3.402466,0.162602,0.964838,6.358045,-9.860519,0.598336,2.955579,,,,
5,422,422.000000,agent_5,actor_logits,0,1,4,6.358044,-9.860519,3.402466,0.162602,0.964838,6.358044,-9.860519,0.598336,2.955578,,,,
5,424,424.000000,agent_0,actor_logits,1,1,3,6.020148,-6.995150,12.096533,0.000104,0.999992,-6.995150,6.020148,-6.076384,,,,,
5,424,424.000000,agent_1,actor_logits,1,1,3,6.020149,-6.995150,12.096532,0.000104,0.999992,-6.995150,6.020149,-6.076383,,,,,
5,424,424.000000,agent_2,actor_logits,1,1,3,6.020148,-6.995150,12.096533,0.000104,0.999992,-6.995150,6.020148,-6.076384,,,,,
5,424,424.000000,agent_3,actor_logits,1,1,3,6.020149,-6.995149,12.096533,0.000104,0.999992,-6.995149,6.020149,-6.076384,,,,,
5,424,424.000000,agent_4,actor_logits,1,1,3,6.020149,-6.995150,12.096534,0.000104,0.999992,-6.995150,6.020149,-6.076385,,,,,
5,424,424.000000,agent_5,actor_logits,1,1,3,6.020149,-6.995149,12.096533,0.000104,0.999992,-6.995149,6.020149,-6.076384,,,,,
5,426,426.000000,agent_0,actor_logits,1,1,3,9.264711,-13.574733,14.426214,0.000008,0.999999,-13.574733,9.264711,-5.161503,,,,,
5,426,426.000000,agent_1,actor_logits,1,1,3,9.264711,-13.574733,14.426214,0.000008,0.999999,-13.574733,9.264711,-5.161502,,,,,
5,426,426.000000,agent_2,actor_logits,1,1,3,9.264712,-13.574734,14.426216,0.000008,0.999999,-13.574734,9.264712,-5.161503,,,,,
5,426,426.000000,agent_3,actor_logits,1,1,3,9.264710,-13.574731,14.426212,0.000008,0.999999,-13.574731,9.264710,-5.161502,,,,,
5,426,426.000000,agent_4,actor_logits,1,1,3,9.264711,-13.574733,14.426214,0.000008,0.999999,-13.574733,9.264711,-5.161503,,,,,
5,426,426.000000,agent_5,actor_logits,1,1,3,9.264711,-13.574733,14.426214,0.000008,0.999999,-13.574733,9.264711,-5.161502,,,,,
5,428,428.000000,agent_0,actor_logits,1,1,3,9.078728,-17.195107,11.206780,0.000166,0.999986,-17.195107,9.078728,-2.128052,,,,,
5,428,428.000000,agent_1,actor_logits,1,1,3,9.078728,-17.195107,11.206780,0.000166,0.999986,-17.195107,9.078728,-2.128052,,,,,
5,428,428.000000,agent_2,actor_logits,1,1,3,9.078729,-17.195105,11.206781,0.000166,0.999986,-17.195105,9.078729,-2.128053,,,,,
5,428,428.000000,agent_3,actor_logits,1,1,3,9.078728,-17.195107,11.206779,0.000166,0.999986,-17.195107,9.078728,-2.128052,,,,,
5,428,428.000000,agent_4,actor_logits,1,1,3,9.078728,-17.195105,11.206779,0.000166,0.999986,-17.195105,9.078728,-2.128052,,,,,
5,428,428.000000,agent_5,actor_logits,1,1,3,9.078729,-17.195107,11.206781,0.000166,0.999986,-17.195107,9.078729,-2.128053,,,,,
5,430,430.000000,agent_0,actor_logits,2,1,4,7.760660,-6.531042,4.417756,0.064709,0.988077,-4.504454,-6.531042,7.760660,3.342904,,,,
5,430,430.000000,agent_1,actor_logits,2,1,4,7.760661,-6.531043,4.417757,0.064709,0.988077,-4.504454,-6.531043,7.760661,3.342904,,,,
5,430,430.000000,agent_2,actor_logits,2,1,4,7.760660,-6.531042,4.417756,0.064709,0.988077,-4.504454,-6.531042,7.760660,3.342904,,,,
5,430,430.000000,agent_3,actor_logits,2,1,4,7.760661,-6.531043,4.417758,0.064709,0.988077,-4.504455,-6.531043,7.760661,3.342904,,,,
5,430,430.000000,agent_4,actor_logits,2,1,4,7.760660,-6.531042,4.417756,0.064709,0.988077,-4.504455,-6.531042,7.760660,3.342904,,,,
5,430,430.000000,agent_5,actor_logits,2,1,4,7.760660,-6.531042,4.417755,0.064709,0.988077,-4.504454,-6.531042,7.760660,3.342904,,,,
5,432,432.000000,agent_0,actor_logits,2,1,4,6.470054,-6.602608,4.826760,0.046883,0.992003,-6.602608,1.643294,6.470054,-3.501234,,,,
5,432,432.000000,agent_1,actor_logits,2,1,4,6.470055,-6.602609,4.826761,0.046883,0.992003,-6.602609,1.643294,6.470055,-3.501234,,,,
5,432,432.000000,agent_2,actor_logits,2,1,4,6.470055,-6.602609,4.826761,0.046883,0.992003,-6.602609,1.643294,6.470055,-3.501234,,,,
5,432,432.000000,agent_3,actor_logits,2,1,4,6.470056,-6.602609,4.826763,0.046883,0.992003,-6.602609,1.643293,6.470056,-3.501234,,,,
5,432,432.000000,agent_4,actor_logits,2,1,4,6.470055,-6.602609,4.826761,0.046883,0.992003,-6.602609,1.643294,6.470055,-3.501234,,,,
5,432,432.000000,agent_5,actor_logits,2,1,4,6.470054,-6.602609,4.826760,0.046883,0.992003,-6.602609,1.643294,6.470054,-3.501234,,,,
5,434,434.000000,agent_0,actor_logits,2,1,4,3.794095,-9.516473,2.458835,0.380303,0.899666,0.143927,1.335259,3.794095,-9.516473,,,,
5,434,434.000000,agent_1,actor_logits,2,1,4,3.794095,-9.516473,2.458836,0.380303,0.899667,0.143927,1.335259,3.794095,-9.516473,,,,
5,434,434.000000,agent_2,actor_logits,2,1,4,3.794095,-9.516473,2.458836,0.380303,0.899667,0.143927,1.335259,3.794095,-9.516473,,,,
5,434,434.000000,agent_3,actor_logits,2,1,4,3.794096,-9.516473,2.458838,0.380303,0.899667,0.143927,1.335258,3.794096,-9.516473,,,,
5,434,434.000000,agent_4,actor_logits,2,1,4,3.794095,-9.516473,2.458835,0.380303,0.899667,0.143927,1.335260,3.794095,-9.516473,,,,
5,434,434.000000,agent_5,actor_logits,2,1,4,3.794094,-9.516473,2.458835,0.380304,0.899666,0.143928,1.335259,3.794094,-9.516473,,,,
5,436,436.000000,agent_0,actor_logits,0,1,4,3.042723,-12.978694,0.399507,1.011260,0.499207,3.042723,2.643216,1.941691,-12.978694,,,,
5,436,436.000000,agent_1,actor_logits,0,1,4,3.042724,-12.978693,0.399508,1.011260,0.499207,3.042724,2.643216,1.941691,-12.978693,,,,
5,436,436.000000,agent_2,actor_logits,0,1,4,3.042724,-12.978694,0.399508,1.011260,0.499207,3.042724,2.643216,1.941691,-12.978694,,,,
5,436,436.000000,agent_3,actor_logits,0,1,4,3.042724,-12.978694,0.399508,1.011260,0.499207,3.042724,2.643216,1.941692,-12.978694,,,,
5,436,436.000000,agent_4,actor_logits,0,1,4,3.042724,-12.978693,0.399508,1.011260,0.499207,3.042724,2.643216,1.941691,-12.978693,,,,
5,436,436.000000,agent_5,actor_logits,0,1,4,3.042724,-12.978693,0.399508,1.011259,0.499207,3.042724,2.643216,1.941691,-12.978693,,,,
5,438,438.000000,agent_0,actor_logits,1,1,4,9.886553,-10.745996,10.333168,0.000396,0.999966,-0.446615,9.886553,-3.256636,-10.745996,,,,
5,438,438.000000,agent_1,actor_logits,1,1,4,9.886553,-10.745996,10.333167,0.000396,0.999966,-0.446615,9.886553,-3.256636,-10.745996,,,,
5,438,438.000000,agent_2,actor_logits,1,1,4,9.886553,-10.745996,10.333166,0.000396,0.999966,-0.446614,9.886553,-3.256636,-10.745996,,,,
5,438,438.000000,agent_3,actor_logits,1,1,4,9.886553,-10.745997,10.333166,0.000396,0.999966,-0.446613,9.886553,-3.256637,-10.745997,,,,
5,438,438.000000,agent_4,actor_logits,1,1,4,9.886553,-10.745996,10.333167,0.000396,0.999966,-0.446614,9.886553,-3.256636,-10.745996,,,,
5,438,438.000000,agent_5,actor_logits,1,1,4,9.886553,-10.745996,10.333167,0.000396,0.999966,-0.446614,9.886553,-3.256636,-10.745996,,,,
5,440,440.000000,agent_0,actor_logits,0,1,4,8.238143,-16.875566,1.562731,0.516854,0.817575,8.238143,6.675412,-16.875566,3.937947,,,,
5,440,440.000000,agent_1,actor_logits,0,1,4,8.238142,-16.875566,1.562731,0.516855,0.817575,8.238142,6.675411,-16.875566,3.937947,,,,
5,440,440.000000,agent_2,actor_logits,0,1,4,8.238143,-16.875566,1.562731,0.516854,0.817575,8.238143,6.675412,-16.875566,3.937948,,,,
5,440,440.000000,agent_3,actor_logits,0,1,4,8.238145,-16.875568,1.562734,0.516854,0.817576,8.238145,6.675411,-16.875568,3.937947,,,,
5,440,440.000000,agent_4,actor_logits,0,1,4,8.238143,-16.875566,1.562732,0.516854,0.817575,8.238143,6.675411,-16.875566,3.937947,,,,
5,440,440.000000,agent_5,actor_logits,0,1,4,8.238144,-16.875566,1.562733,0.516854,0.817576,8.238144,6.675411,-16.875566,3.937947,,,,
5,442,442.000000,agent_0,actor_logits,3,1,4,6.390213,-6.243073,2.182464,0.328663,0.898608,-3.239727,4.207749,-6.243073,6.390213,,,,
5,442,442.000000,agent_1,actor_logits,3,1,4,6.390213,-6.243072,2.182464,0.328663,0.898608,-3.239727,4.207749,-6.243072,6.390213,,,,
5,442,442.000000,agent_2,actor_logits,3,1,4,6.390213,-6.243072,2.182464,0.328663,0.898608,-3.239726,4.207749,-6.243072,6.390213,,,,
5,442,442.000000,agent_3,actor_logits,3,1,4,6.390213,-6.243072,2.182464,0.328663,0.898608,-3.239725,4.207749,-6.243072,6.390213,,,,
5,442,442.000000,agent_4,actor_logits,3,1,4,6.390213,-6.243072,2.182464,0.328663,0.898608,-3.239726,4.207749,-6.243072,6.390213,,,,
5,442,442.000000,agent_5,actor_logits,3,1,4,6.390213,-6.243072,2.182464,0.328663,0.898608,-3.239726,4.207749,-6.243072,6.390213,,,,
5,444,444.000000,agent_0,actor_logits,1,1,4,11.839886,-15.827065,6.630095,0.010216,0.998669,0.570095,11.839886,-15.827065,5.209790,,,,
5,444,444.000000,agent_1,actor_logits,1,1,4,11.839886,-15.827065,6.630095,0.010216,0.998669,0.570095,11.839886,-15.827065,5.209791,,,,
5,444,444.000000,agent_2,actor_logits,1,1,4,11.839886,-15.827065,6.630095,0.010216,0.998669,0.570095,11.839886,-15.827065,5.209791,,,,
5,444,444.000000,agent_3,actor_logits,1,1,4,11.839885,-15.827065,6.630094,0.010216,0.998669,0.570097,11.839885,-15.827065,5.209791,,,,
5,444,444.000000,agent_4,actor_logits,1,1,4,11.839886,-15.827065,6.630095,0.010216,0.998669,0.570096,11.839886,-15.827065,5.209791,,,,
5,444,444.000000,agent_5,actor_logits,1,1,4,11.839886,-15.827065,6.630095,0.010216,0.998669,0.570097,11.839886,-15.827065,5.209791,,,,
5,446,446.000000,agent_0,actor_logits,1,1,4,15.925134,-19.694796,11.210161,0.000171,0.999986,1.030151,15.925134,-19.694796,4.714972,,,,
5,446,446.000000,agent_1,actor_logits,1,1,4,15.925135,-19.694796,11.210162,0.000171,0.999986,1.030151,15.925135,-19.694796,4.714972,,,,
5,446,446.000000,agent_2,actor_logits,1,1,4,15.925134,-19.694796,11.210161,0.000171,0.999986,1.030151,15.925134,-19.694796,4.714973,,,,
5,446,446.000000,agent_3,actor_logits,1,1,4,15.925133,-19.694796,11.210161,0.000171,0.999986,1.030152,15.925133,-19.694796,4.714972,,,,
5,446,446.000000,agent_4,actor_logits,1,1,4,15.925134,-19.694796,11.210161,0.000171,0.999986,1.030151,15.925134,-19.694796,4.714973,,,,
5,446,446.000000,agent_5,actor_logits,1,1,4,15.925134,-19.694796,11.210161,0.000171,0.999986,1.030152,15.925134,-19.694796,4.714972,,,,
5,448,448.000000,agent_0,actor_logits,3,1,4,9.000965,-8.349563,7.279409,0.006529,0.999232,-0.447071,1.721556,-8.349563,9.000965,,,,
5,448,448.000000,agent_1,actor_logits,3,1,4,9.000965,-8.349563,7.279409,0.006529,0.999232,-0.447072,1.721556,-8.349563,9.000965,,,,
5,448,448.000000,agent_2,actor_logits,3,1,4,9.000965,-8.349563,7.279409,0.006529,0.999232,-0.447072,1.721556,-8.349563,9.000965,,,,
5,448,448.000000,agent_3,actor_logits,3,1,4,9.000964,-8.349562,7.279409,0.006529,0.999232,-0.447071,1.721555,-8.349562,9.000964,,,,
5,448,448.000000,agent_4,actor_logits,3,1,4,9.000964,-8.349563,7.279408,0.006529,0.999232,-0.447071,1.721555,-8.349563,9.000964,,,,
5,448,448.000000,agent_5,actor_logits,3,1,4,9.000965,-8.349563,7.279410,0.006529,0.999232,-0.447071,1.721555,-8.349563,9.000965,,,,
5,450,450.000000,agent_0,actor_logits,1,1,4,13.409799,-7.311852,16.078054,0.000002,1.000000,-5.473111,13.409799,-7.311852,-2.668256,,,,
5,450,450.000000,agent_1,actor_logits,1,1,4,13.409799,-7.311851,16.078054,0.000002,1.000000,-5.473112,13.409799,-7.311851,-2.668256,,,,
5,450,450.000000,agent_2,actor_logits,1,1,4,13.409800,-7.311852,16.078056,0.000002,1.000000,-5.473111,13.409800,-7.311852,-2.668256,,,,
5,450,450.000000,agent_3,actor_logits,1,1,4,13.409798,-7.311852,16.078054,0.000002,1.000000,-5.473110,13.409798,-7.311852,-2.668257,,,,
5,450,450.000000,agent_4,actor_logits,1,1,4,13.409798,-7.311851,16.078054,0.000002,1.000000,-5.473110,13.409798,-7.311851,-2.668256,,,,
5,450,450.000000,agent_5,actor_logits,1,1,4,13.409798,-7.311852,16.078053,0.000002,1.000000,-5.473110,13.409798,-7.311852,-2.668256,,,,
5,452,452.000000,agent_0,actor_logits,0,1,4,9.584477,-10.393564,5.686257,0.022676,0.996614,9.584477,-10.393564,-2.618588,3.898221,,,,
5,452,452.000000,agent_1,actor_logits,0,1,4,9.584478,-10.393564,5.686257,0.022676,0.996614,9.584478,-10.393564,-2.618588,3.898221,,,,
5,452,452.000000,agent_2,actor_logits,0,1,4,9.584477,-10.393564,5.686256,0.022677,0.996614,9.584477,-10.393564,-2.618588,3.898221,,,,
5,452,452.000000,agent_3,actor_logits,0,1,4,9.584478,-10.393564,5.686258,0.022676,0.996614,9.584478,-10.393564,-2.618588,3.898221,,,,
5,452,452.000000,agent_4,actor_logits,0,1,4,9.584478,-10.393565,5.686258,0.022676,0.996614,9.584478,-10.393565,-2.618588,3.898220,,,,
5,452,452.000000,agent_5,actor_logits,0,1,4,9.584477,-10.393564,5.686257,0.022676,0.996614,9.584477,-10.393564,-2.618588,3.898220,,,,
5,454,454.000000,agent_0,actor_logits,3,1,4,7.887229,-2.451348,9.362355,0.001896,0.999822,-1.840565,-1.475126,-2.451348,7.887229,,,,
5,454,454.000000,agent_1,actor_logits,3,1,4,7.887229,-2.451348,9.362355,0.001896,0.999822,-1.840564,-1.475126,-2.451348,7.887229,,,,
5,454,454.000000,agent_2,actor_logits,3,1,4,7.887229,-2.451348,9.362355,0.001896,0.999822,-1.840565,-1.475126,-2.451348,7.887229,,,,
5,454,454.000000,agent_3,actor_logits,3,1,4,7.887229,-2.451348,9.362355,0.001896,0.999822,-1.840564,-1.475126,-2.451348,7.887229,,,,
5,454,454.000000,agent_4,actor_logits,3,1,4,7.887228,-2.451349,9.362354,0.001896,0.999822,-1.840564,-1.475126,-2.451349,7.887228,,,,
5,454,454.000000,agent_5,actor_logits,3,1,4,7.887228,-2.451348,9.362354,0.001896,0.999822,-1.840564,-1.475126,-2.451348,7.887228,,,,
5,456,456.000000,agent_0,actor_logits,0,1,4,7.188733,-5.581365,4.342240,0.068851,0.987146,7.188733,-4.238543,-5.581365,2.846493,,,,
5,456,456.000000,agent_1,actor_logits,0,1,4,7.188735,-5.581365,4.342243,0.068851,0.987146,7.188735,-4.238543,-5.581365,2.846492,,,,
5,456,456.000000,agent_2,actor_logits,0,1,4,7.188735,-5.581365,4.342242,0.068851,0.987146,7.188735,-4.238543,-5.581365,2.846492,,,,
5,456,456.000000,agent_3,actor_logits,0,1,4,7.188735,-5.581365,4.342243,0.068851,0.987146,7.188735,-4.238543,-5.581365,2.846492,,,,
5,456,456.000000,agent_4,actor_logits,0,1,4,7.188735,-5.581365,4.342243,0.068851,0.987146,7.188735,-4.238543,-5.581365,2.846492,,,,
5,456,456.000000,agent_5,actor_logits,0,1,4,7.188734,-5.581366,4.342242,0.068851,0.987146,7.188734,-4.238543,-5.581366,2.846492,,,,
5,458,458.000000,agent_0,actor_logits,3,1,4,4.591612,-3.689777,4.597891,0.103899,0.981948,-0.006279,-0.229560,-3.689777,4.591612,,,,
5,458,458.000000,agent_1,actor_logits,3,1,4,4.591612,-3.689778,4.597890,0.103899,0.981948,-0.006278,-0.229560,-3.689778,4.591612,,,,
5,458,458.000000,agent_2,actor_logits,3,1,4,4.591612,-3.689778,4.597890,0.103899,0.981948,-0.006278,-0.229560,-3.689778,4.591612,,,,
5,458,458.000000,agent_3,actor_logits,3,1,4,4.591612,-3.689778,4.597890,0.103899,0.981948,-0.006278,-0.229561,-3.689778,4.591612,,,,
5,458,458.000000,agent_4,actor_logits,3,1,4,4.591612,-3.689778,4.597891,0.103899,0.981948,-0.006278,-0.229560,-3.689778,4.591612,,,,
5,458,458.000000,agent_5,actor_logits,3,1,4,4.591612,-3.689777,4.597890,0.103899,0.981948,-0.006278,-0.229561,-3.689777,4.591612,,,,
5,460,460.000000,agent_0,actor_logits,0,1,4,4.649395,-5.815748,3.162462,0.190135,0.956483,4.649395,-1.111894,-5.815748,1.486933,,,,
5,460,460.000000,agent_1,actor_logits,0,1,4,4.649395,-5.815748,3.162463,0.190135,0.956483,4.649395,-1.111894,-5.815748,1.486932,,,,
5,460,460.000000,agent_2,actor_logits,0,1,4,4.649395,-5.815748,3.162463,0.190135,0.956483,4.649395,-1.111894,-5.815748,1.486932,,,,
5,460,460.000000,agent_3,actor_logits,0,1,4,4.649395,-5.815749,3.162462,0.190135,0.956483,4.649395,-1.111894,-5.815749,1.486933,,,,
5,460,460.000000,agent_4,actor_logits,0,1,4,4.649396,-5.815749,3.162464,0.190135,0.956483,4.649396,-1.111894,-5.815749,1.486932,,,,
5,460,460.000000,agent_5,actor_logits,0,1,4,4.649395,-5.815748,3.162462,0.190135,0.956483,4.649395,-1.111893,-5.815748,1.486932,,,,
5,462,462.000000,agent_0,actor_logits,3,1,4,1.824994,-4.938561,0.242172,1.047041,0.452578,1.582821,0.965762,-4.938561,1.824994,,,,
5,462,462.000000,agent_1,actor_logits,3,1,4,1.824993,-4.938561,0.242172,1.047041,0.452578,1.582821,0.965764,-4.938561,1.824993,,,,
5,462,462.000000,agent_2,actor_logits,3,1,4,1.824994,-4.938561,0.242173,1.047041,0.452578,1.582821,0.965762,-4.938561,1.824994,,,,
5,462,462.000000,agent_3,actor_logits,3,1,4,1.824994,-4.938561,0.242173,1.047041,0.452578,1.582821,0.965762,-4.938561,1.824994,,,,
5,462,462.000000,agent_4,actor_logits,3,1,4,1.824994,-4.938562,0.242172,1.047041,0.452578,1.582821,0.965763,-4.938562,1.824994,,,,
5,462,462.000000,agent_5,actor_logits,3,1,4,1.824994,-4.938562,0.242173,1.047041,0.452578,1.582821,0.965763,-4.938562,1.824994,,,,
5,464,464.000000,agent_0,actor_logits,3,1,4,1.980080,-4.210084,0.834138,0.971490,0.578999,0.745027,1.145942,-4.210084,1.980080,,,,
5,464,464.000000,agent_1,actor_logits,3,1,4,1.980081,-4.210085,0.834138,0.971490,0.578999,0.745027,1.145943,-4.210085,1.980081,,,,
5,464,464.000000,agent_2,actor_logits,3,1,4,1.980079,-4.210084,0.834137,0.971490,0.578999,0.745027,1.145943,-4.210084,1.980079,,,,
5,464,464.000000,agent_3,actor_logits,3,1,4,1.980080,-4.210084,0.834137,0.971490,0.578999,0.745026,1.145943,-4.210084,1.980080,,,,
5,464,464.000000,agent_4,actor_logits,3,1,4,1.980081,-4.210085,0.834138,0.971490,0.578999,0.745027,1.145943,-4.210085,1.980081,,,,
5,464,464.000000,agent_5,actor_logits,3,1,4,1.980080,-4.210084,0.834137,0.971490,0.578999,0.745027,1.145943,-4.210084,1.980080,,,,
5,466,466.000000,agent_0,actor_logits,0,1,4,8.805365,-9.535864,7.690130,0.004317,0.999513,8.805365,1.115235,-9.535864,-1.600522,,,,
5,466,466.000000,agent_1,actor_logits,0,1,4,8.805365,-9.535865,7.690130,0.004317,0.999513,8.805365,1.115235,-9.535865,-1.600522,,,,
5,466,466.000000,agent_2,actor_logits,0,1,4,8.805365,-9.535863,7.690130,0.004317,0.999513,8.805365,1.115235,-9.535863,-1.600523,,,,
5,466,466.000000,agent_3,actor_logits,0,1,4,8.805365,-9.535864,7.690130,0.004317,0.999513,8.805365,1.115235,-9.535864,-1.600522,,,,
5,466,466.000000,agent_4,actor_logits,0,1,4,8.805365,-9.535865,7.690130,0.004317,0.999513,8.805365,1.115235,-9.535865,-1.600522,,,,
5,466,466.000000,agent_5,actor_logits,0,1,4,8.805365,-9.535865,7.690129,0.004317,0.999513,8.805365,1.115235,-9.535865,-1.600522,,,,
5,468,468.000000,agent_0,actor_logits,0,1,4,2.313550,-3.588516,2.149312,0.611791,0.817539,2.313550,-3.588516,0.164238,0.049084,,,,
5,468,468.000000,agent_1,actor_logits,0,1,4,2.313550,-3.588516,2.149312,0.611791,0.817539,2.313550,-3.588516,0.164238,0.049085,,,,
5,468,468.000000,agent_2,actor_logits,0,1,4,2.313550,-3.588517,2.149312,0.611791,0.817539,2.313550,-3.588517,0.164238,0.049085,,,,
5,468,468.000000,agent_3,actor_logits,0,1,4,2.313550,-3.588517,2.149313,0.611791,0.817539,2.313550,-3.588517,0.164237,0.049085,,,,
5,468,468.000000,agent_4,actor_logits,0,1,4,2.313550,-3.588516,2.149312,0.611791,0.817539,2.313550,-3.588516,0.164238,0.049085,,,,
5,468,468.000000,agent_5,actor_logits,0,1,4,2.313550,-3.588516,2.149313,0.611791,0.817539,2.313550,-3.588516,0.164237,0.049085,,,,
5,470,470.000000,agent_0,actor_logits,1,1,4,3.536892,-8.532413,2.070562,0.428277,0.873529,-0.444427,3.536892,1.466330,-8.532413,,,,
5,470,470.000000,agent_1,actor_logits,1,1,4,3.536892,-8.532412,2.070562,0.428277,0.873529,-0.444427,3.536892,1.466330,-8.532412,,,,
5,470,470.000000,agent_2,actor_logits,1,1,4,3.536892,-8.532413,2.070563,0.428277,0.873529,-0.444427,3.536892,1.466330,-8.532413,,,,
5,470,470.000000,agent_3,actor_logits,1,1,4,3.536892,-8.532412,2.070562,0.428277,0.873529,-0.444427,3.536892,1.466329,-8.532412,,,,
5,470,470.000000,agent_4,actor_logits,1,1,4,3.536892,-8.532412,2.070563,0.428277,0.873529,-0.444427,3.536892,1.466329,-8.532412,,,,
5,470,470.000000,agent_5,actor_logits,1,1,4,3.536892,-8.532413,2.070563,0.428277,0.873529,-0.444427,3.536892,1.466329,-8.532413,,,,
5,472,472.000000,agent_0,actor_logits,0,1,4,11.777958,-22.290524,2.703840,0.237412,0.936937,11.777958,9.074118,-22.290524,3.847239,,,,
5,472,472.000000,agent_1,actor_logits,0,1,4,11.777958,-22.290522,2.703839,0.237412,0.936937,11.777958,9.074119,-22.290522,3.847239,,,,
5,472,472.000000,agent_2,actor_logits,0,1,4,11.777958,-22.290522,2.703840,0.237412,0.936937,11.777958,9.074118,-22.290522,3.847239,,,,
5,472,472.000000,agent_3,actor_logits,0,1,4,11.777958,-22.290522,2.703840,0.237412,0.936937,11.777958,9.074118,-22.290522,3.847239,,,,
5,472,472.000000,agent_4,actor_logits,0,1,4,11.777958,-22.290524,2.703839,0.237412,0.936937,11.777958,9.074119,-22.290524,3.847239,,,,
5,472,472.000000,agent_5,actor_logits,0,1,4,11.777958,-22.290524,2.703840,0.237412,0.936937,11.777958,9.074118,-22.290524,3.847239,,,,
5,474,474.000000,agent_0,actor_logits,3,1,4,6.408146,-6.270309,5.756813,0.035406,0.994903,0.172651,0.651333,-6.270309,6.408146,,,,
5,474,474.000000,agent_1,actor_logits,3,1,4,6.408147,-6.270309,5.756814,0.035406,0.994903,0.172650,0.651333,-6.270309,6.408147,,,,
5,474,474.000000,agent_2,actor_logits,3,1,4,6.408147,-6.270309,5.756814,0.035406,0.994903,0.172650,0.651333,-6.270309,6.408147,,,,
5,474,474.000000,agent_3,actor_logits,3,1,4,6.408146,-6.270309,5.756813,0.035406,0.994903,0.172651,0.651333,-6.270309,6.408146,,,,
5,474,474.000000,agent_4,actor_logits,3,1,4,6.408146,-6.270309,5.756813,0.035406,0.994903,0.172650,0.651334,-6.270309,6.408146,,,,
5,474,474.000000,agent_5,actor_logits,3,1,4,6.408146,-6.270310,5.756813,0.035406,0.994903,0.172650,0.651334,-6.270310,6.408146,,,,
5,476,476.000000,agent_0,actor_logits,1,1,4,12.687845,-20.113337,6.221099,0.015661,0.997882,3.782336,12.687845,-20.113337,6.466746,,,,
5,476,476.000000,agent_1,actor_logits,1,1,4,12.687845,-20.113335,6.221098,0.015661,0.997882,3.782335,12.687845,-20.113335,6.466747,,,,
5,476,476.000000,agent_2,actor_logits,1,1,4,12.687844,-20.113335,6.221098,0.015661,0.997882,3.782336,12.687844,-20.113335,6.466746,,,,
5,476,476.000000,agent_3,actor_logits,1,1,4,12.687845,-20.113337,6.221099,0.015661,0.997882,3.782336,12.687845,-20.113337,6.466746,,,,
5,476,476.000000,agent_4,actor_logits,1,1,4,12.687845,-20.113335,6.221099,0.015661,0.997882,3.782336,12.687845,-20.113335,6.466746,,,,
5,476,476.000000,agent_5,actor_logits,1,1,4,12.687845,-20.113335,6.221099,0.015661,0.997882,3.782335,12.687845,-20.113335,6.466746,,,,
5,478,478.000000,agent_0,actor_logits,0,1,3,6.714163,-12.141048,7.581827,0.004372,0.999491,6.714163,-12.141048,-0.867664,,,,,
5,478,478.000000,agent_1,actor_logits,0,1,3,6.714163,-12.141047,7.581828,0.004372,0.999491,6.714163,-12.141047,-0.867665,,,,,
5,478,478.000000,agent_2,actor_logits,0,1,3,6.714165,-12.141048,7.581829,0.004372,0.999491,6.714165,-12.141048,-0.867664,,,,,
5,478,478.000000,agent_3,actor_logits,0,1,3,6.714164,-12.141048,7.581829,0.004372,0.999491,6.714164,-12.141048,-0.867664,,,,,
5,478,478.000000,agent_4,actor_logits,0,1,3,6.714164,-12.141048,7.581828,0.004372,0.999491,6.714164,-12.141048,-0.867664,,,,,
5,478,478.000000,agent_5,actor_logits,0,1,3,6.714164,-12.141047,7.581829,0.004372,0.999491,6.714164,-12.141047,-0.867665,,,,,
5,480,480.000000,agent_0,actor_logits,0,1,3,3.932209,-5.841209,7.345454,0.005997,0.999298,3.932209,-3.413244,-5.841209,,,,,
5,480,480.000000,agent_1,actor_logits,0,1,3,3.932209,-5.841208,7.345453,0.005997,0.999298,3.932209,-3.413245,-5.841208,,,,,
5,480,480.000000,agent_2,actor_logits,0,1,3,3.932210,-5.841209,7.345454,0.005997,0.999298,3.932210,-3.413244,-5.841209,,,,,
5,480,480.000000,agent_3,actor_logits,0,1,3,3.932209,-5.841208,7.345454,0.005997,0.999298,3.932209,-3.413245,-5.841208,,,,,
5,480,480.000000,agent_4,actor_logits,0,1,3,3.932209,-5.841208,7.345453,0.005997,0.999298,3.932209,-3.413245,-5.841208,,,,,
5,480,480.000000,agent_5,actor_logits,0,1,3,3.932209,-5.841208,7.345454,0.005997,0.999298,3.932209,-3.413245,-5.841208,,,,,
5,482,482.000000,agent_0,actor_logits,0,1,3,5.126423,-10.030287,4.925082,0.042749,0.992790,5.126423,0.201341,-10.030287,,,,,
5,482,482.000000,agent_1,actor_logits,0,1,3,5.126422,-10.030286,4.925081,0.042749,0.992790,5.126422,0.201341,-10.030286,,,,,
5,482,482.000000,agent_2,actor_logits,0,1,3,5.126423,-10.030287,4.925082,0.042749,0.992790,5.126423,0.201341,-10.030287,,,,,
5,482,482.000000,agent_3,actor_logits,0,1,3,5.126423,-10.030287,4.925082,0.042749,0.992790,5.126423,0.201341,-10.030287,,,,,
5,482,482.000000,agent_4,actor_logits,0,1,3,5.126423,-10.030287,4.925081,0.042749,0.992790,5.126423,0.201341,-10.030287,,,,,
5,482,482.000000,agent_5,actor_logits,0,1,3,5.126423,-10.030287,4.925081,0.042749,0.992790,5.126423,0.201341,-10.030287,,,,,
5,484,484.000000,agent_0,actor_logits,1,1,2,-7.948763,-8.755877,0.807113,0.617900,0.691494,-8.755877,-7.948763,,,,,,
5,484,484.000000,agent_1,actor_logits,1,1,2,-7.948764,-8.755877,0.807112,0.617900,0.691494,-8.755877,-7.948764,,,,,,
5,484,484.000000,agent_2,actor_logits,1,1,2,-7.948763,-8.755877,0.807113,0.617900,0.691494,-8.755877,-7.948763,,,,,,
5,484,484.000000,agent_3,actor_logits,1,1,2,-7.948764,-8.755877,0.807112,0.617900,0.691494,-8.755877,-7.948764,,,,,,
5,484,484.000000,agent_4,actor_logits,1,1,2,-7.948763,-8.755877,0.807113,0.617900,0.691494,-8.755877,-7.948763,,,,,,
5,484,484.000000,agent_5,actor_logits,1,1,2,-7.948763,-8.755877,0.807113,0.617900,0.691494,-8.755877,-7.948763,,,,,,
5,486,486.000000,agent_0,actor_logits,2,1,3,2.116590,-11.750270,0.919669,0.597647,0.714974,-11.750270,1.196921,2.116590,,,,,
5,486,486.000000,agent_1,actor_logits,2,1,3,2.116589,-11.750269,0.919669,0.597647,0.714974,-11.750269,1.196920,2.116589,,,,,
5,486,486.000000,agent_2,actor_logits,2,1,3,2.116590,-11.750270,0.919670,0.597647,0.714974,-11.750270,1.196921,2.116590,,,,,
5,486,486.000000,agent_3,actor_logits,2,1,3,2.116590,-11.750271,0.919669,0.597647,0.714974,-11.750271,1.196921,2.116590,,,,,
5,486,486.000000,agent_4,actor_logits,2,1,3,2.116590,-11.750271,0.919669,0.597647,0.714974,-11.750271,1.196921,2.116590,,,,,
5,486,486.000000,agent_5,actor_logits,2,1,3,2.116589,-11.750270,0.919668,0.597647,0.714974,-11.750270,1.196921,2.116589,,,,,
5,488,488.000000,agent_0,actor_logits,2,1,3,6.554865,-10.614136,10.239285,0.000402,0.999964,-10.614136,-3.684420,6.554865,,,,,
5,488,488.000000,agent_1,actor_logits,2,1,3,6.554865,-10.614136,10.239285,0.000402,0.999964,-10.614136,-3.684420,6.554865,,,,,
5,488,488.000000,agent_2,actor_logits,2,1,3,6.554864,-10.614136,10.239285,0.000402,0.999964,-10.614136,-3.684420,6.554864,,,,,
5,488,488.000000,agent_3,actor_logits,2,1,3,6.554864,-10.614136,10.239285,0.000402,0.999964,-10.614136,-3.684420,6.554864,,,,,
5,488,488.000000,agent_4,actor_logits,2,1,3,6.554865,-10.614136,10.239285,0.000402,0.999964,-10.614136,-3.684420,6.554865,,,,,
5,488,488.000000,agent_5,actor_logits,2,1,3,6.554865,-10.614136,10.239285,0.000402,0.999964,-10.614136,-3.684420,6.554865,,,,,
5,490,490.000000,agent_0,actor_logits,2,1,3,5.955671,-6.216034,12.012579,0.000147,0.999989,-6.056908,-6.216034,5.955671,,,,,
5,490,490.000000,agent_1,actor_logits,2,1,3,5.955670,-6.216033,12.012578,0.000147,0.999989,-6.056908,-6.216033,5.955670,,,,,
5,490,490.000000,agent_2,actor_logits,2,1,3,5.955670,-6.216034,12.012577,0.000147,0.999989,-6.056907,-6.216034,5.955670,,,,,
5,490,490.000000,agent_3,actor_logits,2,1,3,5.955670,-6.216034,12.012579,0.000147,0.999989,-6.056908,-6.216034,5.955670,,,,,
5,490,490.000000,agent_4,actor_logits,2,1,3,5.955671,-6.216034,12.012579,0.000147,0.999989,-6.056909,-6.216034,5.955671,,,,,
5,490,490.000000,agent_5,actor_logits,2,1,3,5.955671,-6.216033,12.012579,0.000147,0.999989,-6.056909,-6.216033,5.955671,,,,,
5,492,492.000000,agent_0,actor_logits,2,1,3,5.504880,-6.639377,8.456018,0.002080,0.999782,-6.639377,-2.951138,5.504880,,,,,
5,492,492.000000,agent_1,actor_logits,2,1,3,5.504879,-6.639377,8.456017,0.002080,0.999782,-6.639377,-2.951138,5.504879,,,,,
5,492,492.000000,agent_2,actor_logits,2,1,3,5.504880,-6.639377,8.456018,0.002080,0.999782,-6.639377,-2.951138,5.504880,,,,,
5,492,492.000000,agent_3,actor_logits,2,1,3,5.504879,-6.639377,8.456018,0.002080,0.999782,-6.639377,-2.951138,5.504879,,,,,
5,492,492.000000,agent_4,actor_logits,2,1,3,5.504879,-6.639377,8.456018,0.002080,0.999782,-6.639377,-2.951138,5.504879,,,,,
5,492,492.000000,agent_5,actor_logits,2,1,3,5.504879,-6.639377,8.456017,0.002080,0.999782,-6.639377,-2.951138,5.504879,,,,,
5,494,494.000000,agent_0,actor_logits,2,1,3,1.640383,-4.108637,2.582356,0.273769,0.926972,-0.941973,-4.108637,1.640383,,,,,
5,494,494.000000,agent_1,actor_logits,2,1,3,1.640382,-4.108636,2.582355,0.273769,0.926972,-0.941973,-4.108636,1.640382,,,,,
5,494,494.000000,agent_2,actor_logits,2,1,3,1.640383,-4.108636,2.582355,0.273769,0.926972,-0.941973,-4.108636,1.640383,,,,,
5,494,494.000000,agent_3,actor_logits,2,1,3,1.640382,-4.108636,2.582355,0.273769,0.926972,-0.941973,-4.108636,1.640382,,,,,
5,494,494.000000,agent_4,actor_logits,2,1,3,1.640383,-4.108636,2.582357,0.273769,0.926972,-0.941973,-4.108636,1.640383,,,,,
5,494,494.000000,agent_5,actor_logits,2,1,3,1.640383,-4.108636,2.582356,0.273769,0.926972,-0.941973,-4.108636,1.640383,,,,,
5,496,496.000000,agent_0,actor_logits,0,1,2,3.994939,-3.494933,7.489872,0.004741,0.999442,3.994939,-3.494933,,,,,,
5,496,496.000000,agent_1,actor_logits,0,1,2,3.994938,-3.494932,7.489871,0.004741,0.999442,3.994938,-3.494932,,,,,,
5,496,496.000000,agent_2,actor_logits,0,1,2,3.994939,-3.494933,7.489872,0.004741,0.999442,3.994939,-3.494933,,,,,,
5,496,496.000000,agent_3,actor_logits,0,1,2,3.994938,-3.494933,7.489871,0.004741,0.999442,3.994938,-3.494933,,,,,,
5,496,496.000000,agent_4,actor_logits,0,1,2,3.994938,-3.494933,7.489871,0.004741,0.999442,3.994938,-3.494933,,,,,,
5,496,496.000000,agent_5,actor_logits,0,1,2,3.994938,-3.494933,7.489871,0.004741,0.999442,3.994938,-3.494933,,,,,,
5,498,498.000000,agent_0,actor_logits,0,1,3,4.850363,-4.551453,7.516246,0.005490,0.999374,4.850363,-4.551453,-2.665883,,,,,
5,498,498.000000,agent_1,actor_logits,0,1,3,4.850362,-4.551454,7.516245,0.005490,0.999374,4.850362,-4.551454,-2.665883,,,,,
5,498,498.000000,agent_2,actor_logits,0,1,3,4.850363,-4.551454,7.516245,0.005490,0.999374,4.850363,-4.551454,-2.665882,,,,,
5,498,498.000000,agent_3,actor_logits,0,1,3,4.850362,-4.551454,7.516244,0.005490,0.999374,4.850362,-4.551454,-2.665882,,,,,
5,498,498.000000,agent_4,actor_logits,0,1,3,4.850362,-4.551454,7.516244,0.005490,0.999374,4.850362,-4.551454,-2.665882,,,,,
5,498,498.000000,agent_5,actor_logits,0,1,3,4.850363,-4.551454,7.516245,0.005490,0.999374,4.850363,-4.551454,-2.665883,,,,,
6,0,0.000000,agent_0,actor_logits,0,1,2,1.750134,-2.708004,4.458138,0.062569,0.988549,1.750134,-2.708004,,,,,,
6,0,0.000000,agent_1,actor_logits,3,1,4,4.275782,-4.192782,0.598823,0.658950,0.644635,3.676959,-2.163707,-4.192782,4.275782,,,,
6,0,0.000000,agent_2,actor_logits,3,1,4,4.275782,-4.192782,0.598823,0.658950,0.644635,3.676959,-2.163707,-4.192782,4.275782,,,,
6,0,0.000000,agent_3,actor_logits,3,1,4,4.275782,-4.192782,0.598823,0.658950,0.644635,3.676959,-2.163707,-4.192782,4.275782,,,,
6,0,0.000000,agent_4,actor_logits,3,1,4,4.275782,-4.192782,0.598823,0.658950,0.644635,3.676959,-2.163707,-4.192782,4.275782,,,,
6,0,0.000000,agent_5,actor_logits,3,1,4,4.275782,-4.192782,0.598823,0.658950,0.644635,3.676959,-2.163707,-4.192782,4.275782,,,,
6,2,2.000000,agent_0,actor_logits,0,1,3,8.712852,-10.546273,11.830924,0.000093,0.999993,8.712852,-3.118073,-10.546273,,,,,
6,2,2.000000,agent_1,actor_logits,0,1,4,9.283766,-10.214175,1.782147,0.412253,0.855960,9.283766,-3.726804,-10.214175,7.501619,,,,
6,2,2.000000,agent_2,actor_logits,0,1,4,9.283766,-10.214175,1.782147,0.412253,0.855960,9.283766,-3.726804,-10.214175,7.501619,,,,
6,2,2.000000,agent_3,actor_logits,0,1,4,9.283766,-10.214175,1.782147,0.412253,0.855960,9.283766,-3.726804,-10.214175,7.501619,,,,
6,2,2.000000,agent_4,actor_logits,0,1,4,9.283766,-10.214175,1.782147,0.412253,0.855960,9.283766,-3.726804,-10.214175,7.501619,,,,
6,2,2.000000,agent_5,actor_logits,0,1,3,9.015912,-10.135222,13.051483,0.000030,0.999998,9.015912,-4.035571,-10.135222,,,,,
6,4,4.000000,agent_0,actor_logits,0,1,2,2.494239,-0.016915,2.511154,0.266585,0.924920,2.494239,-0.016915,,,,,,
6,4,4.000000,agent_1,actor_logits,3,1,4,7.876810,-10.040870,4.281576,0.084309,0.984723,3.595234,1.495948,-10.040870,7.876810,,,,
6,4,4.000000,agent_2,actor_logits,3,1,4,8.646394,-11.595740,0.576625,0.653459,0.640279,8.069769,-1.802688,-11.595740,8.646394,,,,
6,4,4.000000,agent_3,actor_logits,3,1,4,8.646394,-11.595740,0.576625,0.653459,0.640279,8.069769,-1.802688,-11.595740,8.646394,,,,
6,4,4.000000,agent_4,actor_logits,3,1,4,8.646394,-11.595740,0.576625,0.653459,0.640279,8.069769,-1.802688,-11.595740,8.646394,,,,
6,4,4.000000,agent_5,actor_logits,3,1,4,8.457970,-11.825717,0.017014,0.693308,0.504245,8.440956,-1.811011,-11.825717,8.457970,,,,
6,6,6.000000,agent_0,actor_logits,0,1,3,10.263895,-11.435867,13.089073,0.000029,0.999998,10.263895,-2.825178,-11.435867,,,,,
6,6,6.000000,agent_1,actor_logits,0,1,4,8.756479,-10.080455,2.843277,0.213207,0.944959,8.756479,-2.565063,-10.080455,5.913203,,,,
6,6,6.000000,agent_2,actor_logits,0,1,4,9.162502,-11.534616,3.006512,0.190295,0.952841,9.162502,-1.291708,-11.534616,6.155991,,,,
6,6,6.000000,agent_3,actor_logits,0,1,4,9.162502,-11.534616,3.006512,0.190295,0.952841,9.162502,-1.291708,-11.534616,6.155991,,,,
6,6,6.000000,agent_4,actor_logits,0,1,4,9.162502,-11.534616,3.006512,0.190295,0.952841,9.162502,-1.291708,-11.534616,6.155991,,,,
6,6,6.000000,agent_5,actor_logits,0,1,3,7.807025,-9.489247,10.019696,0.000491,0.999956,7.807025,-2.212671,-9.489247,,,,,
6,8,8.000000,agent_0,actor_logits,0,1,2,3.660542,0.089232,3.571311,0.125406,0.972650,3.660542,0.089232,,,,,,
6,8,8.000000,agent_1,actor_logits,3,1,4,4.097706,-7.639593,1.631742,0.786326,0.720466,2.449498,2.465964,-7.639593,4.097706,,,,
6,8,8.000000,agent_2,actor_logits,0,1,4,9.866840,-11.012746,2.477314,0.272556,0.922534,9.866840,-3.307977,-11.012746,7.389526,,,,
6,8,8.000000,agent_3,actor_logits,0,1,4,9.866840,-11.012746,2.477314,0.272556,0.922534,9.866840,-3.307977,-11.012746,7.389526,,,,
6,8,8.000000,agent_4,actor_logits,0,1,4,9.866840,-11.012746,2.477314,0.272556,0.922534,9.866840,-3.307977,-11.012746,7.389526,,,,
6,8,8.000000,agent_5,actor_logits,0,1,4,10.412739,-10.990374,3.169433,0.169009,0.959667,10.412739,-3.796030,-10.990374,7.243306,,,,
6,10,10.000000,agent_0,actor_logits,0,1,3,10.113424,-11.402928,12.746233,0.000040,0.999997,10.113424,-2.632808,-11.402928,,,,,
6,10,10.000000,agent_1,actor_logits,0,1,4,7.503531,-9.375761,1.926673,0.381353,0.872841,7.503531,-2.369144,-9.375761,5.576858,,,,
6,10,10.000000,agent_2,actor_logits,0,1,4,8.924381,-9.503350,3.597423,0.123060,0.973327,8.924381,-9.503350,-2.660438,5.326958,,,,
6,10,10.000000,agent_3,actor_logits,0,1,4,8.924381,-9.503350,3.597423,0.123060,0.973327,8.924381,-9.503350,-2.660438,5.326958,,,,
6,10,10.000000,agent_4,actor_logits,0,1,4,8.924381,-9.503350,3.597423,0.123060,0.973327,8.924381,-9.503350,-2.660438,5.326958,,,,
6,10,10.000000,agent_5,actor_logits,0,1,4,9.451141,-9.422253,4.218692,0.075848,0.985492,9.451141,-9.422253,-3.078888,5.232450,,,,
6,12,12.000000,agent_0,actor_logits,0,1,2,0.700005,-2.263186,2.963192,0.195906,0.950883,0.700005,-2.263186,,,,,,
6,12,12.000000,agent_1,actor_logits,1,1,4,5.370199,-4.249525,6.241550,0.026371,0.996438,-1.091555,5.370199,-4.249525,-0.871351,,,,
6,12,12.000000,agent_2,actor_logits,0,1,3,1.538725,-9.600599,0.323845,0.680309,0.580256,1.538725,1.214879,-9.600599,,,,,
6,12,12.000000,agent_3,actor_logits,3,1,4,8.471861,-6.708388,0.584143,0.652254,0.642020,7.887718,-6.708388,-6.174830,8.471861,,,,
6,12,12.000000,agent_4,actor_logits,3,1,4,8.471861,-6.708388,0.584143,0.652254,0.642020,7.887718,-6.708388,-6.174830,8.471861,,,,
6,12,12.000000,agent_5,actor_logits,3,1,4,8.247816,-6.785709,0.103884,0.691807,0.525947,8.143932,-6.785709,-6.209245,8.247816,,,,
6,14,14.000000,agent_0,actor_logits,0,1,3,8.284451,-16.439379,5.904520,0.018782,0.997280,8.284451,2.379931,-16.439379,,,,,
6,14,14.000000,agent_1,actor_logits,0,1,3,7.280117,-7.290826,14.256008,0.000017,0.999999,7.280117,-6.975892,-7.290826,,,,,
6,14,14.000000,agent_2,actor_logits,0,1,3,4.200356,-15.157709,0.478615,0.665313,0.617421,4.200356,3.721741,-15.157709,,,,,
6,14,14.000000,agent_3,actor_logits,3,1,4,10.737622,-11.266816,4.168776,0.078910,0.984761,6.568846,-1.878631,-11.266816,10.737622,,,,
6,14,14.000000,agent_4,actor_logits,3,1,4,10.737622,-11.266816,4.168776,0.078910,0.984761,6.568846,-1.878631,-11.266816,10.737622,,,,
6,14,14.000000,agent_5,actor_logits,3,1,4,10.775647,-7.260365,5.558271,0.025200,0.996159,5.217376,-4.297355,-7.260365,10.775647,,,,
6,16,16.000000,agent_0,actor_logits,1,1,2,3.811403,-3.130301,6.941703,0.007670,0.999034,-3.130301,3.811403,,,,,,
6,16,16.000000,agent_1,actor_logits,1,1,2,6.140621,-2.134479,8.275100,0.002363,0.999745,-2.134479,6.140621,,,,,,
6,16,16.000000,agent_2,actor_logits,1,1,2,4.396390,-7.882054,12.278444,0.000062,0.999995,-7.882054,4.396390,,,,,,
6,16,16.000000,agent_3,actor_logits,3,1,4,12.338194,-14.517941,6.673563,0.009942,0.998716,1.601610,5.664631,-14.517941,12.338194,,,,
6,16,16.000000,agent_4,actor_logits,3,1,4,12.338194,-14.517941,6.673563,0.009942,0.998716,1.601610,5.664631,-14.517941,12.338194,,,,
6,16,16.000000,agent_5,actor_logits,3,1,4,12.419692,-9.705635,10.008255,0.000549,0.999951,-0.015924,2.411437,-9.705635,12.419692,,,,
6,18,18.000000,agent_0,actor_logits,0,1,3,6.257314,-11.346297,6.221115,0.014322,0.998017,6.257314,0.036198,-11.346297,,,,,
6,18,18.000000,agent_1,actor_logits,0,1,3,7.473300,-12.271223,7.084083,0.006772,0.999162,7.473300,0.389217,-12.271223,,,,,
6,18,18.000000,agent_2,actor_logits,0,1,3,5.611001,-12.228298,4.254015,0.073698,0.985992,5.611001,1.356986,-12.228298,,,,,
6,18,18.000000,agent_3,actor_logits,3,1,4,9.286947,-18.700312,2.533090,0.448156,0.880107,6.418932,6.753857,-18.700312,9.286947,,,,
6,18,18.000000,agent_4,actor_logits,3,1,4,9.286947,-18.700312,2.533090,0.448156,0.880107,6.418932,6.753857,-18.700312,9.286947,,,,
6,18,18.000000,agent_5,actor_logits,1,1,3,4.456395,-14.380240,0.028300,0.693047,0.507075,4.428095,4.456395,-14.380240,,,,,
6,20,20.000000,agent_0,actor_logits,0,1,2,3.127893,1.914684,1.213210,0.538227,0.770866,3.127893,1.914684,,,,,,
6,20,20.000000,agent_1,actor_logits,0,1,2,3.452239,1.335670,2.116569,0.341250,0.892503,3.452239,1.335670,,,,,,
6,20,20.000000,agent_2,actor_logits,0,1,2,3.522620,2.625144,0.897476,0.601766,0.710430,3.522620,2.625144,,,,,,
6,20,20.000000,agent_3,actor_logits,1,1,4,11.845337,-17.501608,3.236916,0.160983,0.962193,0.087250,11.845337,-17.501608,8.608421,,,,
6,20,20.000000,agent_4,actor_logits,1,1,3,11.078306,-17.374594,10.565446,0.000298,0.999974,0.512861,11.078306,-17.374594,,,,,
6,20,20.000000,agent_5,actor_logits,1,1,3,11.808539,-19.326267,9.466817,0.000810,0.999923,2.341722,11.808539,-19.326267,,,,,
6,22,22.000000,agent_0,actor_logits,1,1,3,10.063456,-16.890326,7.749028,0.003771,0.999569,2.314428,10.063456,-16.890326,,,,,
6,22,22.000000,agent_1,actor_logits,1,1,3,9.674559,-16.577114,7.210917,0.006059,0.999262,2.463642,9.674559,-16.577114,,,,,
6,22,22.000000,agent_2,actor_logits,1,1,3,10.110783,-17.299479,7.566309,0.004432,0.999483,2.544473,10.110783,-17.299479,,,,,
6,22,22.000000,agent_3,actor_logits,3,1,4,9.693488,-15.903289,0.930212,0.596259,0.717076,0.299092,8.763276,-15.903289,9.693488,,,,
6,22,22.000000,agent_4,actor_logits,1,1,3,8.807441,-16.861937,7.570495,0.004415,0.999485,1.236946,8.807441,-16.861937,,,,,
6,22,22.000000,agent_5,actor_logits,1,1,3,9.493932,-19.312033,5.468549,0.027174,0.995800,4.025383,9.493932,-19.312033,,,,,
6,24,24.000000,agent_0,actor_logits,1,1,3,9.649392,-15.445539,8.373344,0.002164,0.999769,1.276048,9.649392,-15.445539,,,,,
6,24,24.000000,agent_1,actor_logits,1,1,3,9.650658,-15.357617,8.463837,0.001996,0.999789,1.186821,9.650658,-15.357617,,,,,
6,24,24.000000,agent_2,actor_logits,1,1,3,9.334400,-15.398324,7.608771,0.004269,0.999504,1.725629,9.334400,-15.398324,,,,,
6,24,24.000000,agent_3,actor_logits,1,1,3,10.104364,-18.983957,6.498915,0.011271,0.998497,3.605449,10.104364,-18.983957,,,,,
6,24,24.000000,agent_4,actor_logits,1,1,3,9.848946,-19.451754,5.363758,0.029675,0.995339,4.485188,9.848946,-19.451754,,,,,
6,24,24.000000,agent_5,actor_logits,1,1,3,9.690284,-20.934916,2.906796,0.203836,0.948181,6.783488,9.690284,-20.934916,,,,,
6,26,26.000000,agent_0,actor_logits,1,1,3,7.293378,-16.998375,1.825684,0.402694,0.861247,5.467694,7.293378,-16.998375,,,,,
6,26,26.000000,agent_1,actor_logits,1,1,3,7.469381,-17.049660,2.234221,0.317814,0.903281,5.235160,7.469381,-17.049660,,,,,
6,26,26.000000,agent_2,actor_logits,1,1,3,7.147874,-17.048607,1.339421,0.510767,0.792395,5.808453,7.147874,-17.048607,,,,,
6,26,26.000000,agent_3,actor_logits,1,1,3,9.736261,-21.697016,2.716182,0.232504,0.937975,7.020079,9.736261,-21.697016,,,,,
6,26,26.000000,agent_4,actor_logits,1,1,3,9.543922,-21.711695,2.230993,0.318445,0.902998,7.312930,9.543922,-21.711695,,,,,
6,26,26.000000,agent_5,actor_logits,1,1,3,9.183186,-22.132940,0.751040,0.627317,0.679405,8.432146,9.183186,-22.132940,,,,,
6,28,28.000000,agent_0,actor_logits,1,1,3,6.104023,-15.843036,0.324419,0.680162,0.580401,5.779604,6.104023,-15.843036,,,,,
6,28,28.000000,agent_1,actor_logits,1,1,3,6.325039,-15.920753,0.805973,0.618096,0.691251,5.519066,6.325039,-15.920753,,,,,
6,28,28.000000,agent_2,actor_logits,1,1,3,6.054286,-15.937875,0.054408,0.692777,0.513599,5.999877,6.054286,-15.937875,,,,,
6,28,28.000000,agent_3,actor_logits,0,1,2,6.818256,-0.081963,6.900220,0.007952,0.998993,6.818256,-0.081963,,,,,,
6,28,28.000000,agent_4,actor_logits,0,1,2,7.022426,-0.200590,7.223016,0.005995,0.999271,7.022426,-0.200590,,,,,,
6,28,28.000000,agent_5,actor_logits,0,1,2,8.178225,-0.485585,8.663809,0.001669,0.999827,8.178225,-0.485585,,,,,,
6,30,30.000000,agent_0,actor_logits,0,1,3,5.874002,-15.306114,0.110271,0.691630,0.527540,5.874002,5.763731,-15.306114,,,,,
6,30,30.000000,agent_1,actor_logits,1,1,3,5.963938,-15.381227,0.283375,0.683209,0.570374,5.680563,5.963938,-15.381227,,,,,
6,30,30.000000,agent_2,actor_logits,0,1,3,5.980992,-15.394872,0.236053,0.686230,0.558741,5.980992,5.744939,-15.394872,,,,,
6,30,30.000000,agent_3,actor_logits,0,1,3,10.229115,-22.244846,1.543809,0.465246,0.824018,10.229115,8.685306,-22.244846,,,,,
6,30,30.000000,agent_4,actor_logits,0,1,3,10.194997,-22.193789,1.512765,0.472195,0.819471,10.194997,8.682232,-22.193789,,,,,
6,30,30.000000,agent_5,actor_logits,0,1,3,10.350352,-22.356352,1.495568,0.476043,0.816913,10.350352,8.854784,-22.356352,,,,,
6,32,32.000000,agent_0,actor_logits,0,1,3,8.949489,-10.988486,11.745974,0.000101,0.999992,8.949489,-2.796485,-10.988486,,,,,
6,32,32.000000,agent_1,actor_logits,1,1,3,5.843332,-14.344860,1.124626,0.556949,0.754846,4.718706,5.843332,-14.344860,,,,,
6,32,32.000000,agent_2,actor_logits,0,1,3,8.928259,-11.052178,11.649857,0.000110,0.999991,8.928259,-2.721597,-11.052178,,,,,
6,32,32.000000,agent_3,actor_logits,1,1,3,9.782623,-21.891935,2.022779,0.360565,0.883168,7.759845,9.782623,-21.891935,,,,,
6,32,32.000000,agent_4,actor_logits,1,1,3,9.795187,-21.818094,2.118737,0.340810,0.892711,7.676450,9.795187,-21.818094,,,,,
6,32,32.000000,agent_5,actor_logits,1,1,3,9.878879,-21.927004,2.062066,0.352410,0.887161,7.816813,9.878879,-21.927004,,,,,
6,34,34.000000,agent_0,actor_logits,0,1,3,14.706240,-10.184505,22.892509,0.000000,1.000000,14.706240,-8.186270,-10.184505,,,,,
6,34,34.000000,agent_1,actor_logits,0,1,4,7.965585,-15.373621,3.070825,0.288648,0.933191,7.965585,4.285041,-15.373621,4.894760,,,,
6,34,34.000000,agent_2,actor_logits,0,1,3,14.584129,-10.145144,22.705776,0.000000,1.000000,14.584129,-8.121647,-10.145144,,,,,
6,34,34.000000,agent_3,actor_logits,0,1,4,9.501150,-11.158446,0.313017,0.681055,0.577621,9.501150,-4.515275,-11.158446,9.188133,,,,
6,34,34.000000,agent_4,actor_logits,0,1,4,9.491995,-11.133815,0.299858,0.682040,0.574408,9.491995,-4.529508,-11.133815,9.192137,,,,
6,34,34.000000,agent_5,actor_logits,0,1,4,9.767841,-11.200355,0.757848,0.626205,0.680886,9.767841,-4.629209,-11.200355,9.009994,,,,
6,36,36.000000,agent_0,actor_logits,0,1,3,2.483498,-5.581255,4.712595,0.053702,0.990790,2.483498,-2.229096,-5.581255,,,,,
6,36,36.000000,agent_1,actor_logits,0,1,3,4.877048,-11.145675,3.360756,0.146858,0.966455,4.877048,1.516292,-11.145675,,,,,
6,36,36.000000,agent_2,actor_logits,0,1,3,2.513719,-5.619053,4.729679,0.052831,0.990959,2.513719,-2.215960,-5.619053,,,,,
6,36,36.000000,agent_3,actor_logits,1,1,4,13.449037,-15.869383,8.416096,0.002094,0.999778,-0.694622,13.449037,-15.869383,5.032940,,,,
6,36,36.000000,agent_4,actor_logits,1,1,4,13.389227,-15.847473,8.375961,0.002171,0.999769,-0.639294,13.389227,-15.847473,5.013266,,,,
6,36,36.000000,agent_5,actor_logits,1,1,4,13.426198,-15.955287,8.643848,0.001713,0.999823,-0.418749,13.426198,-15.955287,4.782350,,,,
6,38,38.000000,agent_0,actor_logits,0,1,3,-0.206521,-6.339868,0.790538,0.630997,0.686922,-0.206521,-0.997059,-6.339868,,,,,
6,38,38.000000,agent_1,actor_logits,1,1,3,0.015562,-5.018020,1.436379,0.519425,0.803663,-1.420817,0.015562,-5.018020,,,,,
6,38,38.000000,agent_2,actor_logits,0,1,3,-0.160557,-6.384713,0.844067,0.621082,0.698354,-0.160557,-1.004624,-6.384713,,,,,
6,38,38.000000,agent_3,actor_logits,0,1,3,9.839436,-17.501087,7.799395,0.003606,0.999590,9.839436,2.040040,-17.501087,,,,,
6,38,38.000000,agent_4,actor_logits,0,1,3,9.877197,-17.470289,7.894330,0.003315,0.999627,9.877197,1.982868,-17.470289,,,,,
6,38,38.000000,agent_5,actor_logits,0,1,3,10.149487,-17.530092,8.296090,0.002319,0.999751,10.149487,1.853397,-17.530092,,,,,
6,40,40.000000,agent_0,actor_logits,1,1,2,1.069709,-11.431063,12.500772,0.000050,0.999996,-11.431063,1.069709,,,,,,
6,40,40.000000,agent_1,actor_logits,1,1,3,2.146192,-4.827999,5.872688,0.026717,0.996263,-3.726496,2.146192,-4.827999,,,,,
6,40,40.000000,agent_2,actor_logits,1,1,2,1.055959,-11.412896,12.468856,0.000052,0.999996,-11.412896,1.055959,,,,,,
6,40,40.000000,agent_3,actor_logits,0,1,3,4.470748,-15.169965,1.278945,0.524020,0.782270,4.470748,3.191803,-15.169965,,,,,
6,40,40.000000,agent_4,actor_logits,0,1,3,4.480578,-15.148215,1.315969,0.515924,0.788510,4.480578,3.164609,-15.148215,,,,,
6,40,40.000000,agent_5,actor_logits,0,1,3,4.761479,-15.283868,1.532533,0.467771,0.822377,4.761479,3.228946,-15.283868,,,,,
6,42,42.000000,agent_0,actor_logits,1,1,3,7.446662,-7.786650,11.454071,0.000136,0.999989,-7.786650,7.446662,-4.007410,,,,,
6,42,42.000000,agent_1,actor_logits,0,1,4,3.328403,-4.130277,2.043887,0.373788,0.883150,3.328403,1.284516,-2.786562,-4.130277,,,,
6,42,42.000000,agent_2,actor_logits,1,1,3,7.475139,-7.793208,11.495934,0.000131,0.999990,-7.793208,7.475139,-4.020794,,,,,
6,42,42.000000,agent_3,actor_logits,1,1,3,7.057148,-9.842691,11.668127,0.000109,0.999991,-9.842691,7.057148,-4.610978,,,,,
6,42,42.000000,agent_4,actor_logits,1,1,3,7.020801,-9.789632,11.625356,0.000114,0.999991,-9.789632,7.020801,-4.604555,,,,,
6,42,42.000000,agent_5,actor_logits,1,1,3,7.110357,-9.591664,11.816140,0.000096,0.999993,-9.591664,7.110357,-4.705783,,,,,
6,44,44.000000,agent_0,actor_logits,2,1,4,5.768302,-12.362722,1.923045,0.539771,0.835865,3.845257,-12.362722,5.768302,2.776649,,,,
6,44,44.000000,agent_1,actor_logits,0,1,3,7.509468,-7.120668,9.756043,0.000630,0.999942,7.509468,-7.120668,-2.246576,,,,,
6,44,44.000000,agent_2,actor_logits,2,1,4,5.773332,-12.385387,1.884249,0.541913,0.833504,3.889083,-12.385387,5.773332,2.732825,,,,
6,44,44.000000,agent_3,actor_logits,2,1,4,7.123047,-12.217762,2.775233,0.236664,0.939538,0.917121,-12.217762,7.123047,4.347815,,,,
6,44,44.000000,agent_4,actor_logits,2,1,4,7.115546,-12.185808,2.736770,0.242192,0.937446,0.874912,-12.185808,7.115546,4.378776,,,,
6,44,44.000000,agent_5,actor_logits,2,1,4,6.972857,-12.083754,2.640958,0.259948,0.931365,0.940636,-12.083754,6.972857,4.331900,,,,
6,46,46.000000,agent_0,actor_logits,0,1,4,11.920515,-13.119429,8.786081,0.001529,0.999845,11.920515,-13.119429,-1.017313,3.134434,,,,
6,46,46.000000,agent_1,actor_logits,0,1,3,7.046846,-9.461533,6.509559,0.011168,0.998513,7.046846,-9.461533,0.537287,,,,,
6,46,46.000000,agent_2,actor_logits,0,1,4,11.950339,-13.105431,8.856283,0.001436,0.999855,11.950339,-13.105431,-1.031682,3.094056,,,,
6,46,46.000000,agent_3,actor_logits,0,1,4,10.192389,-12.291182,6.621473,0.010396,0.998648,10.192389,-12.291182,-0.515923,3.570917,,,,
6,46,46.000000,agent_4,actor_logits,0,1,4,10.173132,-12.274935,6.599056,0.010600,0.998618,10.173132,-12.274935,-0.516699,3.574076,,,,
6,46,46.000000,agent_5,actor_logits,0,1,4,10.223896,-12.156517,6.692636,0.009754,0.998743,10.223896,-12.156517,-0.643180,3.531260,,,,
6,48,48.000000,agent_0,actor_logits,1,1,3,4.543826,-6.707533,9.146254,0.001241,0.999880,-6.707533,4.543826,-4.602428,,,,,
6,48,48.000000,agent_1,actor_logits,2,1,3,10.483489,-13.139366,11.716983,0.000104,0.999992,-1.233494,-13.139366,10.483489,,,,,
6,48,48.000000,agent_2,actor_logits,1,1,3,4.560646,-6.691467,9.188253,0.001201,0.999885,-6.691467,4.560646,-4.627607,,,,,
6,48,48.000000,agent_3,actor_logits,1,1,3,5.553526,-7.944292,10.324244,0.000392,0.999966,-7.944292,5.553526,-4.770717,,,,,
6,48,48.000000,agent_4,actor_logits,1,1,3,5.558631,-7.945087,10.334579,0.000388,0.999966,-7.945087,5.558631,-4.775949,,,,,
6,48,48.000000,agent_5,actor_logits,1,1,3,5.600193,-7.862798,10.535013,0.000327,0.999972,-7.862798,5.600193,-4.934821,,,,,
6,50,50.000000,agent_0,actor_logits,2,1,3,4.640253,-9.105375,5.368784,0.029566,0.995361,-9.105375,-0.728531,4.640253,,,,,
6,50,50.000000,agent_1,actor_logits,1,1,4,3.575387,-7.443210,1.342344,0.811531,0.700072,-7.443210,3.575387,2.233044,1.786680,,,,
6,50,50.000000,agent_2,actor_logits,2,1,3,4.625268,-9.091840,5.348069,0.030084,0.995264,-9.091840,-0.722801,4.625268,,,,,
6,50,50.000000,agent_3,actor_logits,2,1,3,4.039809,-9.571969,4.445533,0.063225,0.988404,-9.571969,-0.405724,4.039809,,,,,
6,50,50.000000,agent_4,actor_logits,2,1,3,4.030738,-9.569862,4.434643,0.063783,0.988279,-9.569862,-0.403905,4.030738,,,,,
6,50,50.000000,agent_5,actor_logits,2,1,3,3.952731,-9.509628,4.342074,0.068709,0.987156,-9.509628,-0.389343,3.952731,,,,,
6,52,52.000000,agent_0,actor_logits,0,1,4,2.633858,-5.655696,0.714211,0.886673,0.608170,2.633858,-5.655696,1.919647,0.765956,,,,
6,52,52.000000,agent_1,actor_logits,0,1,4,3.879824,-5.847748,2.261143,0.453535,0.873976,3.879824,-5.847748,0.658584,1.618682,,,,
6,52,52.000000,agent_2,actor_logits,0,1,4,2.650138,-5.661009,0.734024,0.880673,0.613401,2.650138,-5.661009,1.916114,0.753261,,,,
6,52,52.000000,agent_3,actor_logits,0,1,4,2.542289,-5.014287,1.057916,0.797351,0.686297,2.542289,-5.014287,1.484373,0.329482,,,,
6,52,52.000000,agent_4,actor_logits,0,1,4,2.542307,-5.006648,1.064019,0.795765,0.687551,2.542307,-5.006648,1.478288,0.324467,,,,
6,52,52.000000,agent_5,actor_logits,0,1,4,2.566290,-4.986821,1.118676,0.779702,0.699239,2.566290,-4.986821,1.447614,0.292190,,,,
6,54,54.000000,agent_0,actor_logits,1,1,3,2.290005,-4.761356,6.068729,0.023263,0.996830,-4.761356,2.290005,-3.778724,,,,,
6,54,54.000000,agent_1,actor_logits,1,1,3,2.706178,-4.202518,6.858717,0.016124,0.997955,-4.152539,2.706178,-4.202518,,,,,
6,54,54.000000,agent_2,actor_logits,1,1,3,2.299270,-4.757424,6.083328,0.023028,0.996868,-4.757424,2.299270,-3.784058,,,,,
6,54,54.000000,agent_3,actor_logits,1,1,3,3.261566,-5.263014,7.666809,0.005944,0.999334,-5.263014,3.261566,-4.405242,,,,,
6,54,54.000000,agent_4,actor_logits,1,1,3,3.268979,-5.265460,7.680692,0.005878,0.999342,-5.265460,3.268979,-4.411714,,,,,
6,54,54.000000,agent_5,actor_logits,1,1,3,3.301205,-5.265459,7.746671,0.005598,0.999378,-5.265459,3.301205,-4.445467,,,,,
6,56,56.000000,agent_0,actor_logits,2,1,3,7.536821,-16.670738,4.142896,0.080500,0.984371,-16.670738,3.393926,7.536821,,,,,
6,56,56.000000,agent_1,actor_logits,2,1,3,7.549680,-16.409300,4.204405,0.076666,0.985290,-16.409300,3.345275,7.549680,,,,,
6,56,56.000000,agent_2,actor_logits,2,1,3,7.531631,-16.667185,4.133990,0.081070,0.984234,-16.667185,3.397641,7.531631,,,,,
6,56,56.000000,agent_3,actor_logits,2,1,3,6.863364,-17.011145,2.626925,0.246928,0.932574,-17.011145,4.236439,6.863364,,,,,
6,56,56.000000,agent_4,actor_logits,2,1,3,6.856607,-17.012695,2.613396,0.249170,0.931719,-17.012695,4.243212,6.856607,,,,,
6,56,56.000000,agent_5,actor_logits,2,1,3,6.826458,-17.017992,2.552800,0.259391,0.927761,-17.017992,4.273658,6.826458,,,,,
6,58,58.000000,agent_0,actor_logits,2,1,4,5.984577,-4.863752,0.832835,0.613806,0.696931,-4.464086,-4.863752,5.984577,5.151742,,,,
6,58,58.000000,agent_1,actor_logits,2,1,4,6.185789,-4.905904,1.233194,0.534269,0.774355,-4.529650,-4.905904,6.185789,4.952595,,,,
6,58,58.000000,agent_2,actor_logits,2,1,4,5.984732,-4.866769,0.841553,0.612270,0.698768,-4.455516,-4.866769,5.984732,5.143179,,,,
6,58,58.000000,agent_3,actor_logits,2,1,4,5.691598,-4.748740,0.770495,0.624686,0.683591,-4.230353,-4.748740,5.691598,4.921103,,,,
6,58,58.000000,agent_4,actor_logits,2,1,4,5.688790,-4.748407,0.768991,0.624939,0.683266,-4.227829,-4.748407,5.688790,4.919799,,,,
6,58,58.000000,agent_5,actor_logits,2,1,4,5.674750,-4.745940,0.754962,0.627267,0.680222,-4.218402,-4.745940,5.674750,4.919787,,,,
6,60,60.000000,agent_0,actor_logits,0,1,4,11.404380,-10.889648,8.838303,0.001453,0.999853,11.404380,-10.889648,-1.791343,2.566077,,,,
6,60,60.000000,agent_1,actor_logits,0,1,4,11.622263,-10.991070,9.161646,0.001087,0.999894,11.622263,-10.991070,-1.838941,2.460617,,,,
6,60,60.000000,agent_2,actor_logits,0,1,4,11.415258,-10.892332,8.855610,0.001431,0.999856,11.415258,-10.892332,-1.794344,2.559648,,,,
6,60,60.000000,agent_3,actor_logits,0,1,4,11.796065,-10.887878,9.396577,0.000876,0.999916,11.796065,-10.887878,-2.151581,2.399488,,,,
6,60,60.000000,agent_4,actor_logits,0,1,4,11.799629,-10.888464,9.401023,0.000872,0.999917,11.799629,-10.888464,-2.154498,2.398607,,,,
6,60,60.000000,agent_5,actor_logits,0,1,4,11.811980,-10.891199,9.413214,0.000863,0.999918,11.811980,-10.891199,-2.165612,2.398767,,,,
6,62,62.000000,agent_0,actor_logits,1,1,3,4.595777,-8.817533,6.292296,0.013493,0.998151,-8.817533,4.595777,-1.696519,,,,,
6,62,62.000000,agent_1,actor_logits,1,1,3,4.617140,-8.730930,6.381587,0.012496,0.998309,-8.730930,4.617140,-1.764446,,,,,
6,62,62.000000,agent_2,actor_logits,1,1,3,4.595450,-8.813695,6.292869,0.013486,0.998152,-8.813695,4.595450,-1.697419,,,,,
6,62,62.000000,agent_3,actor_logits,1,1,3,4.870564,-8.718769,6.877617,0.008129,0.998969,-8.718769,4.870564,-2.007053,,,,,
6,62,62.000000,agent_4,actor_logits,1,1,3,4.872484,-8.717319,6.882355,0.008096,0.998974,-8.717319,4.872484,-2.009871,,,,,
6,62,62.000000,agent_5,actor_logits,1,1,3,4.877345,-8.709583,6.896226,0.007999,0.998988,-8.709583,4.877345,-2.018881,,,,,
6,64,64.000000,agent_0,actor_logits,1,1,3,5.096617,-13.934743,0.271871,0.683993,0.567552,-13.934743,5.096617,4.824747,,,,,
6,64,64.000000,agent_1,actor_logits,1,1,3,5.137526,-13.917031,0.381704,0.675261,0.594284,-13.917031,5.137526,4.755822,,,,,
6,64,64.000000,agent_2,actor_logits,1,1,3,5.094761,-13.931334,0.270074,0.684112,0.567111,-13.931334,5.094761,4.824687,,,,,
6,64,64.000000,agent_3,actor_logits,1,1,3,5.343900,-13.899585,0.772299,0.623804,0.684018,-13.899585,5.343900,4.571601,,,,,
6,64,64.000000,agent_4,actor_logits,1,1,3,5.345240,-13.898882,0.775511,0.623267,0.684712,-13.898882,5.345240,4.569729,,,,,
6,64,64.000000,agent_5,actor_logits,1,1,3,5.349801,-13.896795,0.785455,0.621594,0.686855,-13.896795,5.349801,4.564346,,,,,
6,66,66.000000,agent_0,actor_logits,3,1,4,3.521675,-6.726937,0.792059,0.825845,0.641841,2.729616,-6.726937,1.268560,3.521675,,,,
6,66,66.000000,agent_1,actor_logits,3,1,4,3.582927,-6.694349,0.879207,0.798165,0.663536,2.703720,-6.694349,1.196204,3.582927,,,,
6,66,66.000000,agent_2,actor_logits,3,1,4,3.518222,-6.728065,0.785598,0.827144,0.640451,2.732624,-6.728065,1.269332,3.518222,,,,
6,66,66.000000,agent_3,actor_logits,3,1,4,3.362366,-6.719152,0.374003,0.851017,0.560103,2.988363,-6.719152,1.033118,3.362366,,,,
6,66,66.000000,agent_4,actor_logits,3,1,4,3.360838,-6.719396,0.370512,0.851178,0.559343,2.990326,-6.719396,1.031799,3.360838,,,,
6,66,66.000000,agent_5,actor_logits,3,1,4,3.357146,-6.718854,0.362527,0.851429,0.557631,2.994619,-6.718854,1.027644,3.357146,,,,
6,70,70.000000,agent_0,actor_logits,0,1,7,9.050423,-8.421329,8.338446,0.004845,0.999516,9.050423,-8.421329,-0.943539,-0.346869,0.711977,-0.868757,-0.558965,
6,70,70.000000,agent_1,actor_logits,0,1,7,9.055998,-8.358485,8.339267,0.004774,0.999524,9.055998,-8.358485,-1.005040,-0.378333,0.716731,-0.875282,-0.562006,
6,70,70.000000,agent_2,actor_logits,0,1,7,9.052622,-8.422981,8.340023,0.004837,0.999517,9.052622,-8.422981,-0.942802,-0.347641,0.712599,-0.868829,-0.558841,
6,70,70.000000,agent_3,actor_logits,0,1,7,9.092697,-8.181312,8.367504,0.004433,0.999559,9.092697,-8.181312,-1.120784,-0.584500,0.725193,-0.900581,-0.574898,
6,70,70.000000,agent_4,actor_logits,0,1,7,9.093014,-8.179794,8.368052,0.004430,0.999560,9.093014,-8.179794,-1.121951,-0.585971,0.724962,-0.900757,-0.575001,
6,70,70.000000,agent_5,actor_logits,0,1,7,9.093588,-8.174606,8.368726,0.004423,0.999561,9.093588,-8.174606,-1.125985,-0.589897,0.724862,-0.901302,-0.575272,
6,76,76.000000,agent_0,actor_logits,2,1,3,0.244529,-7.388625,2.810748,0.221787,0.942823,-7.388625,-2.566219,0.244529,,,,,
6,76,76.000000,agent_1,actor_logits,2,1,3,0.224491,-7.372221,2.792804,0.224621,0.941840,-7.372221,-2.568313,0.224491,,,,,
6,76,76.000000,agent_2,actor_logits,2,1,3,0.243921,-7.386904,2.810264,0.221867,0.942796,-7.386904,-2.566343,0.243921,,,,,
6,76,76.000000,agent_3,actor_logits,2,1,3,0.169683,-7.344088,2.714436,0.237048,0.937393,-7.344088,-2.544752,0.169683,,,,,
6,76,76.000000,agent_4,actor_logits,2,1,3,0.169594,-7.344570,2.714026,0.237111,0.937370,-7.344570,-2.544432,0.169594,,,,,
6,76,76.000000,agent_5,actor_logits,2,1,3,0.169037,-7.345701,2.712442,0.237359,0.937278,-7.345701,-2.543404,0.169037,,,,,
6,82,82.000000,agent_0,actor_logits,3,1,7,10.516883,-10.567886,4.666492,0.056727,0.990297,-10.567886,1.785948,1.567525,10.516883,5.850391,1.114879,-0.390505,
6,82,82.000000,agent_1,actor_logits,3,1,7,10.512310,-10.566315,4.659762,0.057035,0.990233,-10.566315,1.796703,1.556700,10.512310,5.852548,1.114238,-0.391128,
6,82,82.000000,agent_2,actor_logits,3,1,7,10.516789,-10.567726,4.666276,0.056736,0.990296,-10.567726,1.786173,1.567144,10.516789,5.850514,1.114856,-0.390498,
6,82,82.000000,agent_3,actor_logits,3,1,7,10.516517,-10.571655,4.658591,0.057079,0.990223,-10.571655,1.813491,1.542409,10.516517,5.857926,1.114889,-0.392664,
6,82,82.000000,agent_4,actor_logits,3,1,7,10.516583,-10.571649,4.658681,0.057075,0.990224,-10.571649,1.813362,1.542529,10.516583,5.857903,1.114905,-0.392664,
6,82,82.000000,agent_5,actor_logits,3,1,7,10.516684,-10.571814,4.658755,0.057071,0.990225,-10.571814,1.813393,1.542630,10.516684,5.857929,1.114928,-0.392686,
6,84,84.000000,agent_0,actor_logits,1,1,4,6.159162,-9.687798,1.969070,0.371977,0.877502,-5.228628,6.159162,4.190092,-9.687798,,,,
6,84,84.000000,agent_1,actor_logits,1,1,4,6.161171,-9.692372,1.979556,0.369761,0.878625,-5.223557,6.161171,4.181615,-9.692372,,,,
6,84,84.000000,agent_2,actor_logits,1,1,4,6.158998,-9.687718,1.968909,0.372011,0.877485,-5.228541,6.158998,4.190089,-9.687718,,,,
6,84,84.000000,agent_3,actor_logits,1,1,4,6.166273,-9.698759,1.986700,0.368254,0.879385,-5.226355,6.166273,4.179573,-9.698759,,,,
6,84,84.000000,agent_4,actor_logits,1,1,4,6.166309,-9.698785,1.986664,0.368261,0.879381,-5.226413,6.166309,4.179645,-9.698785,,,,
6,84,84.000000,agent_5,actor_logits,1,1,4,6.166480,-9.698917,1.986873,0.368217,0.879403,-5.226488,6.166480,4.179606,-9.698917,,,,
6,86,86.000000,agent_0,actor_logits,0,1,4,5.282176,-9.464385,2.410924,0.420601,0.887223,5.282176,1.995536,-9.464385,2.871252,,,,
6,86,86.000000,agent_1,actor_logits,0,1,4,5.291152,-9.472705,2.422275,0.417762,0.888299,5.291152,1.995042,-9.472705,2.868877,,,,
6,86,86.000000,agent_2,actor_logits,0,1,4,5.282215,-9.464351,2.410987,0.420578,0.887232,5.282215,1.995447,-9.464351,2.871228,,,,
6,86,86.000000,agent_3,actor_logits,0,1,4,5.292315,-9.473144,2.420662,0.417607,0.888312,5.292315,1.991882,-9.473144,2.871653,,,,
6,86,86.000000,agent_4,actor_logits,0,1,4,5.292260,-9.473073,2.420581,0.417624,0.888305,5.292260,1.991866,-9.473073,2.871679,,,,
6,86,86.000000,agent_5,actor_logits,0,1,4,5.292302,-9.473138,2.420615,0.417617,0.888308,5.292302,1.991890,-9.473138,2.871687,,,,
6,88,88.000000,agent_0,actor_logits,1,1,4,6.610335,-6.118718,4.861532,0.045133,0.992314,-5.850412,6.610335,1.748803,-6.118718,,,,
6,88,88.000000,agent_1,actor_logits,1,1,4,6.606336,-6.125185,4.859720,0.045201,0.992300,-5.839867,6.606336,1.746615,-6.125185,,,,
6,88,88.000000,agent_2,actor_logits,1,1,4,6.610300,-6.118854,4.861457,0.045136,0.992313,-5.850370,6.610300,1.748843,-6.118854,,,,
6,88,88.000000,agent_3,actor_logits,1,1,4,6.604118,-6.118111,4.858387,0.045251,0.992290,-5.839903,6.604118,1.745731,-6.118111,,,,
6,88,88.000000,agent_4,actor_logits,1,1,4,6.604128,-6.117995,4.858416,0.045250,0.992290,-5.839953,6.604128,1.745712,-6.117995,,,,
6,88,88.000000,agent_5,actor_logits,1,1,4,6.604113,-6.117890,4.858450,0.045249,0.992290,-5.839919,6.604113,1.745663,-6.117890,,,,
6,90,90.000000,agent_0,actor_logits,1,1,4,8.378442,-7.865151,5.700188,0.022519,0.996651,-2.779330,8.378442,-7.865151,2.678254,,,,
6,90,90.000000,agent_1,actor_logits,1,1,4,8.378355,-7.873536,5.700556,0.022514,0.996653,-2.769549,8.378355,-7.873536,2.677799,,,,
6,90,90.000000,agent_2,actor_logits,1,1,4,8.378429,-7.865257,5.700195,0.022519,0.996651,-2.779211,8.378429,-7.865257,2.678234,,,,
6,90,90.000000,agent_3,actor_logits,1,1,4,8.379679,-7.869674,5.702101,0.022484,0.996658,-2.774235,8.379679,-7.869674,2.677578,,,,
6,90,90.000000,agent_4,actor_logits,1,1,4,8.379675,-7.869568,5.702125,0.022483,0.996658,-2.774323,8.379675,-7.869568,2.677551,,,,
6,90,90.000000,agent_5,actor_logits,1,1,4,8.379693,-7.869506,5.702151,0.022483,0.996658,-2.774383,8.379693,-7.869506,2.677542,,,,
6,92,92.000000,agent_0,actor_logits,1,1,4,10.965111,-10.197178,7.349766,0.005369,0.999357,-3.971935,10.965111,-10.197178,3.615345,,,,
6,92,92.000000,agent_1,actor_logits,1,1,4,10.961763,-10.199739,7.347319,0.005380,0.999356,-3.965083,10.961763,-10.199739,3.614444,,,,
6,92,92.000000,agent_2,actor_logits,1,1,4,10.965057,-10.197268,7.349751,0.005369,0.999357,-3.971776,10.965057,-10.197268,3.615307,,,,
6,92,92.000000,agent_3,actor_logits,1,1,4,10.963203,-10.197643,7.347333,0.005380,0.999356,-3.969201,10.963203,-10.197643,3.615870,,,,
6,92,92.000000,agent_4,actor_logits,1,1,4,10.963215,-10.197585,7.347372,0.005380,0.999356,-3.969249,10.963215,-10.197585,3.615843,,,,
6,92,92.000000,agent_5,actor_logits,1,1,4,10.963244,-10.197527,7.347388,0.005380,0.999356,-3.969336,10.963244,-10.197527,3.615857,,,,
6,94,94.000000,agent_0,actor_logits,1,1,4,7.920936,-12.965980,2.274570,0.316718,0.905961,0.971166,7.920936,-12.965980,5.646367,,,,
6,94,94.000000,agent_1,actor_logits,1,1,4,7.918431,-12.968390,2.273888,0.316903,0.905896,0.977863,7.918431,-12.968390,5.644543,,,,
6,94,94.000000,agent_2,actor_logits,1,1,4,7.920887,-12.966086,2.274593,0.316715,0.905963,0.971378,7.920887,-12.966086,5.646294,,,,
6,94,94.000000,agent_3,actor_logits,1,1,4,7.919973,-12.965723,2.273293,0.316972,0.905852,0.971904,7.919973,-12.965723,5.646680,,,,
6,94,94.000000,agent_4,actor_logits,1,1,4,7.919958,-12.965670,2.273282,0.316974,0.905851,0.971866,7.919958,-12.965670,5.646676,,,,
6,94,94.000000,agent_5,actor_logits,1,1,4,7.919979,-12.965594,2.273259,0.316978,0.905849,0.971737,7.919979,-12.965594,5.646719,,,,
6,96,96.000000,agent_0,actor_logits,1,1,4,9.199643,-11.512757,4.819226,0.046976,0.991962,-1.205378,9.199643,-11.512757,4.380417,,,,
6,96,96.000000,agent_1,actor_logits,1,1,4,9.198477,-11.516708,4.819331,0.046975,0.991962,-1.198789,9.198477,-11.516708,4.379146,,,,
6,96,96.000000,agent_2,actor_logits,1,1,4,9.199594,-11.512890,4.819230,0.046976,0.991962,-1.205141,9.199594,-11.512890,4.380364,,,,
6,96,96.000000,agent_3,actor_logits,1,1,4,9.199934,-11.513535,4.819053,0.046983,0.991960,-1.205173,9.199934,-11.513535,4.380881,,,,
6,96,96.000000,agent_4,actor_logits,1,1,4,9.199903,-11.513453,4.819047,0.046983,0.991960,-1.205209,9.199903,-11.513453,4.380856,,,,
6,96,96.000000,agent_5,actor_logits,1,1,4,9.199926,-11.513363,4.819043,0.046983,0.991960,-1.205356,9.199926,-11.513363,4.380884,,,,
6,98,98.000000,agent_0,actor_logits,0,1,3,5.255589,-11.316105,5.459306,0.027388,0.995761,5.255589,-11.316105,-0.203718,,,,,
6,98,98.000000,agent_1,actor_logits,0,1,3,5.257995,-11.319416,5.460264,0.027366,0.995765,5.257995,-11.319416,-0.202268,,,,,
6,98,98.000000,agent_2,actor_logits,0,1,3,5.255690,-11.316243,5.459349,0.027387,0.995762,5.255690,-11.316243,-0.203659,,,,,
6,98,98.000000,agent_3,actor_logits,0,1,3,5.255058,-11.316027,5.458537,0.027406,0.995758,5.255058,-11.316027,-0.203479,,,,,
6,98,98.000000,agent_4,actor_logits,0,1,3,5.255080,-11.315989,5.458595,0.027404,0.995758,5.255080,-11.315989,-0.203515,,,,,
6,98,98.000000,agent_5,actor_logits,0,1,3,5.255021,-11.315900,5.458576,0.027405,0.995758,5.255021,-11.315900,-0.203555,,,,,
6,100,100.000000,agent_0,actor_logits,0,1,3,5.370280,-12.630415,2.337685,0.298002,0.911950,5.370280,3.032595,-12.630415,,,,,
6,100,100.000000,agent_1,actor_logits,0,1,3,5.375010,-12.631234,2.343662,0.296882,0.912429,5.375010,3.031348,-12.631234,,,,,
6,100,100.000000,agent_2,actor_logits,0,1,3,5.370476,-12.630422,2.337966,0.297950,0.911973,5.370476,3.032511,-12.630422,,,,,
6,100,100.000000,agent_3,actor_logits,0,1,3,5.370166,-12.630630,2.337185,0.298096,0.911910,5.370166,3.032981,-12.630630,,,,,
6,100,100.000000,agent_4,actor_logits,0,1,3,5.370095,-12.630631,2.337080,0.298116,0.911902,5.370095,3.033015,-12.630631,,,,,
6,100,100.000000,agent_5,actor_logits,0,1,3,5.369961,-12.630630,2.336887,0.298152,0.911886,5.369961,3.033074,-12.630630,,,,,
6,102,102.000000,agent_0,actor_logits,0,1,2,6.128727,-21.400005,27.528732,0.000000,1.000000,6.128727,-21.400005,,,,,,
6,102,102.000000,agent_1,actor_logits,0,1,2,6.132149,-21.399069,27.531218,0.000000,1.000000,6.132149,-21.399069,,,,,,
6,102,102.000000,agent_2,actor_logits,0,1,2,6.128874,-21.399961,27.528835,0.000000,1.000000,6.128874,-21.399961,,,,,,
6,102,102.000000,agent_3,actor_logits,0,1,2,6.128455,-21.400135,27.528589,0.000000,1.000000,6.128455,-21.400135,,,,,,
6,102,102.000000,agent_4,actor_logits,0,1,2,6.128449,-21.400139,27.528587,0.000000,1.000000,6.128449,-21.400139,,,,,,
6,102,102.000000,agent_5,actor_logits,0,1,2,6.128356,-21.400167,27.528524,0.000000,1.000000,6.128356,-21.400167,,,,,,
6,104,104.000000,agent_0,actor_logits,1,1,3,4.602271,-14.399640,1.987510,0.367961,0.879479,-14.399640,4.602271,2.614761,,,,,
6,104,104.000000,agent_1,actor_logits,1,1,3,4.604829,-14.398645,1.992220,0.366969,0.879978,-14.398645,4.604829,2.612609,,,,,
6,104,104.000000,agent_2,actor_logits,1,1,3,4.602369,-14.399587,1.987689,0.367923,0.879498,-14.399587,4.602369,2.614680,,,,,
6,104,104.000000,agent_3,actor_logits,1,1,3,4.602471,-14.399974,1.987808,0.367898,0.879511,-14.399974,4.602471,2.614664,,,,,
6,104,104.000000,agent_4,actor_logits,1,1,3,4.602438,-14.399963,1.987753,0.367910,0.879505,-14.399963,4.602438,2.614685,,,,,
6,104,104.000000,agent_5,actor_logits,1,1,3,4.602376,-14.399999,1.987637,0.367934,0.879493,-14.399999,4.602376,2.614738,,,,,
6,106,106.000000,agent_0,actor_logits,2,1,3,10.497521,-8.960428,18.917656,0.000000,1.000000,-8.420134,-8.960428,10.497521,,,,,
6,106,106.000000,agent_1,actor_logits,2,1,3,10.496440,-8.959288,18.915905,0.000000,1.000000,-8.419466,-8.959288,10.496440,,,,,
6,106,106.000000,agent_2,actor_logits,2,1,3,10.497484,-8.960384,18.917587,0.000000,1.000000,-8.420103,-8.960384,10.497484,,,,,
6,106,106.000000,agent_3,actor_logits,2,1,3,10.497306,-8.960303,18.917437,0.000000,1.000000,-8.420131,-8.960303,10.497306,,,,,
6,106,106.000000,agent_4,actor_logits,2,1,3,10.497325,-8.960317,18.917461,0.000000,1.000000,-8.420135,-8.960317,10.497325,,,,,
6,106,106.000000,agent_5,actor_logits,2,1,3,10.497352,-8.960344,18.917507,0.000000,1.000000,-8.420155,-8.960344,10.497352,,,,,
6,108,108.000000,agent_0,actor_logits,2,1,4,4.152375,-9.332023,0.085551,0.740117,0.516321,-9.332023,4.066823,4.152375,0.176987,,,,
6,108,108.000000,agent_1,actor_logits,2,1,4,4.151050,-9.333305,0.082180,0.740216,0.515484,-9.333305,4.068870,4.151050,0.178051,,,,
6,108,108.000000,agent_2,actor_logits,2,1,4,4.152326,-9.332072,0.085424,0.740121,0.516289,-9.332072,4.066902,4.152326,0.177028,,,,
6,108,108.000000,agent_3,actor_logits,2,1,4,4.152227,-9.332047,0.085268,0.740125,0.516251,-9.332047,4.066959,4.152227,0.177009,,,,
6,108,108.000000,agent_4,actor_logits,2,1,4,4.152252,-9.332014,0.085330,0.740122,0.516266,-9.332014,4.066922,4.152252,0.176982,,,,
6,108,108.000000,agent_5,actor_logits,2,1,4,4.152286,-9.331977,0.085417,0.740120,0.516288,-9.331977,4.066869,4.152286,0.176952,,,,
6,110,110.000000,agent_0,actor_logits,3,1,4,2.245986,-3.880136,0.118109,0.855944,0.504101,2.127876,-3.880136,-0.129771,2.245986,,,,
6,110,110.000000,agent_1,actor_logits,3,1,4,2.246578,-3.879001,0.119450,0.855857,0.504432,2.127128,-3.879001,-0.130359,2.246578,,,,
6,110,110.000000,agent_2,actor_logits,3,1,4,2.246010,-3.880092,0.118162,0.855940,0.504114,2.127848,-3.880092,-0.129795,2.246010,,,,
6,110,110.000000,agent_3,actor_logits,3,1,4,2.245951,-3.880030,0.118155,0.855948,0.504111,2.127796,-3.880030,-0.129788,2.245951,,,,
6,110,110.000000,agent_4,actor_logits,3,1,4,2.245932,-3.880054,0.118102,0.855949,0.504099,2.127830,-3.880054,-0.129784,2.245932,,,,
6,110,110.000000,agent_5,actor_logits,3,1,4,2.245913,-3.880084,0.118060,0.855951,0.504088,2.127853,-3.880084,-0.129770,2.245913,,,,
6,112,112.000000,agent_0,actor_logits,0,1,4,10.259526,-5.900224,9.235899,0.001003,0.999902,10.259526,-4.950625,-5.900224,1.023627,,,,
6,112,112.000000,agent_1,actor_logits,0,1,4,10.259245,-5.900370,9.235389,0.001004,0.999902,10.259245,-4.950379,-5.900370,1.023856,,,,
6,112,112.000000,agent_2,actor_logits,0,1,4,10.259518,-5.900229,9.235880,0.001003,0.999902,10.259518,-4.950617,-5.900229,1.023638,,,,
6,112,112.000000,agent_3,actor_logits,0,1,4,10.259476,-5.900261,9.235923,0.001003,0.999902,10.259476,-4.950519,-5.900261,1.023553,,,,
6,112,112.000000,agent_4,actor_logits,0,1,4,10.259503,-5.900267,9.235962,0.001003,0.999902,10.259503,-4.950526,-5.900267,1.023541,,,,
6,112,112.000000,agent_5,actor_logits,0,1,4,10.259516,-5.900267,9.235985,0.001003,0.999902,10.259516,-4.950531,-5.900267,1.023531,,,,
6,114,114.000000,agent_0,actor_logits,2,1,4,5.513364,-7.220828,5.822713,0.025872,0.996359,-0.309349,-1.762618,5.513364,-7.220828,,,,
6,114,114.000000,agent_1,actor_logits,2,1,4,5.513422,-7.220541,5.823042,0.025866,0.996360,-0.309620,-1.762600,5.513422,-7.220541,,,,
6,114,114.000000,agent_2,actor_logits,2,1,4,5.513367,-7.220813,5.822727,0.025871,0.996359,-0.309360,-1.762619,5.513367,-7.220813,,,,
6,114,114.000000,agent_3,actor_logits,2,1,4,5.513320,-7.220911,5.822686,0.025873,0.996359,-0.309365,-1.762516,5.513320,-7.220911,,,,
6,114,114.000000,agent_4,actor_logits,2,1,4,5.513313,-7.220918,5.822660,0.025873,0.996359,-0.309348,-1.762519,5.513313,-7.220918,,,,
6,114,114.000000,agent_5,actor_logits,2,1,4,5.513310,-7.220930,5.822648,0.025873,0.996358,-0.309337,-1.762518,5.513310,-7.220930,,,,
6,116,116.000000,agent_0,actor_logits,0,1,4,16.335466,-17.000891,15.161385,0.000005,1.000000,16.335466,-17.000891,-0.174778,1.174082,,,,
6,116,116.000000,agent_1,actor_logits,0,1,4,16.335121,-17.001013,15.160883,0.000005,1.000000,16.335121,-17.001013,-0.174489,1.174238,,,,
6,116,116.000000,agent_2,actor_logits,0,1,4,16.335451,-17.000898,15.161362,0.000005,1.000000,16.335451,-17.000898,-0.174764,1.174090,,,,
6,116,116.000000,agent_3,actor_logits,0,1,4,16.335455,-17.000826,15.161434,0.000005,1.000000,16.335455,-17.000826,-0.174818,1.174021,,,,
6,116,116.000000,agent_4,actor_logits,0,1,4,16.335459,-17.000826,15.161442,0.000005,1.000000,16.335459,-17.000826,-0.174820,1.174017,,,,
6,116,116.000000,agent_5,actor_logits,0,1,4,16.335470,-17.000822,15.161460,0.000005,1.000000,16.335470,-17.000822,-0.174828,1.174011,,,,
6,118,118.000000,agent_0,actor_logits,1,1,3,5.624936,-8.231061,7.885709,0.003355,0.999623,-2.260772,5.624936,-8.231061,,,,,
6,118,118.000000,agent_1,actor_logits,1,1,3,5.624968,-8.230735,7.886177,0.003353,0.999623,-2.261209,5.624968,-8.230735,,,,,
6,118,118.000000,agent_2,actor_logits,1,1,3,5.624934,-8.231046,7.885722,0.003355,0.999623,-2.260788,5.624934,-8.231046,,,,,
6,118,118.000000,agent_3,actor_logits,1,1,3,5.625100,-8.231148,7.885934,0.003354,0.999623,-2.260834,5.625100,-8.231148,,,,,
6,118,118.000000,agent_4,actor_logits,1,1,3,5.625096,-8.231158,7.885912,0.003354,0.999623,-2.260816,5.625096,-8.231158,,,,,
6,118,118.000000,agent_5,actor_logits,1,1,3,5.625098,-8.231170,7.885901,0.003354,0.999623,-2.260804,5.625098,-8.231170,,,,,
6,120,120.000000,agent_0,actor_logits,2,1,3,5.702315,-9.497911,7.952602,0.003152,0.999648,-2.250287,-9.497911,5.702315,,,,,
6,120,120.000000,agent_1,actor_logits,2,1,3,5.702625,-9.498045,7.953332,0.003150,0.999648,-2.250708,-9.498045,5.702625,,,,,
6,120,120.000000,agent_2,actor_logits,2,1,3,5.702330,-9.497920,7.952633,0.003152,0.999648,-2.250303,-9.497920,5.702330,,,,,
6,120,120.000000,agent_3,actor_logits,2,1,3,5.702258,-9.497822,7.952583,0.003152,0.999648,-2.250325,-9.497822,5.702258,,,,,
6,120,120.000000,agent_4,actor_logits,2,1,3,5.702253,-9.497828,7.952565,0.003152,0.999648,-2.250312,-9.497828,5.702253,,,,,
6,120,120.000000,agent_5,actor_logits,2,1,3,5.702243,-9.497822,7.952543,0.003152,0.999648,-2.250301,-9.497822,5.702243,,,,,
6,122,122.000000,agent_0,actor_logits,0,1,4,4.842806,-3.787393,2.329234,0.303498,0.910879,4.842806,-3.787393,-3.297015,2.513572,,,,
6,122,122.000000,agent_1,actor_logits,0,1,4,4.842707,-3.787847,2.328894,0.303562,0.910851,4.842707,-3.787847,-3.296608,2.513813,,,,
6,122,122.000000,agent_2,actor_logits,0,1,4,4.842803,-3.787411,2.329219,0.303501,0.910878,4.842803,-3.787411,-3.296999,2.513583,,,,
6,122,122.000000,agent_3,actor_logits,0,1,4,4.842781,-3.787337,2.329259,0.303493,0.910881,4.842781,-3.787337,-3.297018,2.513521,,,,
6,122,122.000000,agent_4,actor_logits,0,1,4,4.842776,-3.787328,2.329253,0.303494,0.910881,4.842776,-3.787328,-3.297021,2.513522,,,,
6,122,122.000000,agent_5,actor_logits,0,1,4,4.842777,-3.787313,2.329262,0.303493,0.910881,4.842777,-3.787313,-3.297033,2.513515,,,,
6,124,124.000000,agent_0,actor_logits,0,1,3,4.249339,-5.730965,6.738747,0.009661,0.998771,4.249339,-5.730965,-2.489408,,,,,
6,124,124.000000,agent_1,actor_logits,0,1,3,4.249143,-5.731155,6.738238,0.009665,0.998771,4.249143,-5.731155,-2.489095,,,,,
6,124,124.000000,agent_2,actor_logits,0,1,3,4.249331,-5.730974,6.738725,0.009661,0.998771,4.249331,-5.730974,-2.489394,,,,,
6,124,124.000000,agent_3,actor_logits,0,1,3,4.249342,-5.730919,6.738796,0.009661,0.998771,4.249342,-5.730919,-2.489454,,,,,
6,124,124.000000,agent_4,actor_logits,0,1,3,4.249344,-5.730917,6.738801,0.009661,0.998771,4.249344,-5.730917,-2.489457,,,,,
6,124,124.000000,agent_5,actor_logits,0,1,3,4.249350,-5.730911,6.738816,0.009660,0.998771,4.249350,-5.730911,-2.489466,,,,,
6,126,126.000000,agent_0,actor_logits,0,1,3,14.911104,-15.955873,15.281933,0.000004,1.000000,14.911104,-15.955873,-0.370829,,,,,
6,126,126.000000,agent_1,actor_logits,0,1,3,14.910893,-15.955996,15.281529,0.000004,1.000000,14.910893,-15.955996,-0.370636,,,,,
6,126,126.000000,agent_2,actor_logits,0,1,3,14.911094,-15.955875,15.281915,0.000004,1.000000,14.911094,-15.955875,-0.370821,,,,,
6,126,126.000000,agent_3,actor_logits,0,1,3,14.911160,-15.955927,15.281982,0.000004,1.000000,14.911160,-15.955927,-0.370823,,,,,
6,126,126.000000,agent_4,actor_logits,0,1,3,14.911160,-15.955923,15.281985,0.000004,1.000000,14.911160,-15.955923,-0.370825,,,,,
6,126,126.000000,agent_5,actor_logits,0,1,3,14.911165,-15.955919,15.281997,0.000004,1.000000,14.911165,-15.955919,-0.370831,,,,,
6,128,128.000000,agent_0,actor_logits,0,1,3,13.685724,-10.900559,20.397156,0.000000,1.000000,13.685724,-6.711432,-10.900559,,,,,
6,128,128.000000,agent_1,actor_logits,0,1,3,13.685709,-10.900413,20.397375,0.000000,1.000000,13.685709,-6.711667,-10.900413,,,,,
6,128,128.000000,agent_2,actor_logits,0,1,3,13.685722,-10.900554,20.397165,0.000000,1.000000,13.685722,-6.711442,-10.900554,,,,,
6,128,128.000000,agent_3,actor_logits,0,1,3,13.685715,-10.900578,20.397146,0.000000,1.000000,13.685715,-6.711432,-10.900578,,,,,
6,128,128.000000,agent_4,actor_logits,0,1,3,13.685715,-10.900577,20.397144,0.000000,1.000000,13.685715,-6.711429,-10.900577,,,,,
6,128,128.000000,agent_5,actor_logits,0,1,3,13.685715,-10.900581,20.397137,0.000000,1.000000,13.685715,-6.711422,-10.900581,,,,,
6,130,130.000000,agent_0,actor_logits,0,1,3,9.336647,-13.644326,8.635873,0.001711,0.999822,9.336647,-13.644326,0.700775,,,,,
6,130,130.000000,agent_1,actor_logits,0,1,3,9.336535,-13.644363,8.635704,0.001711,0.999822,9.336535,-13.644363,0.700831,,,,,
6,130,130.000000,agent_2,actor_logits,0,1,3,9.336643,-13.644328,8.635866,0.001711,0.999822,9.336643,-13.644328,0.700777,,,,,
6,130,130.000000,agent_3,actor_logits,0,1,3,9.336643,-13.644327,8.635875,0.001711,0.999822,9.336643,-13.644327,0.700768,,,,,
6,130,130.000000,agent_4,actor_logits,0,1,3,9.336643,-13.644326,8.635875,0.001711,0.999822,9.336643,-13.644326,0.700769,,,,,
6,130,130.000000,agent_5,actor_logits,0,1,3,9.336645,-13.644325,8.635879,0.001711,0.999822,9.336645,-13.644325,0.700767,,,,,
6,132,132.000000,agent_0,actor_logits,2,1,3,6.852693,-14.742190,1.200217,0.541006,0.768563,5.652476,-14.742190,6.852693,,,,,
6,132,132.000000,agent_1,actor_logits,2,1,3,6.852762,-14.742124,1.200355,0.540977,0.768588,5.652407,-14.742124,6.852762,,,,,
6,132,132.000000,agent_2,actor_logits,2,1,3,6.852696,-14.742188,1.200223,0.541005,0.768565,5.652473,-14.742188,6.852696,,,,,
6,132,132.000000,agent_3,actor_logits,2,1,3,6.852692,-14.742193,1.200222,0.541005,0.768564,5.652470,-14.742193,6.852692,,,,,
6,132,132.000000,agent_4,actor_logits,2,1,3,6.852692,-14.742193,1.200221,0.541006,0.768564,5.652471,-14.742193,6.852692,,,,,
6,132,132.000000,agent_5,actor_logits,2,1,3,6.852690,-14.742196,1.200218,0.541006,0.768564,5.652472,-14.742196,6.852690,,,,,
6,134,134.000000,agent_0,actor_logits,1,1,4,6.485471,-8.681793,3.011649,0.193064,0.952677,-8.681793,6.485471,-1.191216,3.473822,,,,
6,134,134.000000,agent_1,actor_logits,1,1,4,6.485373,-8.681713,3.011571,0.193075,0.952673,-8.681713,6.485373,-1.191162,3.473803,,,,
6,134,134.000000,agent_2,actor_logits,1,1,4,6.485467,-8.681789,3.011648,0.193065,0.952676,-8.681789,6.485467,-1.191214,3.473820,,,,
6,134,134.000000,agent_3,actor_logits,1,1,4,6.485465,-8.681805,3.011618,0.193069,0.952675,-8.681805,6.485465,-1.191211,3.473847,,,,
6,134,134.000000,agent_4,actor_logits,1,1,4,6.485466,-8.681806,3.011620,0.193068,0.952675,-8.681806,6.485466,-1.191211,3.473846,,,,
6,134,134.000000,agent_5,actor_logits,1,1,4,6.485468,-8.681808,3.011622,0.193068,0.952675,-8.681808,6.485468,-1.191213,3.473847,,,,
6,136,136.000000,agent_0,actor_logits,1,1,3,2.048435,-4.490795,6.453820,0.022571,0.996989,-4.405385,2.048435,-4.490795,,,,,
6,136,136.000000,agent_1,actor_logits,1,1,3,2.048380,-4.490758,6.453724,0.022573,0.996989,-4.405344,2.048380,-4.490758,,,,,
6,136,136.000000,agent_2,actor_logits,1,1,3,2.048432,-4.490793,6.453814,0.022571,0.996989,-4.405382,2.048432,-4.490793,,,,,
6,136,136.000000,agent_3,actor_logits,1,1,3,2.048437,-4.490797,6.453825,0.022571,0.996989,-4.405388,2.048437,-4.490797,,,,,
6,136,136.000000,agent_4,actor_logits,1,1,3,2.048438,-4.490798,6.453827,0.022571,0.996989,-4.405389,2.048438,-4.490798,,,,,
6,136,136.000000,agent_5,actor_logits,1,1,3,2.048439,-4.490798,6.453828,0.022571,0.996989,-4.405389,2.048439,-4.490798,,,,,
6,138,138.000000,agent_0,actor_logits,0,1,4,5.308382,-8.042942,3.114764,0.213784,0.951297,5.308382,-8.042942,0.318421,2.193617,,,,
6,138,138.000000,agent_1,actor_logits,0,1,4,5.308444,-8.042993,3.114805,0.213776,0.951299,5.308444,-8.042993,0.318410,2.193638,,,,
6,138,138.000000,agent_2,actor_logits,0,1,4,5.308384,-8.042943,3.114766,0.213784,0.951297,5.308384,-8.042943,0.318419,2.193619,,,,
6,138,138.000000,agent_3,actor_logits,0,1,4,5.308381,-8.042952,3.114756,0.213785,0.951297,5.308381,-8.042952,0.318426,2.193625,,,,
6,138,138.000000,agent_4,actor_logits,0,1,4,5.308382,-8.042951,3.114757,0.213785,0.951297,5.308382,-8.042951,0.318425,2.193624,,,,
6,138,138.000000,agent_5,actor_logits,0,1,4,5.308378,-8.042950,3.114753,0.213786,0.951296,5.308378,-8.042950,0.318426,2.193625,,,,
6,140,140.000000,agent_0,actor_logits,0,1,3,14.842919,-14.437695,20.599003,0.000000,1.000000,14.842919,-5.756083,-14.437695,,,,,
6,140,140.000000,agent_1,actor_logits,0,1,3,14.842907,-14.437671,20.599007,0.000000,1.000000,14.842907,-5.756100,-14.437671,,,,,
6,140,140.000000,agent_2,actor_logits,0,1,3,14.842919,-14.437693,20.599003,0.000000,1.000000,14.842919,-5.756084,-14.437693,,,,,
6,140,140.000000,agent_3,actor_logits,0,1,3,14.842919,-14.437690,20.599009,0.000000,1.000000,14.842919,-5.756089,-14.437690,,,,,
6,140,140.000000,agent_4,actor_logits,0,1,3,14.842920,-14.437690,20.599010,0.000000,1.000000,14.842920,-5.756090,-14.437690,,,,,
6,140,140.000000,agent_5,actor_logits,0,1,3,14.842920,-14.437690,20.599009,0.000000,1.000000,14.842920,-5.756089,-14.437690,,,,,
6,142,142.000000,agent_0,actor_logits,0,1,2,-6.892826,-7.530344,0.637518,0.644813,0.654192,-6.892826,-7.530344,,,,,,
6,142,142.000000,agent_1,actor_logits,0,1,2,-6.892830,-7.530361,0.637531,0.644811,0.654195,-6.892830,-7.530361,,,,,,
6,142,142.000000,agent_2,actor_logits,0,1,2,-6.892826,-7.530345,0.637520,0.644813,0.654193,-6.892826,-7.530345,,,,,,
6,142,142.000000,agent_3,actor_logits,0,1,2,-6.892825,-7.530350,0.637525,0.644812,0.654194,-6.892825,-7.530350,,,,,,
6,142,142.000000,agent_4,actor_logits,0,1,2,-6.892825,-7.530350,0.637526,0.644812,0.654194,-6.892825,-7.530350,,,,,,
6,142,142.000000,agent_5,actor_logits,0,1,2,-6.892826,-7.530349,0.637524,0.644812,0.654194,-6.892826,-7.530349,,,,,,
6,144,144.000000,agent_0,actor_logits,1,1,3,-0.208412,-4.699139,3.060140,0.239643,0.945096,-3.268553,-0.208412,-4.699139,,,,,
6,144,144.000000,agent_1,actor_logits,1,1,3,-0.208402,-4.699112,3.060176,0.239639,0.945097,-3.268578,-0.208402,-4.699112,,,,,
6,144,144.000000,agent_2,actor_logits,1,1,3,-0.208413,-4.699137,3.060140,0.239643,0.945096,-3.268553,-0.208413,-4.699137,,,,,
6,144,144.000000,agent_3,actor_logits,1,1,3,-0.208400,-4.699126,3.060174,0.239638,0.945097,-3.268574,-0.208400,-4.699126,,,,,
6,144,144.000000,agent_4,actor_logits,1,1,3,-0.208401,-4.699127,3.060169,0.239639,0.945097,-3.268571,-0.208401,-4.699127,,,,,
6,144,144.000000,agent_5,actor_logits,1,1,3,-0.208401,-4.699127,3.060171,0.239639,0.945097,-3.268572,-0.208401,-4.699127,,,,,
6,146,146.000000,agent_0,actor_logits,2,1,3,8.036204,-21.138418,3.860564,0.100450,0.979378,-21.138418,4.175640,8.036204,,,,,
6,146,146.000000,agent_1,actor_logits,2,1,3,8.036231,-21.138433,3.860594,0.100447,0.979379,-21.138433,4.175637,8.036231,,,,,
6,146,146.000000,agent_2,actor_logits,2,1,3,8.036206,-21.138418,3.860567,0.100449,0.979378,-21.138418,4.175640,8.036206,,,,,
6,146,146.000000,agent_3,actor_logits,2,1,3,8.036219,-21.138432,3.860580,0.100448,0.979378,-21.138432,4.175639,8.036219,,,,,
6,146,146.000000,agent_4,actor_logits,2,1,3,8.036216,-21.138430,3.860577,0.100449,0.979378,-21.138430,4.175639,8.036216,,,,,
6,146,146.000000,agent_5,actor_logits,2,1,3,8.036216,-21.138430,3.860577,0.100449,0.979378,-21.138430,4.175639,8.036216,,,,,
6,148,148.000000,agent_0,actor_logits,3,1,4,8.923635,-12.404362,4.585525,0.062147,0.989217,-12.404362,4.338109,1.662560,8.923635,,,,
6,148,148.000000,agent_1,actor_logits,3,1,4,8.923623,-12.404329,4.585560,0.062146,0.989217,-12.404329,4.338063,1.662584,8.923623,,,,
6,148,148.000000,agent_2,actor_logits,3,1,4,8.923635,-12.404361,4.585527,0.062147,0.989217,-12.404361,4.338108,1.662561,8.923635,,,,
6,148,148.000000,agent_3,actor_logits,3,1,4,8.923631,-12.404351,4.585542,0.062147,0.989217,-12.404351,4.338089,1.662573,8.923631,,,,
6,148,148.000000,agent_4,actor_logits,3,1,4,8.923630,-12.404352,4.585537,0.062147,0.989217,-12.404352,4.338092,1.662571,8.923630,,,,
6,148,148.000000,agent_5,actor_logits,3,1,4,8.923631,-12.404352,4.585539,0.062147,0.989217,-12.404352,4.338092,1.662571,8.923631,,,,
6,150,150.000000,agent_0,actor_logits,3,1,4,6.130095,-8.501975,1.736598,0.445380,0.847066,0.710039,4.393497,-8.501975,6.130095,,,,
6,150,150.000000,agent_1,actor_logits,3,1,4,6.130089,-8.501947,1.736651,0.445369,0.847072,0.710079,4.393437,-8.501947,6.130089,,,,
6,150,150.000000,agent_2,actor_logits,3,1,4,6.130095,-8.501975,1.736599,0.445379,0.847066,0.710040,4.393496,-8.501975,6.130095,,,,
6,150,150.000000,agent_3,actor_logits,3,1,4,6.130090,-8.501966,1.736618,0.445376,0.847068,0.710057,4.393472,-8.501966,6.130090,,,,
6,150,150.000000,agent_4,actor_logits,3,1,4,6.130090,-8.501968,1.736613,0.445377,0.847068,0.710055,4.393477,-8.501968,6.130090,,,,
6,150,150.000000,agent_5,actor_logits,3,1,4,6.130091,-8.501967,1.736614,0.445376,0.847068,0.710055,4.393476,-8.501967,6.130091,,,,
6,152,152.000000,agent_0,actor_logits,1,1,4,5.246722,-4.488686,2.477709,0.275119,0.922303,-3.056292,5.246722,-4.488686,2.769014,,,,
6,152,152.000000,agent_1,actor_logits,1,1,4,5.246691,-4.488658,2.477682,0.275124,0.922301,-3.056278,5.246691,-4.488658,2.769009,,,,
6,152,152.000000,agent_2,actor_logits,1,1,4,5.246722,-4.488685,2.477708,0.275119,0.922303,-3.056292,5.246722,-4.488685,2.769013,,,,
6,152,152.000000,agent_3,actor_logits,1,1,4,5.246708,-4.488673,2.477697,0.275121,0.922302,-3.056285,5.246708,-4.488673,2.769011,,,,
6,152,152.000000,agent_4,actor_logits,1,1,4,5.246710,-4.488676,2.477698,0.275121,0.922302,-3.056287,5.246710,-4.488676,2.769012,,,,
6,152,152.000000,agent_5,actor_logits,1,1,4,5.246710,-4.488675,2.477699,0.275120,0.922303,-3.056286,5.246710,-4.488675,2.769011,,,,
6,154,154.000000,agent_0,actor_logits,1,1,4,7.337011,-11.344431,3.595706,0.128872,0.972601,3.741305,7.337011,-11.344431,0.113563,,,,
6,154,154.000000,agent_1,actor_logits,1,1,4,7.336977,-11.344411,3.595661,0.128877,0.972600,3.741316,7.336977,-11.344411,0.113574,,,,
6,154,154.000000,agent_2,actor_logits,1,1,4,7.337009,-11.344431,3.595704,0.128872,0.972601,3.741305,7.337009,-11.344431,0.113563,,,,
6,154,154.000000,agent_3,actor_logits,1,1,4,7.336994,-11.344420,3.595683,0.128875,0.972601,3.741311,7.336994,-11.344420,0.113567,,,,
6,154,154.000000,agent_4,actor_logits,1,1,4,7.336998,-11.344424,3.595687,0.128874,0.972601,3.741311,7.336998,-11.344424,0.113565,,,,
6,154,154.000000,agent_5,actor_logits,1,1,4,7.336996,-11.344423,3.595685,0.128874,0.972601,3.741311,7.336996,-11.344423,0.113566,,,,
6,156,156.000000,agent_0,actor_logits,0,1,3,9.459590,-10.460035,11.936921,0.000085,0.999993,9.459590,-10.460035,-2.477331,,,,,
6,156,156.000000,agent_1,actor_logits,0,1,3,9.459575,-10.460022,11.936902,0.000085,0.999993,9.459575,-10.460022,-2.477328,,,,,
6,156,156.000000,agent_2,actor_logits,0,1,3,9.459589,-10.460033,11.936921,0.000085,0.999993,9.459589,-10.460033,-2.477332,,,,,
6,156,156.000000,agent_3,actor_logits,0,1,3,9.459581,-10.460028,11.936910,0.000085,0.999993,9.459581,-10.460028,-2.477328,,,,,
6,156,156.000000,agent_4,actor_logits,0,1,3,9.459583,-10.460030,11.936913,0.000085,0.999993,9.459583,-10.460030,-2.477329,,,,,
6,156,156.000000,agent_5,actor_logits,0,1,3,9.459584,-10.460030,11.936913,0.000085,0.999993,9.459584,-10.460030,-2.477328,,,,,
6,158,158.000000,agent_0,actor_logits,1,1,3,7.191523,-7.360314,12.406977,0.000062,0.999995,-7.360314,7.191523,-5.215455,,,,,
6,158,158.000000,agent_1,actor_logits,1,1,3,7.191525,-7.360301,12.406984,0.000062,0.999995,-7.360301,7.191525,-5.215459,,,,,
6,158,158.000000,agent_2,actor_logits,1,1,3,7.191523,-7.360315,12.406977,0.000062,0.999995,-7.360315,7.191523,-5.215454,,,,,
6,158,158.000000,agent_3,actor_logits,1,1,3,7.191524,-7.360309,12.406979,0.000062,0.999995,-7.360309,7.191524,-5.215455,,,,,
6,158,158.000000,agent_4,actor_logits,1,1,3,7.191524,-7.360309,12.406980,0.000062,0.999995,-7.360309,7.191524,-5.215456,,,,,
6,158,158.000000,agent_5,actor_logits,1,1,3,7.191524,-7.360309,12.406979,0.000062,0.999995,-7.360309,7.191524,-5.215455,,,,,
6,160,160.000000,agent_0,actor_logits,0,1,4,6.544278,-12.988231,2.408237,0.370046,0.900919,6.544278,2.632425,-12.988231,4.136042,,,,
6,160,160.000000,agent_1,actor_logits,0,1,4,6.544292,-12.988238,2.408254,0.370042,0.900921,6.544292,2.632421,-12.988238,4.136038,,,,
6,160,160.000000,agent_2,actor_logits,0,1,4,6.544277,-12.988231,2.408235,0.370047,0.900919,6.544277,2.632426,-12.988231,4.136042,,,,
6,160,160.000000,agent_3,actor_logits,0,1,4,6.544283,-12.988235,2.408244,0.370045,0.900920,6.544283,2.632425,-12.988235,4.136040,,,,
6,160,160.000000,agent_4,actor_logits,0,1,4,6.544283,-12.988235,2.408243,0.370045,0.900920,6.544283,2.632425,-12.988235,4.136040,,,,
6,160,160.000000,agent_5,actor_logits,0,1,4,6.544283,-12.988235,2.408243,0.370045,0.900920,6.544283,2.632425,-12.988235,4.136041,,,,
6,162,162.000000,agent_0,actor_logits,3,1,4,6.731666,-9.960656,2.134702,0.344370,0.893441,-9.960656,4.596964,-0.188267,6.731666,,,,
6,162,162.000000,agent_1,actor_logits,3,1,4,6.731663,-9.960650,2.134698,0.344371,0.893441,-9.960650,4.596965,-0.188271,6.731663,,,,
6,162,162.000000,agent_2,actor_logits,3,1,4,6.731667,-9.960656,2.134702,0.344370,0.893441,-9.960656,4.596964,-0.188267,6.731667,,,,
6,162,162.000000,agent_3,actor_logits,3,1,4,6.731665,-9.960653,2.134699,0.344371,0.893441,-9.960653,4.596966,-0.188271,6.731665,,,,
6,162,162.000000,agent_4,actor_logits,3,1,4,6.731665,-9.960653,2.134699,0.344371,0.893441,-9.960653,4.596966,-0.188271,6.731665,,,,
6,162,162.000000,agent_5,actor_logits,3,1,4,6.731666,-9.960654,2.134699,0.344371,0.893441,-9.960654,4.596966,-0.188270,6.731666,,,,
6,164,164.000000,agent_0,actor_logits,1,1,4,7.381871,-9.550187,3.844706,0.103874,0.978825,-0.949645,7.381871,-9.550187,3.537166,,,,
6,164,164.000000,agent_1,actor_logits,1,1,4,7.381869,-9.550189,3.844706,0.103874,0.978825,-0.949640,7.381869,-9.550189,3.537163,,,,
6,164,164.000000,agent_2,actor_logits,1,1,4,7.381871,-9.550187,3.844705,0.103874,0.978825,-0.949646,7.381871,-9.550187,3.537165,,,,
6,164,164.000000,agent_3,actor_logits,1,1,4,7.381872,-9.550189,3.844707,0.103874,0.978825,-0.949644,7.381872,-9.550189,3.537165,,,,
6,164,164.000000,agent_4,actor_logits,1,1,4,7.381873,-9.550189,3.844708,0.103874,0.978825,-0.949645,7.381873,-9.550189,3.537165,,,,
6,164,164.000000,agent_5,actor_logits,1,1,4,7.381872,-9.550189,3.844707,0.103874,0.978825,-0.949645,7.381872,-9.550189,3.537166,,,,
6,166,166.000000,agent_0,actor_logits,0,1,3,10.722959,-12.381875,12.167830,0.000068,0.999995,10.722959,-12.381875,-1.444872,,,,,
6,166,166.000000,agent_1,actor_logits,0,1,3,10.722960,-12.381872,12.167833,0.000068,0.999995,10.722960,-12.381872,-1.444872,,,,,
6,166,166.000000,agent_2,actor_logits,0,1,3,10.722959,-12.381874,12.167830,0.000068,0.999995,10.722959,-12.381874,-1.444872,,,,,
6,166,166.000000,agent_3,actor_logits,0,1,3,10.722958,-12.381873,12.167830,0.000068,0.999995,10.722958,-12.381873,-1.444872,,,,,
6,166,166.000000,agent_4,actor_logits,0,1,3,10.722960,-12.381874,12.167832,0.000068,0.999995,10.722960,-12.381874,-1.444872,,,,,
6,166,166.000000,agent_5,actor_logits,0,1,3,10.722958,-12.381874,12.167830,0.000068,0.999995,10.722958,-12.381874,-1.444872,,,,,
6,168,168.000000,agent_0,actor_logits,0,1,3,17.654444,-14.515000,21.767277,0.000000,1.000000,17.654444,-4.112833,-14.515000,,,,,
6,168,168.000000,agent_1,actor_logits,0,1,3,17.654444,-14.514998,21.767275,0.000000,1.000000,17.654444,-4.112831,-14.514998,,,,,
6,168,168.000000,agent_2,actor_logits,0,1,3,17.654444,-14.515000,21.767277,0.000000,1.000000,17.654444,-4.112832,-14.515000,,,,,
6,168,168.000000,agent_3,actor_logits,0,1,3,17.654444,-14.515000,21.767275,0.000000,1.000000,17.654444,-4.112831,-14.515000,,,,,
6,168,168.000000,agent_4,actor_logits,0,1,3,17.654444,-14.515000,21.767275,0.000000,1.000000,17.654444,-4.112832,-14.515000,,,,,
6,168,168.000000,agent_5,actor_logits,0,1,3,17.654444,-14.514998,21.767275,0.000000,1.000000,17.654444,-4.112831,-14.514998,,,,,
6,170,170.000000,agent_0,actor_logits,0,1,2,-3.061288,-6.642169,3.580881,0.124500,0.972904,-3.061288,-6.642169,,,,,,
6,170,170.000000,agent_1,actor_logits,0,1,2,-3.061289,-6.642169,3.580880,0.124500,0.972903,-3.061289,-6.642169,,,,,,
6,170,170.000000,agent_2,actor_logits,0,1,2,-3.061289,-6.642169,3.580881,0.124500,0.972904,-3.061289,-6.642169,,,,,,
6,170,170.000000,agent_3,actor_logits,0,1,2,-3.061290,-6.642170,3.580880,0.124500,0.972903,-3.061290,-6.642170,,,,,,
6,170,170.000000,agent_4,actor_logits,0,1,2,-3.061290,-6.642170,3.580880,0.124500,0.972903,-3.061290,-6.642170,,,,,,
6,170,170.000000,agent_5,actor_logits,0,1,2,-3.061290,-6.642170,3.580881,0.124500,0.972904,-3.061290,-6.642170,,,,,,
6,172,172.000000,agent_0,actor_logits,0,1,3,5.385826,-10.098872,6.800233,0.008680,0.998887,5.385826,-1.414408,-10.098872,,,,,
6,172,172.000000,agent_1,actor_logits,0,1,3,5.385825,-10.098871,6.800233,0.008680,0.998887,5.385825,-1.414408,-10.098871,,,,,
6,172,172.000000,agent_2,actor_logits,0,1,3,5.385826,-10.098872,6.800232,0.008680,0.998887,5.385826,-1.414407,-10.098872,,,,,
6,172,172.000000,agent_3,actor_logits,0,1,3,5.385825,-10.098871,6.800233,0.008680,0.998887,5.385825,-1.414408,-10.098871,,,,,
6,172,172.000000,agent_4,actor_logits,0,1,3,5.385825,-10.098872,6.800233,0.008680,0.998887,5.385825,-1.414408,-10.098872,,,,,
6,172,172.000000,agent_5,actor_logits,0,1,3,5.385826,-10.098872,6.800233,0.008680,0.998887,5.385826,-1.414408,-10.098872,,,,,
6,174,174.000000,agent_0,actor_logits,1,1,2,-3.805362,-11.966633,8.161271,0.002615,0.999715,-11.966633,-3.805362,,,,,,
6,174,174.000000,agent_1,actor_logits,1,1,2,-3.805362,-11.966633,8.161271,0.002615,0.999715,-11.966633,-3.805362,,,,,,
6,174,174.000000,agent_2,actor_logits,1,1,2,-3.805361,-11.966633,8.161272,0.002615,0.999715,-11.966633,-3.805361,,,,,,
6,174,174.000000,agent_3,actor_logits,1,1,2,-3.805363,-11.966633,8.161270,0.002615,0.999715,-11.966633,-3.805363,,,,,,
6,174,174.000000,agent_4,actor_logits,1,1,2,-3.805362,-11.966633,8.161271,0.002615,0.999715,-11.966633,-3.805362,,,,,,
6,174,174.000000,agent_5,actor_logits,1,1,2,-3.805362,-11.966633,8.161271,0.002615,0.999715,-11.966633,-3.805362,,,,,,
6,176,176.000000,agent_0,actor_logits,2,1,3,3.809264,-12.844238,2.888192,0.206507,0.947260,-12.844238,0.921073,3.809264,,,,,
6,176,176.000000,agent_1,actor_logits,2,1,3,3.809266,-12.844236,2.888195,0.206507,0.947260,-12.844236,0.921071,3.809266,,,,,
6,176,176.000000,agent_2,actor_logits,2,1,3,3.809264,-12.844238,2.888191,0.206508,0.947259,-12.844238,0.921073,3.809264,,,,,
6,176,176.000000,agent_3,actor_logits,2,1,3,3.809265,-12.844236,2.888193,0.206507,0.947260,-12.844236,0.921072,3.809265,,,,,
6,176,176.000000,agent_4,actor_logits,2,1,3,3.809265,-12.844237,2.888193,0.206507,0.947260,-12.844237,0.921072,3.809265,,,,,
6,176,176.000000,agent_5,actor_logits,2,1,3,3.809264,-12.844237,2.888192,0.206507,0.947260,-12.844237,0.921072,3.809264,,,,,
6,178,178.000000,agent_0,actor_logits,2,1,3,7.516413,-11.384652,9.400908,0.000860,0.999917,-11.384652,-1.884495,7.516413,,,,,
6,178,178.000000,agent_1,actor_logits,2,1,3,7.516415,-11.384651,9.400911,0.000860,0.999917,-11.384651,-1.884496,7.516415,,,,,
6,178,178.000000,agent_2,actor_logits,2,1,3,7.516413,-11.384651,9.400908,0.000860,0.999917,-11.384651,-1.884495,7.516413,,,,,
6,178,178.000000,agent_3,actor_logits,2,1,3,7.516414,-11.384651,9.400909,0.000860,0.999917,-11.384651,-1.884495,7.516414,,,,,
6,178,178.000000,agent_4,actor_logits,2,1,3,7.516413,-11.384651,9.400908,0.000860,0.999917,-11.384651,-1.884496,7.516413,,,,,
6,178,178.000000,agent_5,actor_logits,2,1,3,7.516414,-11.384651,9.400909,0.000860,0.999917,-11.384651,-1.884495,7.516414,,,,,
6,180,180.000000,agent_0,actor_logits,2,1,3,6.239820,-10.307676,6.001839,0.017285,0.997532,-10.307676,0.237980,6.239820,,,,,
6,180,180.000000,agent_1,actor_logits,2,1,3,6.239820,-10.307676,6.001842,0.017285,0.997532,-10.307676,0.237979,6.239820,,,,,
6,180,180.000000,agent_2,actor_logits,2,1,3,6.239820,-10.307676,6.001840,0.017285,0.997532,-10.307676,0.237980,6.239820,,,,,
6,180,180.000000,agent_3,actor_logits,2,1,3,6.239820,-10.307676,6.001840,0.017285,0.997532,-10.307676,0.237980,6.239820,,,,,
6,180,180.000000,agent_4,actor_logits,2,1,3,6.239820,-10.307676,6.001840,0.017285,0.997532,-10.307676,0.237980,6.239820,,,,,
6,180,180.000000,agent_5,actor_logits,2,1,3,6.239820,-10.307676,6.001840,0.017285,0.997532,-10.307676,0.237980,6.239820,,,,,
6,182,182.000000,agent_0,actor_logits,1,1,3,0.017457,-0.898047,0.592138,1.024883,0.511913,-0.898047,0.017457,-0.574681,,,,,
6,182,182.000000,agent_1,actor_logits,1,1,3,0.017455,-0.898046,0.592135,1.024883,0.511912,-0.898046,0.017455,-0.574680,,,,,
6,182,182.000000,agent_2,actor_logits,1,1,3,0.017456,-0.898046,0.592138,1.024883,0.511912,-0.898046,0.017456,-0.574681,,,,,
6,182,182.000000,agent_3,actor_logits,1,1,3,0.017456,-0.898047,0.592137,1.024883,0.511912,-0.898047,0.017456,-0.574681,,,,,
6,182,182.000000,agent_4,actor_logits,1,1,3,0.017456,-0.898046,0.592138,1.024883,0.511912,-0.898046,0.017456,-0.574681,,,,,
6,182,182.000000,agent_5,actor_logits,1,1,3,0.017456,-0.898046,0.592137,1.024883,0.511912,-0.898046,0.017456,-0.574681,,,,,
6,184,184.000000,agent_0,actor_logits,0,1,4,7.386434,-8.665623,4.703493,0.054988,0.990595,7.386434,-8.665623,-0.363451,2.682940,,,,
6,184,184.000000,agent_1,actor_logits,0,1,4,7.386433,-8.665623,4.703492,0.054988,0.990595,7.386433,-8.665623,-0.363451,2.682941,,,,
6,184,184.000000,agent_2,actor_logits,0,1,4,7.386434,-8.665623,4.703493,0.054988,0.990595,7.386434,-8.665623,-0.363451,2.682941,,,,
6,184,184.000000,agent_3,actor_logits,0,1,4,7.386433,-8.665623,4.703493,0.054988,0.990595,7.386433,-8.665623,-0.363451,2.682940,,,,
6,184,184.000000,agent_4,actor_logits,0,1,4,7.386434,-8.665623,4.703493,0.054988,0.990595,7.386434,-8.665623,-0.363451,2.682940,,,,
6,184,184.000000,agent_5,actor_logits,0,1,4,7.386434,-8.665623,4.703493,0.054988,0.990595,7.386434,-8.665623,-0.363451,2.682941,,,,
6,186,186.000000,agent_0,actor_logits,0,1,4,3.710386,-5.164621,1.151509,0.595587,0.753438,3.710386,-5.164621,-0.803986,2.558877,,,,
6,186,186.000000,agent_1,actor_logits,0,1,4,3.710385,-5.164621,1.151509,0.595587,0.753438,3.710385,-5.164621,-0.803986,2.558877,,,,
6,186,186.000000,agent_2,actor_logits,0,1,4,3.710385,-5.164621,1.151508,0.595587,0.753438,3.710385,-5.164621,-0.803987,2.558877,,,,
6,186,186.000000,agent_3,actor_logits,0,1,4,3.710385,-5.164621,1.151508,0.595587,0.753438,3.710385,-5.164621,-0.803986,2.558877,,,,
6,186,186.000000,agent_4,actor_logits,0,1,4,3.710386,-5.164621,1.151509,0.595587,0.753438,3.710386,-5.164621,-0.803987,2.558877,,,,
6,186,186.000000,agent_5,actor_logits,0,1,4,3.710386,-5.164621,1.151509,0.595587,0.753438,3.710386,-5.164621,-0.803987,2.558877,,,,
6,188,188.000000,agent_0,actor_logits,0,1,4,9.156806,-11.995478,5.814622,0.021763,0.996874,9.156806,-11.995478,0.369398,3.342184,,,,
6,188,188.000000,agent_1,actor_logits,0,1,4,9.156806,-11.995478,5.814623,0.021763,0.996874,9.156806,-11.995478,0.369397,3.342183,,,,
6,188,188.000000,agent_2,actor_logits,0,1,4,9.156807,-11.995478,5.814624,0.021763,0.996874,9.156807,-11.995478,0.369397,3.342183,,,,
6,188,188.000000,agent_3,actor_logits,0,1,4,9.156806,-11.995478,5.814624,0.021763,0.996874,9.156806,-11.995478,0.369397,3.342182,,,,
6,188,188.000000,agent_4,actor_logits,0,1,4,9.156807,-11.995478,5.814625,0.021763,0.996874,9.156807,-11.995478,0.369397,3.342182,,,,
6,188,188.000000,agent_5,actor_logits,0,1,4,9.156807,-11.995478,5.814624,0.021763,0.996874,9.156807,-11.995478,0.369397,3.342183,,,,
6,190,190.000000,agent_0,actor_logits,2,1,4,5.550106,-2.819816,7.747949,0.008314,0.999081,-2.197843,-2.719654,5.550106,-2.819816,,,,
6,190,190.000000,agent_1,actor_logits,2,1,4,5.550106,-2.819816,7.747949,0.008314,0.999081,-2.197843,-2.719654,5.550106,-2.819816,,,,
6,190,190.000000,agent_2,actor_logits,2,1,4,5.550106,-2.819816,7.747949,0.008314,0.999081,-2.197843,-2.719654,5.550106,-2.819816,,,,
6,190,190.000000,agent_3,actor_logits,2,1,4,5.550106,-2.819817,7.747949,0.008314,0.999081,-2.197844,-2.719654,5.550106,-2.819817,,,,
6,190,190.000000,agent_4,actor_logits,2,1,4,5.550106,-2.819816,7.747949,0.008314,0.999081,-2.197844,-2.719654,5.550106,-2.819816,,,,
6,190,190.000000,agent_5,actor_logits,2,1,4,5.550106,-2.819816,7.747949,0.008314,0.999081,-2.197844,-2.719654,5.550106,-2.819816,,,,
6,192,192.000000,agent_0,actor_logits,0,1,4,8.618048,-11.746588,4.213419,0.077255,0.985308,8.618048,-11.746588,-0.450936,4.404629,,,,
6,192,192.000000,agent_1,actor_logits,0,1,4,8.618047,-11.746588,4.213419,0.077255,0.985308,8.618047,-11.746588,-0.450936,4.404628,,,,
6,192,192.000000,agent_2,actor_logits,0,1,4,8.618048,-11.746588,4.213419,0.077255,0.985308,8.618048,-11.746588,-0.450936,4.404628,,,,
6,192,192.000000,agent_3,actor_logits,0,1,4,8.618048,-11.746588,4.213420,0.077255,0.985308,8.618048,-11.746588,-0.450936,4.404627,,,,
6,192,192.000000,agent_4,actor_logits,0,1,4,8.618047,-11.746588,4.213419,0.077255,0.985308,8.618047,-11.746588,-0.450937,4.404628,,,,
6,192,192.000000,agent_5,actor_logits,0,1,4,8.618047,-11.746588,4.213418,0.077255,0.985308,8.618047,-11.746588,-0.450937,4.404629,,,,
6,194,194.000000,agent_0,actor_logits,1,1,3,11.399067,-14.874110,15.287151,0.000004,1.000000,-14.874110,11.399067,-3.888084,,,,,
6,194,194.000000,agent_1,actor_logits,1,1,3,11.399067,-14.874110,15.287152,0.000004,1.000000,-14.874110,11.399067,-3.888085,,,,,
6,194,194.000000,agent_2,actor_logits,1,1,3,11.399067,-14.874111,15.287151,0.000004,1.000000,-14.874111,11.399067,-3.888085,,,,,
6,194,194.000000,agent_3,actor_logits,1,1,3,11.399067,-14.874109,15.287152,0.000004,1.000000,-14.874109,11.399067,-3.888086,,,,,
6,194,194.000000,agent_4,actor_logits,1,1,3,11.399067,-14.874109,15.287152,0.000004,1.000000,-14.874109,11.399067,-3.888085,,,,,
6,194,194.000000,agent_5,actor_logits,1,1,3,11.399068,-14.874109,15.287153,0.000004,1.000000,-14.874109,11.399068,-3.888086,,,,,
6,196,196.000000,agent_0,actor_logits,1,1,3,10.636003,-17.087105,15.080219,0.000004,1.000000,-17.087105,10.636003,-4.444216,,,,,
6,196,196.000000,agent_1,actor_logits,1,1,3,10.636002,-17.087103,15.080217,0.000004,1.000000,-17.087103,10.636002,-4.444216,,,,,
6,196,196.000000,agent_2,actor_logits,1,1,3,10.636003,-17.087105,15.080219,0.000004,1.000000,-17.087105,10.636003,-4.444216,,,,,
6,196,196.000000,agent_3,actor_logits,1,1,3,10.636003,-17.087105,15.080219,0.000004,1.000000,-17.087105,10.636003,-4.444217,,,,,
6,196,196.000000,agent_4,actor_logits,1,1,3,10.636003,-17.087107,15.080221,0.000004,1.000000,-17.087107,10.636003,-4.444217,,,,,
6,196,196.000000,agent_5,actor_logits,1,1,3,10.636002,-17.087105,15.080218,0.000004,1.000000,-17.087105,10.636002,-4.444217,,,,,
6,198,198.000000,agent_0,actor_logits,2,1,3,1.076981,-7.643626,2.676268,0.240333,0.935469,-7.643626,-1.599286,1.076981,,,,,
6,198,198.000000,agent_1,actor_logits,2,1,3,1.076981,-7.643625,2.676268,0.240333,0.935469,-7.643625,-1.599287,1.076981,,,,,
6,198,198.000000,agent_2,actor_logits,2,1,3,1.076981,-7.643626,2.676267,0.240333,0.935469,-7.643626,-1.599286,1.076981,,,,,
6,198,198.000000,agent_3,actor_logits,2,1,3,1.076981,-7.643625,2.676267,0.240333,0.935469,-7.643625,-1.599286,1.076981,,,,,
6,198,198.000000,agent_4,actor_logits,2,1,3,1.076981,-7.643625,2.676267,0.240333,0.935469,-7.643625,-1.599286,1.076981,,,,,
6,198,198.000000,agent_5,actor_logits,2,1,3,1.076981,-7.643626,2.676268,0.240333,0.935469,-7.643626,-1.599287,1.076981,,,,,
6,200,200.000000,agent_0,actor_logits,1,1,4,4.777654,-8.632838,0.783608,0.662340,0.681160,-8.632838,4.777654,0.297087,3.994045,,,,
6,200,200.000000,agent_1,actor_logits,1,1,4,4.777653,-8.632837,0.783608,0.662340,0.681160,-8.632837,4.777653,0.297087,3.994045,,,,
6,200,200.000000,agent_2,actor_logits,1,1,4,4.777654,-8.632839,0.783608,0.662340,0.681160,-8.632839,4.777654,0.297087,3.994046,,,,
6,200,200.000000,agent_3,actor_logits,1,1,4,4.777654,-8.632838,0.783608,0.662340,0.681160,-8.632838,4.777654,0.297087,3.994045,,,,
6,200,200.000000,agent_4,actor_logits,1,1,4,4.777654,-8.632839,0.783608,0.662340,0.681160,-8.632839,4.777654,0.297086,3.994046,,,,
6,200,200.000000,agent_5,actor_logits,1,1,4,4.777653,-8.632837,0.783607,0.662340,0.681160,-8.632837,4.777653,0.297087,3.994046,,,,
6,202,202.000000,agent_0,actor_logits,0,1,4,6.390905,-5.082635,3.357667,0.147656,0.966316,6.390905,-5.082635,-3.986705,3.033238,,,,
6,202,202.000000,agent_1,actor_logits,0,1,4,6.390905,-5.082636,3.357668,0.147656,0.966316,6.390905,-5.082636,-3.986706,3.033238,,,,
6,202,202.000000,agent_2,actor_logits,0,1,4,6.390904,-5.082635,3.357666,0.147656,0.966316,6.390904,-5.082635,-3.986706,3.033238,,,,
6,202,202.000000,agent_3,actor_logits,0,1,4,6.390905,-5.082635,3.357667,0.147656,0.966316,6.390905,-5.082635,-3.986706,3.033237,,,,
6,202,202.000000,agent_4,actor_logits,0,1,4,6.390906,-5.082635,3.357668,0.147656,0.966316,6.390906,-5.082635,-3.986706,3.033237,,,,
6,202,202.000000,agent_5,actor_logits,0,1,4,6.390905,-5.082636,3.357667,0.147656,0.966316,6.390905,-5.082636,-3.986706,3.033238,,,,
6,204,204.000000,agent_0,actor_logits,0,1,3,2.361553,-4.601343,5.208774,0.041244,0.993626,2.361553,-2.847221,-4.601343,,,,,
6,204,204.000000,agent_1,actor_logits,0,1,3,2.361554,-4.601343,5.208776,0.041244,0.993626,2.361554,-2.847222,-4.601343,,,,,
6,204,204.000000,agent_2,actor_logits,0,1,3,2.361552,-4.601343,5.208774,0.041244,0.993626,2.361552,-2.847222,-4.601343,,,,,
6,204,204.000000,agent_3,actor_logits,0,1,3,2.361554,-4.601344,5.208775,0.041244,0.993626,2.361554,-2.847221,-4.601344,,,,,
6,204,204.000000,agent_4,actor_logits,0,1,3,2.361554,-4.601345,5.208775,0.041244,0.993626,2.361554,-2.847221,-4.601345,,,,,
6,204,204.000000,agent_5,actor_logits,0,1,3,2.361554,-4.601343,5.208776,0.041244,0.993626,2.361554,-2.847223,-4.601343,,,,,
6,206,206.000000,agent_0,actor_logits,2,1,3,0.408923,-3.254514,1.114701,0.642322,0.738739,-0.705778,-3.254514,0.408923,,,,,
6,206,206.000000,agent_1,actor_logits,2,1,3,0.408922,-3.254514,1.114699,0.642323,0.738739,-0.705777,-3.254514,0.408922,,,,,
6,206,206.000000,agent_2,actor_logits,2,1,3,0.408922,-3.254513,1.114701,0.642322,0.738739,-0.705778,-3.254513,0.408922,,,,,
6,206,206.000000,agent_3,actor_logits,2,1,3,0.408922,-3.254513,1.114699,0.642323,0.738739,-0.705777,-3.254513,0.408922,,,,,
6,206,206.000000,agent_4,actor_logits,2,1,3,0.408922,-3.254513,1.114699,0.642323,0.738739,-0.705778,-3.254513,0.408922,,,,,
6,206,206.000000,agent_5,actor_logits,2,1,3,0.408923,-3.254515,1.114702,0.642322,0.738739,-0.705778,-3.254515,0.408923,,,,,
6,208,208.000000,agent_0,actor_logits,3,1,4,2.558378,-2.204097,2.565495,0.445628,0.888046,-0.644555,-2.204097,-0.007116,2.558378,,,,
6,208,208.000000,agent_1,actor_logits,3,1,4,2.558378,-2.204096,2.565494,0.445628,0.888045,-0.644556,-2.204096,-0.007116,2.558378,,,,
6,208,208.000000,agent_2,actor_logits,3,1,4,2.558378,-2.204096,2.565495,0.445628,0.888046,-0.644556,-2.204096,-0.007117,2.558378,,,,
6,208,208.000000,agent_3,actor_logits,3,1,4,2.558378,-2.204096,2.565495,0.445628,0.888046,-0.644556,-2.204096,-0.007116,2.558378,,,,
6,208,208.000000,agent_4,actor_logits,3,1,4,2.558377,-2.204095,2.565493,0.445628,0.888045,-0.644556,-2.204095,-0.007116,2.558377,,,,
6,208,208.000000,agent_5,actor_logits,3,1,4,2.558379,-2.204097,2.565495,0.445628,0.888046,-0.644555,-2.204097,-0.007117,2.558379,,,,
6,210,210.000000,agent_0,actor_logits,0,1,4,7.312784,-7.770645,5.490997,0.028361,0.995718,7.312784,-7.770645,-1.329038,1.821787,,,,
6,210,210.000000,agent_1,actor_logits,0,1,4,7.312785,-7.770644,5.490998,0.028361,0.995718,7.312785,-7.770644,-1.329038,1.821786,,,,
6,210,210.000000,agent_2,actor_logits,0,1,4,7.312784,-7.770646,5.490997,0.028361,0.995718,7.312784,-7.770646,-1.329037,1.821787,,,,
6,210,210.000000,agent_3,actor_logits,0,1,4,7.312785,-7.770646,5.490998,0.028361,0.995718,7.312785,-7.770646,-1.329038,1.821787,,,,
6,210,210.000000,agent_4,actor_logits,0,1,4,7.312786,-7.770646,5.490999,0.028361,0.995718,7.312786,-7.770646,-1.329038,1.821787,,,,
6,210,210.000000,agent_5,actor_logits,0,1,4,7.312784,-7.770645,5.490997,0.028361,0.995718,7.312784,-7.770645,-1.329037,1.821787,,,,
6,212,212.000000,agent_0,actor_logits,3,1,4,0.289513,-1.371838,0.044503,1.243494,0.374099,-1.371838,-0.351543,0.245011,0.289513,,,,
6,212,212.000000,agent_1,actor_logits,3,1,4,0.289514,-1.371838,0.044503,1.243494,0.374099,-1.371838,-0.351542,0.245011,0.289514,,,,
6,212,212.000000,agent_2,actor_logits,3,1,4,0.289514,-1.371838,0.044503,1.243494,0.374099,-1.371838,-0.351543,0.245011,0.289514,,,,
6,212,212.000000,agent_3,actor_logits,3,1,4,0.289514,-1.371838,0.044503,1.243494,0.374099,-1.371838,-0.351542,0.245010,0.289514,,,,
6,212,212.000000,agent_4,actor_logits,3,1,4,0.289514,-1.371838,0.044504,1.243494,0.374099,-1.371838,-0.351542,0.245010,0.289514,,,,
6,212,212.000000,agent_5,actor_logits,3,1,4,0.289513,-1.371838,0.044502,1.243494,0.374099,-1.371838,-0.351543,0.245011,0.289513,,,,
6,214,214.000000,agent_0,actor_logits,3,1,4,2.270403,-1.357755,2.367362,0.589197,0.843382,-0.096959,-0.456693,-1.357755,2.270403,,,,
6,214,214.000000,agent_1,actor_logits,3,1,4,2.270404,-1.357756,2.367362,0.589197,0.843382,-0.096959,-0.456693,-1.357756,2.270404,,,,
6,214,214.000000,agent_2,actor_logits,3,1,4,2.270403,-1.357755,2.367362,0.589197,0.843382,-0.096959,-0.456693,-1.357755,2.270403,,,,
6,214,214.000000,agent_3,actor_logits,3,1,4,2.270403,-1.357756,2.367362,0.589197,0.843382,-0.096958,-0.456693,-1.357756,2.270403,,,,
6,214,214.000000,agent_4,actor_logits,3,1,4,2.270403,-1.357756,2.367362,0.589197,0.843382,-0.096958,-0.456693,-1.357756,2.270403,,,,
6,214,214.000000,agent_5,actor_logits,3,1,4,2.270403,-1.357755,2.367362,0.589197,0.843382,-0.096958,-0.456693,-1.357755,2.270403,,,,
6,216,216.000000,agent_0,actor_logits,0,1,4,3.028985,-2.914879,1.527007,0.523161,0.813789,3.028985,-1.680158,-2.914879,1.501977,,,,
6,216,216.000000,agent_1,actor_logits,0,1,4,3.028985,-2.914879,1.527007,0.523161,0.813789,3.028985,-1.680158,-2.914879,1.501978,,,,
6,216,216.000000,agent_2,actor_logits,0,1,4,3.028985,-2.914879,1.527008,0.523161,0.813790,3.028985,-1.680158,-2.914879,1.501977,,,,
6,216,216.000000,agent_3,actor_logits,0,1,4,3.028985,-2.914879,1.527008,0.523161,0.813790,3.028985,-1.680158,-2.914879,1.501977,,,,
6,216,216.000000,agent_4,actor_logits,0,1,4,3.028985,-2.914878,1.527007,0.523161,0.813789,3.028985,-1.680158,-2.914878,1.501977,,,,
6,216,216.000000,agent_5,actor_logits,0,1,4,3.028985,-2.914879,1.527007,0.523161,0.813789,3.028985,-1.680159,-2.914879,1.501978,,,,
6,218,218.000000,agent_0,actor_logits,3,1,4,1.920629,-1.666826,2.088090,0.721527,0.786601,-0.167461,-1.666826,-0.202140,1.920629,,,,
6,218,218.000000,agent_1,actor_logits,3,1,4,1.920629,-1.666826,2.088090,0.721527,0.786601,-0.167461,-1.666826,-0.202140,1.920629,,,,
6,218,218.000000,agent_2,actor_logits,3,1,4,1.920629,-1.666826,2.088091,0.721527,0.786601,-0.167461,-1.666826,-0.202139,1.920629,,,,
6,218,218.000000,agent_3,actor_logits,3,1,4,1.920629,-1.666826,2.088090,0.721527,0.786601,-0.167461,-1.666826,-0.202139,1.920629,,,,
6,218,218.000000,agent_4,actor_logits,3,1,4,1.920629,-1.666826,2.088090,0.721527,0.786601,-0.167461,-1.666826,-0.202139,1.920629,,,,
6,218,218.000000,agent_5,actor_logits,3,1,4,1.920630,-1.666826,2.088090,0.721527,0.786601,-0.167461,-1.666826,-0.202140,1.920630,,,,
6,220,220.000000,agent_0,actor_logits,1,1,4,2.064883,-3.108881,0.398939,0.827437,0.574143,-3.108881,2.064883,-0.667992,1.665943,,,,
6,220,220.000000,agent_1,actor_logits,1,1,4,2.064883,-3.108882,0.398940,0.827437,0.574143,-3.108882,2.064883,-0.667992,1.665943,,,,
6,220,220.000000,agent_2,actor_logits,1,1,4,2.064882,-3.108881,0.398939,0.827437,0.574143,-3.108881,2.064882,-0.667991,1.665943,,,,
6,220,220.000000,agent_3,actor_logits,1,1,4,2.064883,-3.108881,0.398941,0.827437,0.574143,-3.108881,2.064883,-0.667992,1.665942,,,,
6,220,220.000000,agent_4,actor_logits,1,1,4,2.064883,-3.108881,0.398940,0.827437,0.574143,-3.108881,2.064883,-0.667992,1.665943,,,,
6,220,220.000000,agent_5,actor_logits,1,1,4,2.064883,-3.108881,0.398940,0.827437,0.574143,-3.108881,2.064883,-0.667992,1.665943,,,,
6,222,222.000000,agent_0,actor_logits,0,1,4,9.185722,-17.044065,2.177728,0.334811,0.897563,9.185722,7.007994,-17.044065,2.090596,,,,
6,222,222.000000,agent_1,actor_logits,0,1,4,9.185722,-17.044065,2.177728,0.334811,0.897563,9.185722,7.007994,-17.044065,2.090595,,,,
6,222,222.000000,agent_2,actor_logits,0,1,4,9.185724,-17.044065,2.177732,0.334810,0.897563,9.185724,7.007993,-17.044065,2.090595,,,,
6,222,222.000000,agent_3,actor_logits,0,1,4,9.185723,-17.044065,2.177729,0.334811,0.897563,9.185723,7.007995,-17.044065,2.090595,,,,
6,222,222.000000,agent_4,actor_logits,0,1,4,9.185723,-17.044065,2.177730,0.334811,0.897563,9.185723,7.007994,-17.044065,2.090596,,,,
6,222,222.000000,agent_5,actor_logits,0,1,4,9.185723,-17.044065,2.177729,0.334811,0.897563,9.185723,7.007994,-17.044065,2.090596,,,,
6,224,224.000000,agent_0,actor_logits,0,1,4,15.926647,-20.386026,13.172430,0.000053,0.999996,15.926647,2.710760,-20.386026,2.754218,,,,
6,224,224.000000,agent_1,actor_logits,0,1,4,15.926647,-20.386026,13.172428,0.000053,0.999996,15.926647,2.710760,-20.386026,2.754219,,,,
6,224,224.000000,agent_2,actor_logits,0,1,4,15.926647,-20.386026,13.172429,0.000053,0.999996,15.926647,2.710759,-20.386026,2.754218,,,,
6,224,224.000000,agent_3,actor_logits,0,1,4,15.926647,-20.386028,13.172428,0.000053,0.999996,15.926647,2.710761,-20.386028,2.754219,,,,
6,224,224.000000,agent_4,actor_logits,0,1,4,15.926647,-20.386028,13.172428,0.000053,0.999996,15.926647,2.710759,-20.386028,2.754219,,,,
6,224,224.000000,agent_5,actor_logits,0,1,4,15.926647,-20.386028,13.172429,0.000053,0.999996,15.926647,2.710760,-20.386028,2.754218,,,,
6,226,226.000000,agent_0,actor_logits,0,1,4,5.788372,-9.803340,2.598204,0.311157,0.920140,5.788372,1.397014,-9.803340,3.190168,,,,
6,226,226.000000,agent_1,actor_logits,0,1,4,5.788372,-9.803339,2.598203,0.311157,0.920140,5.788372,1.397013,-9.803339,3.190168,,,,
6,226,226.000000,agent_2,actor_logits,0,1,4,5.788373,-9.803340,2.598205,0.311157,0.920140,5.788373,1.397014,-9.803340,3.190168,,,,
6,226,226.000000,agent_3,actor_logits,0,1,4,5.788373,-9.803340,2.598205,0.311157,0.920140,5.788373,1.397014,-9.803340,3.190167,,,,
6,226,226.000000,agent_4,actor_logits,0,1,4,5.788372,-9.803340,2.598203,0.311157,0.920140,5.788372,1.397014,-9.803340,3.190169,,,,
6,226,226.000000,agent_5,actor_logits,0,1,4,5.788372,-9.803340,2.598203,0.311157,0.920140,5.788372,1.397014,-9.803340,3.190168,,,,
6,228,228.000000,agent_0,actor_logits,0,1,3,17.024466,-16.411959,22.065529,0.000000,1.000000,17.024466,-5.041064,-16.411959,,,,,
6,228,228.000000,agent_1,actor_logits,0,1,3,17.024466,-16.411957,22.065529,0.000000,1.000000,17.024466,-5.041063,-16.411957,,,,,
6,228,228.000000,agent_2,actor_logits,0,1,3,17.024464,-16.411957,22.065527,0.000000,1.000000,17.024464,-5.041063,-16.411957,,,,,
6,228,228.000000,agent_3,actor_logits,0,1,3,17.024464,-16.411957,22.065527,0.000000,1.000000,17.024464,-5.041063,-16.411957,,,,,
6,228,228.000000,agent_4,actor_logits,0,1,3,17.024464,-16.411957,22.065527,0.000000,1.000000,17.024464,-5.041063,-16.411957,,,,,
6,228,228.000000,agent_5,actor_logits,0,1,3,17.024464,-16.411957,22.065527,0.000000,1.000000,17.024464,-5.041063,-16.411957,,,,,
6,230,230.000000,agent_0,actor_logits,1,1,2,-7.123124,-7.581166,0.458043,0.667594,0.612550,-7.581166,-7.123124,,,,,,
6,230,230.000000,agent_1,actor_logits,1,1,2,-7.123124,-7.581166,0.458043,0.667594,0.612550,-7.581166,-7.123124,,,,,,
6,230,230.000000,agent_2,actor_logits,1,1,2,-7.123123,-7.581166,0.458044,0.667594,0.612550,-7.581166,-7.123123,,,,,,
6,230,230.000000,agent_3,actor_logits,1,1,2,-7.123123,-7.581166,0.458043,0.667594,0.612550,-7.581166,-7.123123,,,,,,
6,230,230.000000,agent_4,actor_logits,1,1,2,-7.123124,-7.581167,0.458043,0.667594,0.612550,-7.581167,-7.123124,,,,,,
6,230,230.000000,agent_5,actor_logits,1,1,2,-7.123123,-7.581167,0.458044,0.667594,0.612550,-7.581167,-7.123123,,,,,,
6,232,232.000000,agent_0,actor_logits,2,1,3,3.914280,-9.792555,6.417336,0.012110,0.998369,-9.792555,-2.503056,3.914280,,,,,
6,232,232.000000,agent_1,actor_logits,2,1,3,3.914280,-9.792556,6.417336,0.012110,0.998369,-9.792556,-2.503056,3.914280,,,,,
6,232,232.000000,agent_2,actor_logits,2,1,3,3.914280,-9.792555,6.417336,0.012110,0.998369,-9.792555,-2.503056,3.914280,,,,,
6,232,232.000000,agent_3,actor_logits,2,1,3,3.914280,-9.792555,6.417336,0.012110,0.998369,-9.792555,-2.503056,3.914280,,,,,
6,232,232.000000,agent_4,actor_logits,2,1,3,3.914280,-9.792555,6.417336,0.012110,0.998369,-9.792555,-2.503056,3.914280,,,,,
6,232,232.000000,agent_5,actor_logits,2,1,3,3.914280,-9.792555,6.417336,0.012110,0.998369,-9.792555,-2.503056,3.914280,,,,,
6,234,234.000000,agent_0,actor_logits,2,1,3,7.212506,-7.987214,12.063735,0.000079,0.999994,-7.987214,-4.851229,7.212506,,,,,
6,234,234.000000,agent_1,actor_logits,2,1,3,7.212505,-7.987215,12.063734,0.000079,0.999994,-7.987215,-4.851229,7.212505,,,,,
6,234,234.000000,agent_2,actor_logits,2,1,3,7.212506,-7.987215,12.063735,0.000079,0.999994,-7.987215,-4.851229,7.212506,,,,,
6,234,234.000000,agent_3,actor_logits,2,1,3,7.212505,-7.987214,12.063734,0.000079,0.999994,-7.987214,-4.851229,7.212505,,,,,
6,234,234.000000,agent_4,actor_logits,2,1,3,7.212505,-7.987214,12.063734,0.000079,0.999994,-7.987214,-4.851229,7.212505,,,,,
6,234,234.000000,agent_5,actor_logits,2,1,3,7.212505,-7.987214,12.063734,0.000079,0.999994,-7.987214,-4.851229,7.212505,,,,,
6,236,236.000000,agent_0,actor_logits,2,1,3,6.053069,-6.904531,8.627550,0.001757,0.999819,-6.904531,-2.574481,6.053069,,,,,
6,236,236.000000,agent_1,actor_logits,2,1,3,6.053069,-6.904531,8.627550,0.001757,0.999819,-6.904531,-2.574481,6.053069,,,,,
6,236,236.000000,agent_2,actor_logits,2,1,3,6.053069,-6.904531,8.627550,0.001757,0.999819,-6.904531,-2.574481,6.053069,,,,,
6,236,236.000000,agent_3,actor_logits,2,1,3,6.053069,-6.904531,8.627550,0.001757,0.999819,-6.904531,-2.574481,6.053069,,,,,
6,236,236.000000,agent_4,actor_logits,2,1,3,6.053069,-6.904531,8.627550,0.001757,0.999819,-6.904531,-2.574481,6.053069,,,,,
6,236,236.000000,agent_5,actor_logits,2,1,3,6.053069,-6.904531,8.627550,0.001757,0.999819,-6.904531,-2.574481,6.053069,,,,,
6,238,238.000000,agent_0,actor_logits,2,1,3,0.979323,-3.290178,0.918918,0.647403,0.707744,0.060405,-3.290178,0.979323,,,,,
6,238,238.000000,agent_1,actor_logits,2,1,3,0.979323,-3.290177,0.918917,0.647403,0.707744,0.060405,-3.290177,0.979323,,,,,
6,238,238.000000,agent_2,actor_logits,2,1,3,0.979322,-3.290178,0.918917,0.647403,0.707744,0.060405,-3.290178,0.979322,,,,,
6,238,238.000000,agent_3,actor_logits,2,1,3,0.979323,-3.290177,0.918917,0.647403,0.707744,0.060405,-3.290177,0.979323,,,,,
6,238,238.000000,agent_4,actor_logits,2,1,3,0.979323,-3.290178,0.918917,0.647403,0.707744,0.060406,-3.290178,0.979323,,,,,
6,238,238.000000,agent_5,actor_logits,2,1,3,0.979323,-3.290177,0.918917,0.647403,0.707744,0.060406,-3.290177,0.979323,,,,,
6,240,240.000000,agent_0,actor_logits,0,1,3,2.333632,-3.456715,0.353500,0.689680,0.586413,2.333632,1.980132,-3.456715,,,,,
6,240,240.000000,agent_1,actor_logits,0,1,3,2.333633,-3.456716,0.353500,0.689680,0.586413,2.333633,1.980133,-3.456716,,,,,
6,240,240.000000,agent_2,actor_logits,0,1,3,2.333632,-3.456716,0.353499,0.689680,0.586413,2.333632,1.980133,-3.456716,,,,,
6,240,240.000000,agent_3,actor_logits,0,1,3,2.333633,-3.456715,0.353501,0.689680,0.586413,2.333633,1.980132,-3.456715,,,,,
6,240,240.000000,agent_4,actor_logits,0,1,3,2.333632,-3.456715,0.353500,0.689680,0.586413,2.333632,1.980132,-3.456715,,,,,
6,240,240.000000,agent_5,actor_logits,0,1,3,2.333633,-3.456716,0.353500,0.689680,0.586413,2.333633,1.980132,-3.456716,,,,,
6,242,242.000000,agent_0,actor_logits,0,1,3,5.574682,-5.418853,7.566724,0.004632,0.999466,5.574682,-1.992042,-5.418853,,,,,
6,242,242.000000,agent_1,actor_logits,0,1,3,5.574681,-5.418853,7.566723,0.004632,0.999466,5.574681,-1.992042,-5.418853,,,,,
6,242,242.000000,agent_2,actor_logits,0,1,3,5.574680,-5.418853,7.566721,0.004632,0.999466,5.574680,-1.992041,-5.418853,,,,,
6,242,242.000000,agent_3,actor_logits,0,1,3,5.574681,-5.418852,7.566722,0.004632,0.999466,5.574681,-1.992042,-5.418852,,,,,
6,242,242.000000,agent_4,actor_logits,0,1,3,5.574681,-5.418852,7.566722,0.004632,0.999466,5.574681,-1.992042,-5.418852,,,,,
6,242,242.000000,agent_5,actor_logits,0,1,3,5.574681,-5.418853,7.566722,0.004632,0.999466,5.574681,-1.992042,-5.418853,,,,,
6,244,244.000000,agent_0,actor_logits,0,1,3,4.871382,-7.396330,3.672219,0.116196,0.975206,4.871382,1.199163,-7.396330,,,,,
6,244,244.000000,agent_1,actor_logits,0,1,3,4.871383,-7.396331,3.672219,0.116196,0.975206,4.871383,1.199164,-7.396331,,,,,
6,244,244.000000,agent_2,actor_logits,0,1,3,4.871382,-7.396331,3.672218,0.116197,0.975206,4.871382,1.199164,-7.396331,,,,,
6,244,244.000000,agent_3,actor_logits,0,1,3,4.871382,-7.396330,3.672219,0.116196,0.975206,4.871382,1.199164,-7.396330,,,,,
6,244,244.000000,agent_4,actor_logits,0,1,3,4.871383,-7.396330,3.672219,0.116196,0.975206,4.871383,1.199164,-7.396330,,,,,
6,244,244.000000,agent_5,actor_logits,0,1,3,4.871382,-7.396331,3.672219,0.116196,0.975206,4.871382,1.199163,-7.396331,,,,,
6,246,246.000000,agent_0,actor_logits,0,1,3,7.255711,-7.727642,7.920953,0.003243,0.999637,7.255711,-0.665242,-7.727642,,,,,
6,246,246.000000,agent_1,actor_logits,0,1,3,7.255711,-7.727641,7.920954,0.003243,0.999637,7.255711,-0.665242,-7.727641,,,,,
6,246,246.000000,agent_2,actor_logits,0,1,3,7.255710,-7.727641,7.920951,0.003243,0.999637,7.255710,-0.665242,-7.727641,,,,,
6,246,246.000000,agent_3,actor_logits,0,1,3,7.255710,-7.727641,7.920952,0.003243,0.999637,7.255710,-0.665242,-7.727641,,,,,
6,246,246.000000,agent_4,actor_logits,0,1,3,7.255711,-7.727640,7.920953,0.003243,0.999637,7.255711,-0.665242,-7.727640,,,,,
6,246,246.000000,agent_5,actor_logits,0,1,3,7.255710,-7.727641,7.920952,0.003243,0.999637,7.255710,-0.665242,-7.727641,,,,,
6,248,248.000000,agent_0,actor_logits,0,1,3,13.256100,-15.732914,12.060170,0.000076,0.999994,13.256100,1.195929,-15.732914,,,,,
6,248,248.000000,agent_1,actor_logits,0,1,3,13.256100,-15.732914,12.060170,0.000076,0.999994,13.256100,1.195929,-15.732914,,,,,
6,248,248.000000,agent_2,actor_logits,0,1,3,13.256099,-15.732915,12.060169,0.000076,0.999994,13.256099,1.195929,-15.732915,,,,,
6,248,248.000000,agent_3,actor_logits,0,1,3,13.256100,-15.732914,12.060171,0.000076,0.999994,13.256100,1.195929,-15.732914,,,,,
6,248,248.000000,agent_4,actor_logits,0,1,3,13.256100,-15.732915,12.060171,0.000076,0.999994,13.256100,1.195929,-15.732915,,,,,
6,248,248.000000,agent_5,actor_logits,0,1,3,13.256100,-15.732914,12.060171,0.000076,0.999994,13.256100,1.195928,-15.732914,,,,,
6,250,250.000000,agent_0,actor_logits,0,1,2,-4.415979,-11.572961,7.156981,0.006353,0.999221,-4.415979,-11.572961,,,,,,
6,250,250.000000,agent_1,actor_logits,0,1,2,-4.415979,-11.572962,7.156983,0.006353,0.999221,-4.415979,-11.572962,,,,,,
6,250,250.000000,agent_2,actor_logits,0,1,2,-4.415979,-11.572962,7.156982,0.006353,0.999221,-4.415979,-11.572962,,,,,,
6,250,250.000000,agent_3,actor_logits,0,1,2,-4.415980,-11.572962,7.156982,0.006353,0.999221,-4.415980,-11.572962,,,,,,
6,250,250.000000,agent_4,actor_logits,0,1,2,-4.415979,-11.572962,7.156982,0.006353,0.999221,-4.415979,-11.572962,,,,,,
6,250,250.000000,agent_5,actor_logits,0,1,2,-4.415980,-11.572961,7.156981,0.006353,0.999221,-4.415980,-11.572961,,,,,,
6,252,252.000000,agent_0,actor_logits,1,1,3,3.272101,-7.029557,6.834806,0.008798,0.998892,-7.029557,3.272101,-3.562706,,,,,
6,252,252.000000,agent_1,actor_logits,1,1,3,3.272101,-7.029557,6.834807,0.008798,0.998892,-7.029557,3.272101,-3.562706,,,,,
6,252,252.000000,agent_2,actor_logits,1,1,3,3.272101,-7.029557,6.834806,0.008798,0.998892,-7.029557,3.272101,-3.562705,,,,,
6,252,252.000000,agent_3,actor_logits,1,1,3,3.272101,-7.029557,6.834806,0.008798,0.998892,-7.029557,3.272101,-3.562705,,,,,
6,252,252.000000,agent_4,actor_logits,1,1,3,3.272101,-7.029557,6.834806,0.008798,0.998892,-7.029557,3.272101,-3.562705,,,,,
6,252,252.000000,agent_5,actor_logits,1,1,3,3.272101,-7.029558,6.834806,0.008798,0.998892,-7.029558,3.272101,-3.562705,,,,,
6,254,254.000000,agent_0,actor_logits,1,1,3,7.102353,-17.289534,9.070147,0.001158,0.999885,-17.289534,7.102353,-1.967794,,,,,
6,254,254.000000,agent_1,actor_logits,1,1,3,7.102353,-17.289534,9.070147,0.001158,0.999885,-17.289534,7.102353,-1.967794,,,,,
6,254,254.000000,agent_2,actor_logits,1,1,3,7.102353,-17.289532,9.070147,0.001158,0.999885,-17.289532,7.102353,-1.967794,,,,,
6,254,254.000000,agent_3,actor_logits,1,1,3,7.102354,-17.289532,9.070148,0.001158,0.999885,-17.289532,7.102354,-1.967794,,,,,
6,254,254.000000,agent_4,actor_logits,1,1,3,7.102354,-17.289534,9.070148,0.001158,0.999885,-17.289534,7.102354,-1.967794,,,,,
6,254,254.000000,agent_5,actor_logits,1,1,3,7.102353,-17.289534,9.070147,0.001158,0.999885,-17.289534,7.102353,-1.967794,,,,,
6,256,256.000000,agent_0,actor_logits,1,1,3,6.385086,-22.524824,2.939386,0.199223,0.949759,-22.524824,6.385086,3.445699,,,,,
6,256,256.000000,agent_1,actor_logits,1,1,3,6.385086,-22.524824,2.939387,0.199223,0.949759,-22.524824,6.385086,3.445699,,,,,
6,256,256.000000,agent_2,actor_logits,1,1,3,6.385086,-22.524824,2.939386,0.199223,0.949759,-22.524824,6.385086,3.445699,,,,,
6,256,256.000000,agent_3,actor_logits,1,1,3,6.385086,-22.524824,2.939387,0.199223,0.949759,-22.524824,6.385086,3.445699,,,,,
6,256,256.000000,agent_4,actor_logits,1,1,3,6.385086,-22.524824,2.939387,0.199223,0.949759,-22.524824,6.385086,3.445699,,,,,
6,256,256.000000,agent_5,actor_logits,1,1,3,6.385085,-22.524824,2.939385,0.199223,0.949759,-22.524824,6.385085,3.445700,,,,,
6,258,258.000000,agent_0,actor_logits,1,1,3,5.293547,-21.504469,0.401364,0.673409,0.599015,-21.504469,5.293547,4.892183,,,,,
6,258,258.000000,agent_1,actor_logits,1,1,3,5.293547,-21.504469,0.401364,0.673409,0.599015,-21.504469,5.293547,4.892183,,,,,
6,258,258.000000,agent_2,actor_logits,1,1,3,5.293546,-21.504471,0.401363,0.673409,0.599015,-21.504471,5.293546,4.892183,,,,,
6,258,258.000000,agent_3,actor_logits,1,1,3,5.293547,-21.504471,0.401364,0.673409,0.599015,-21.504471,5.293547,4.892183,,,,,
6,258,258.000000,agent_4,actor_logits,1,1,3,5.293548,-21.504469,0.401365,0.673409,0.599016,-21.504469,5.293548,4.892183,,,,,
6,258,258.000000,agent_5,actor_logits,1,1,3,5.293546,-21.504471,0.401362,0.673409,0.599015,-21.504471,5.293546,4.892184,,,,,
6,260,260.000000,agent_0,actor_logits,2,1,3,6.966480,-22.413683,0.922613,0.597085,0.715574,-22.413683,6.043867,6.966480,,,,,
6,260,260.000000,agent_1,actor_logits,2,1,3,6.966480,-22.413683,0.922612,0.597085,0.715574,-22.413683,6.043868,6.966480,,,,,
6,260,260.000000,agent_2,actor_logits,2,1,3,6.966480,-22.413681,0.922612,0.597085,0.715574,-22.413681,6.043868,6.966480,,,,,
6,260,260.000000,agent_3,actor_logits,2,1,3,6.966480,-22.413683,0.922613,0.597085,0.715574,-22.413683,6.043867,6.966480,,,,,
6,260,260.000000,agent_4,actor_logits,2,1,3,6.966480,-22.413683,0.922612,0.597085,0.715574,-22.413683,6.043868,6.966480,,,,,
6,260,260.000000,agent_5,actor_logits,2,1,3,6.966480,-22.413681,0.922613,0.597085,0.715574,-22.413681,6.043867,6.966480,,,,,
6,262,262.000000,agent_0,actor_logits,3,1,4,10.589973,-13.300498,3.547803,0.127791,0.972007,-13.300498,-0.810065,7.042170,10.589973,,,,
6,262,262.000000,agent_1,actor_logits,3,1,4,10.589973,-13.300496,3.547804,0.127791,0.972007,-13.300496,-0.810065,7.042169,10.589973,,,,
6,262,262.000000,agent_2,actor_logits,3,1,4,10.589973,-13.300497,3.547804,0.127791,0.972007,-13.300497,-0.810065,7.042169,10.589973,,,,
6,262,262.000000,agent_3,actor_logits,3,1,4,10.589972,-13.300497,3.547803,0.127791,0.972007,-13.300497,-0.810065,7.042169,10.589972,,,,
6,262,262.000000,agent_4,actor_logits,3,1,4,10.589973,-13.300497,3.547804,0.127791,0.972007,-13.300497,-0.810065,7.042170,10.589973,,,,
6,262,262.000000,agent_5,actor_logits,3,1,4,10.589972,-13.300497,3.547803,0.127791,0.972007,-13.300497,-0.810065,7.042169,10.589972,,,,
6,264,264.000000,agent_0,actor_logits,2,1,4,5.295024,-7.198732,4.117774,0.133888,0.974884,-7.198732,1.177250,5.295024,0.636296,,,,
6,264,264.000000,agent_1,actor_logits,2,1,4,5.295025,-7.198732,4.117775,0.133887,0.974884,-7.198732,1.177250,5.295025,0.636296,,,,
6,264,264.000000,agent_2,actor_logits,2,1,4,5.295024,-7.198732,4.117774,0.133888,0.974884,-7.198732,1.177251,5.295024,0.636296,,,,
6,264,264.000000,agent_3,actor_logits,2,1,4,5.295025,-7.198732,4.117775,0.133887,0.974884,-7.198732,1.177251,5.295025,0.636296,,,,
6,264,264.000000,agent_4,actor_logits,2,1,4,5.295025,-7.198732,4.117775,0.133887,0.974884,-7.198732,1.177250,5.295025,0.636296,,,,
6,264,264.000000,agent_5,actor_logits,2,1,4,5.295025,-7.198732,4.117775,0.133888,0.974884,-7.198732,1.177250,5.295025,0.636296,,,,
6,266,266.000000,agent_0,actor_logits,0,1,4,9.356964,-6.251433,10.207642,0.000456,0.999960,9.356964,-6.251433,-0.850678,-3.386692,,,,
6,266,266.000000,agent_1,actor_logits,0,1,4,9.356964,-6.251433,10.207642,0.000456,0.999960,9.356964,-6.251433,-0.850678,-3.386691,,,,
6,266,266.000000,agent_2,actor_logits,0,1,4,9.356964,-6.251433,10.207643,0.000456,0.999960,9.356964,-6.251433,-0.850679,-3.386692,,,,
6,266,266.000000,agent_3,actor_logits,0,1,4,9.356964,-6.251433,10.207642,0.000456,0.999960,9.356964,-6.251433,-0.850678,-3.386692,,,,
6,266,266.000000,agent_4,actor_logits,0,1,4,9.356964,-6.251433,10.207643,0.000456,0.999960,9.356964,-6.251433,-0.850678,-3.386692,,,,
6,266,266.000000,agent_5,actor_logits,0,1,4,9.356964,-6.251433,10.207642,0.000456,0.999960,9.356964,-6.251433,-0.850678,-3.386692,,,,
6,268,268.000000,agent_0,actor_logits,0,1,4,8.509019,-13.531344,4.387419,0.078368,0.986087,8.509019,-13.531344,2.118241,4.121600,,,,
6,268,268.000000,agent_1,actor_logits,0,1,4,8.509018,-13.531343,4.387419,0.078368,0.986087,8.509018,-13.531343,2.118241,4.121599,,,,
6,268,268.000000,agent_2,actor_logits,0,1,4,8.509018,-13.531343,4.387419,0.078368,0.986087,8.509018,-13.531343,2.118241,4.121599,,,,
6,268,268.000000,agent_3,actor_logits,0,1,4,8.509019,-13.531343,4.387420,0.078368,0.986087,8.509019,-13.531343,2.118241,4.121599,,,,
6,268,268.000000,agent_4,actor_logits,0,1,4,8.509019,-13.531343,4.387420,0.078368,0.986087,8.509019,-13.531343,2.118241,4.121599,,,,
6,268,268.000000,agent_5,actor_logits,0,1,4,8.509019,-13.531343,4.387420,0.078368,0.986087,8.509019,-13.531343,2.118241,4.121599,,,,
6,270,270.000000,agent_0,actor_logits,1,1,3,5.975664,-14.447420,4.431040,0.063950,0.988238,-14.447420,5.975664,1.544624,,,,,
6,270,270.000000,agent_1,actor_logits,1,1,3,5.975664,-14.447420,4.431039,0.063950,0.988238,-14.447420,5.975664,1.544625,,,,,
6,270,270.000000,agent_2,actor_logits,1,1,3,5.975664,-14.447420,4.431040,0.063950,0.988238,-14.447420,5.975664,1.544624,,,,,
6,270,270.000000,agent_3,actor_logits,1,1,3,5.975664,-14.447419,4.431040,0.063950,0.988238,-14.447419,5.975664,1.544624,,,,,
6,270,270.000000,agent_4,actor_logits,1,1,3,5.975665,-14.447420,4.431040,0.063950,0.988238,-14.447420,5.975665,1.544625,,,,,
6,270,270.000000,agent_5,actor_logits,1,1,3,5.975665,-14.447420,4.431041,0.063950,0.988238,-14.447420,5.975665,1.544624,,,,,
6,272,272.000000,agent_0,actor_logits,2,1,4,6.244188,-4.799906,4.808066,0.048147,0.991801,-4.799906,-3.101800,6.244188,1.436122,,,,
6,272,272.000000,agent_1,actor_logits,2,1,4,6.244188,-4.799907,4.808066,0.048147,0.991801,-4.799907,-3.101800,6.244188,1.436122,,,,
6,272,272.000000,agent_2,actor_logits,2,1,4,6.244188,-4.799907,4.808066,0.048147,0.991801,-4.799907,-3.101800,6.244188,1.436122,,,,
6,272,272.000000,agent_3,actor_logits,2,1,4,6.244188,-4.799907,4.808066,0.048147,0.991801,-4.799907,-3.101799,6.244188,1.436121,,,,
6,272,272.000000,agent_4,actor_logits,2,1,4,6.244189,-4.799907,4.808067,0.048147,0.991801,-4.799907,-3.101800,6.244189,1.436121,,,,
6,272,272.000000,agent_5,actor_logits,2,1,4,6.244188,-4.799907,4.808066,0.048147,0.991801,-4.799907,-3.101800,6.244188,1.436122,,,,
6,274,274.000000,agent_0,actor_logits,0,1,4,4.422392,-5.565396,4.302658,0.093334,0.983342,4.422392,-1.272865,0.119734,-5.565396,,,,
6,274,274.000000,agent_1,actor_logits,0,1,4,4.422393,-5.565396,4.302659,0.093334,0.983342,4.422393,-1.272865,0.119734,-5.565396,,,,
6,274,274.000000,agent_2,actor_logits,0,1,4,4.422392,-5.565396,4.302658,0.093334,0.983342,4.422392,-1.272865,0.119734,-5.565396,,,,
6,274,274.000000,agent_3,actor_logits,0,1,4,4.422393,-5.565396,4.302660,0.093333,0.983342,4.422393,-1.272864,0.119734,-5.565396,,,,
6,274,274.000000,agent_4,actor_logits,0,1,4,4.422393,-5.565397,4.302659,0.093334,0.983342,4.422393,-1.272864,0.119734,-5.565397,,,,
6,274,274.000000,agent_5,actor_logits,0,1,4,4.422393,-5.565396,4.302659,0.093334,0.983342,4.422393,-1.272865,0.119734,-5.565396,,,,
6,276,276.000000,agent_0,actor_logits,0,1,4,7.914322,-5.116703,5.346272,0.030192,0.995251,7.914322,-5.116703,-4.639106,2.568050,,,,
6,276,276.000000,agent_1,actor_logits,0,1,4,7.914322,-5.116702,5.346272,0.030192,0.995251,7.914322,-5.116702,-4.639106,2.568050,,,,
6,276,276.000000,agent_2,actor_logits,0,1,4,7.914322,-5.116703,5.346272,0.030192,0.995251,7.914322,-5.116703,-4.639106,2.568051,,,,
6,276,276.000000,agent_3,actor_logits,0,1,4,7.914322,-5.116702,5.346272,0.030192,0.995251,7.914322,-5.116702,-4.639106,2.568050,,,,
6,276,276.000000,agent_4,actor_logits,0,1,4,7.914322,-5.116702,5.346272,0.030192,0.995251,7.914322,-5.116702,-4.639106,2.568050,,,,
6,276,276.000000,agent_5,actor_logits,0,1,4,7.914323,-5.116703,5.346272,0.030192,0.995251,7.914323,-5.116703,-4.639106,2.568050,,,,
6,278,278.000000,agent_0,actor_logits,2,1,3,6.341499,-10.447237,5.738218,0.021637,0.996790,0.603281,-10.447237,6.341499,,,,,
6,278,278.000000,agent_1,actor_logits,2,1,3,6.341500,-10.447237,5.738219,0.021637,0.996790,0.603281,-10.447237,6.341500,,,,,
6,278,278.000000,agent_2,actor_logits,2,1,3,6.341499,-10.447237,5.738219,0.021637,0.996790,0.603281,-10.447237,6.341499,,,,,
6,278,278.000000,agent_3,actor_logits,2,1,3,6.341499,-10.447237,5.738218,0.021637,0.996790,0.603281,-10.447237,6.341499,,,,,
6,278,278.000000,agent_4,actor_logits,2,1,3,6.341499,-10.447236,5.738218,0.021637,0.996790,0.603281,-10.447236,6.341499,,,,,
6,278,278.000000,agent_5,actor_logits,2,1,3,6.341500,-10.447237,5.738219,0.021637,0.996790,0.603281,-10.447237,6.341500,,,,,
6,284,284.000000,agent_0,actor_logits,0,1,7,6.176219,-5.864835,0.338354,0.701492,0.581929,6.176219,-5.453227,-5.864835,5.837865,0.431143,-0.392496,-0.877444,
6,284,284.000000,agent_1,actor_logits,0,1,7,6.176220,-5.864836,0.338356,0.701492,0.581929,6.176220,-5.453227,-5.864836,5.837864,0.431144,-0.392496,-0.877444,
6,284,284.000000,agent_2,actor_logits,0,1,7,6.176219,-5.864835,0.338355,0.701492,0.581929,6.176219,-5.453228,-5.864835,5.837864,0.431144,-0.392496,-0.877444,
6,284,284.000000,agent_3,actor_logits,0,1,7,6.176219,-5.864836,0.338353,0.701492,0.581928,6.176219,-5.453227,-5.864836,5.837865,0.431144,-0.392496,-0.877445,
6,284,284.000000,agent_4,actor_logits,0,1,7,6.176220,-5.864837,0.338356,0.701492,0.581929,6.176220,-5.453227,-5.864837,5.837864,0.431144,-0.392496,-0.877444,
6,284,284.000000,agent_5,actor_logits,0,1,7,6.176219,-5.864835,0.338355,0.701492,0.581929,6.176219,-5.453228,-5.864835,5.837864,0.431144,-0.392496,-0.877444,
6,290,290.000000,agent_0,actor_logits,2,1,3,2.834552,-8.121284,9.324319,0.001130,0.999893,-6.489767,-8.121284,2.834552,,,,,
6,290,290.000000,agent_1,actor_logits,2,1,3,2.834551,-8.121284,9.324318,0.001130,0.999893,-6.489767,-8.121284,2.834551,,,,,
6,290,290.000000,agent_2,actor_logits,2,1,3,2.834552,-8.121284,9.324320,0.001130,0.999893,-6.489768,-8.121284,2.834552,,,,,
6,290,290.000000,agent_3,actor_logits,2,1,3,2.834551,-8.121283,9.324319,0.001130,0.999893,-6.489768,-8.121283,2.834551,,,,,
6,290,290.000000,agent_4,actor_logits,2,1,3,2.834551,-8.121284,9.324317,0.001130,0.999893,-6.489766,-8.121284,2.834551,,,,,
6,290,290.000000,agent_5,actor_logits,2,1,3,2.834551,-8.121283,9.324318,0.001130,0.999893,-6.489767,-8.121283,2.834551,,,,,
6,296,296.000000,agent_0,actor_logits,3,1,7,11.796405,-9.681776,5.224491,0.034403,0.994551,-9.681776,-0.593403,2.143455,11.796405,6.571914,1.126418,-0.536856,
6,296,296.000000,agent_1,actor_logits,3,1,7,11.796405,-9.681776,5.224490,0.034403,0.994551,-9.681776,-0.593403,2.143454,11.796405,6.571915,1.126418,-0.536856,
6,296,296.000000,agent_2,actor_logits,3,1,7,11.796405,-9.681776,5.224490,0.034403,0.994551,-9.681776,-0.593403,2.143454,11.796405,6.571915,1.126418,-0.536856,
6,296,296.000000,agent_3,actor_logits,3,1,7,11.796405,-9.681777,5.224490,0.034403,0.994551,-9.681777,-0.593403,2.143454,11.796405,6.571915,1.126418,-0.536856,
6,296,296.000000,agent_4,actor_logits,3,1,7,11.796405,-9.681777,5.224491,0.034403,0.994551,-9.681777,-0.593402,2.143454,11.796405,6.571914,1.126418,-0.536856,
6,296,296.000000,agent_5,actor_logits,3,1,7,11.796405,-9.681776,5.224490,0.034403,0.994551,-9.681776,-0.593403,2.143454,11.796405,6.571915,1.126418,-0.536856,
6,298,298.000000,agent_0,actor_logits,2,1,4,7.490946,-10.609260,3.140972,0.172535,0.958551,-6.290099,4.349974,7.490946,-10.609260,,,,
6,298,298.000000,agent_1,actor_logits,2,1,4,7.490946,-10.609260,3.140972,0.172535,0.958551,-6.290099,4.349974,7.490946,-10.609260,,,,
6,298,298.000000,agent_2,actor_logits,2,1,4,7.490946,-10.609260,3.140972,0.172535,0.958551,-6.290099,4.349974,7.490946,-10.609260,,,,
6,298,298.000000,agent_3,actor_logits,2,1,4,7.490946,-10.609260,3.140972,0.172535,0.958551,-6.290098,4.349974,7.490946,-10.609260,,,,
6,298,298.000000,agent_4,actor_logits,2,1,4,7.490947,-10.609260,3.140973,0.172535,0.958551,-6.290099,4.349974,7.490947,-10.609260,,,,
6,298,298.000000,agent_5,actor_logits,2,1,4,7.490946,-10.609260,3.140971,0.172535,0.958551,-6.290099,4.349975,7.490946,-10.609260,,,,
6,300,300.000000,agent_0,actor_logits,1,1,4,7.703519,-11.225326,3.905307,0.097034,0.980261,-5.844258,7.703519,3.798213,-11.225326,,,,
6,300,300.000000,agent_1,actor_logits,1,1,4,7.703520,-11.225327,3.905308,0.097034,0.980261,-5.844258,7.703520,3.798212,-11.225327,,,,
6,300,300.000000,agent_2,actor_logits,1,1,4,7.703520,-11.225327,3.905307,0.097034,0.980261,-5.844258,7.703520,3.798213,-11.225327,,,,
6,300,300.000000,agent_3,actor_logits,1,1,4,7.703519,-11.225327,3.905308,0.097034,0.980261,-5.844258,7.703519,3.798212,-11.225327,,,,
6,300,300.000000,agent_4,actor_logits,1,1,4,7.703519,-11.225327,3.905308,0.097034,0.980261,-5.844258,7.703519,3.798212,-11.225327,,,,
6,300,300.000000,agent_5,actor_logits,1,1,4,7.703520,-11.225327,3.905308,0.097034,0.980261,-5.844258,7.703520,3.798212,-11.225327,,,,
6,302,302.000000,agent_0,actor_logits,1,1,4,5.572497,-6.318323,4.639821,0.073065,0.987675,-0.301080,5.572497,-6.318323,0.932677,,,,
6,302,302.000000,agent_1,actor_logits,1,1,4,5.572497,-6.318322,4.639821,0.073065,0.987675,-0.301080,5.572497,-6.318322,0.932677,,,,
6,302,302.000000,agent_2,actor_logits,1,1,4,5.572497,-6.318322,4.639820,0.073065,0.987675,-0.301080,5.572497,-6.318322,0.932677,,,,
6,302,302.000000,agent_3,actor_logits,1,1,4,5.572497,-6.318323,4.639820,0.073065,0.987675,-0.301079,5.572497,-6.318323,0.932677,,,,
6,302,302.000000,agent_4,actor_logits,1,1,4,5.572497,-6.318323,4.639820,0.073065,0.987675,-0.301079,5.572497,-6.318323,0.932677,,,,
6,302,302.000000,agent_5,actor_logits,1,1,4,5.572497,-6.318323,4.639821,0.073065,0.987675,-0.301080,5.572497,-6.318323,0.932677,,,,
6,304,304.000000,agent_0,actor_logits,3,1,4,4.264954,-9.336792,1.240572,0.905493,0.637945,2.985948,3.024382,-9.336792,4.264954,,,,
6,304,304.000000,agent_1,actor_logits,3,1,4,4.264955,-9.336792,1.240573,0.905492,0.637945,2.985947,3.024382,-9.336792,4.264955,,,,
6,304,304.000000,agent_2,actor_logits,3,1,4,4.264955,-9.336793,1.240573,0.905492,0.637945,2.985947,3.024382,-9.336793,4.264955,,,,
6,304,304.000000,agent_3,actor_logits,3,1,4,4.264955,-9.336793,1.240573,0.905492,0.637945,2.985948,3.024381,-9.336793,4.264955,,,,
6,304,304.000000,agent_4,actor_logits,3,1,4,4.264955,-9.336793,1.240573,0.905492,0.637945,2.985947,3.024382,-9.336793,4.264955,,,,
6,304,304.000000,agent_5,actor_logits,3,1,4,4.264955,-9.336791,1.240572,0.905493,0.637945,2.985947,3.024382,-9.336791,4.264955,,,,
6,306,306.000000,agent_0,actor_logits,1,1,4,5.025055,-3.212208,4.412902,0.069842,0.987490,-3.212208,5.025055,-3.143416,0.612153,,,,
6,306,306.000000,agent_1,actor_logits,1,1,4,5.025056,-3.212208,4.412903,0.069842,0.987490,-3.212208,5.025056,-3.143417,0.612154,,,,
6,306,306.000000,agent_2,actor_logits,1,1,4,5.025056,-3.212208,4.412903,0.069842,0.987490,-3.212208,5.025056,-3.143416,0.612153,,,,
6,306,306.000000,agent_3,actor_logits,1,1,4,5.025056,-3.212208,4.412903,0.069842,0.987490,-3.212208,5.025056,-3.143417,0.612153,,,,
6,306,306.000000,agent_4,actor_logits,1,1,4,5.025056,-3.212208,4.412904,0.069842,0.987490,-3.212208,5.025056,-3.143416,0.612153,,,,
6,306,306.000000,agent_5,actor_logits,1,1,4,5.025056,-3.212208,4.412903,0.069842,0.987490,-3.212208,5.025056,-3.143417,0.612153,,,,
6,308,308.000000,agent_0,actor_logits,1,1,4,6.299567,-10.779920,3.521078,0.187949,0.960913,2.778490,6.299567,-10.779920,1.799568,,,,
6,308,308.000000,agent_1,actor_logits,1,1,4,6.299567,-10.779919,3.521079,0.187948,0.960913,2.778488,6.299567,-10.779919,1.799568,,,,
6,308,308.000000,agent_2,actor_logits,1,1,4,6.299568,-10.779919,3.521079,0.187948,0.960913,2.778489,6.299568,-10.779919,1.799568,,,,
6,308,308.000000,agent_3,actor_logits,1,1,4,6.299568,-10.779920,3.521078,0.187949,0.960913,2.778490,6.299568,-10.779920,1.799567,,,,
6,308,308.000000,agent_4,actor_logits,1,1,4,6.299567,-10.779919,3.521077,0.187949,0.960913,2.778490,6.299567,-10.779919,1.799568,,,,
6,308,308.000000,agent_5,actor_logits,1,1,4,6.299567,-10.779920,3.521077,0.187949,0.960913,2.778490,6.299567,-10.779920,1.799568,,,,
6,310,310.000000,agent_0,actor_logits,1,1,4,6.501554,-9.698592,3.708869,0.120085,0.975195,2.792685,6.501554,-9.698592,-0.478274,,,,
6,310,310.000000,agent_1,actor_logits,1,1,4,6.501554,-9.698592,3.708870,0.120085,0.975195,2.792684,6.501554,-9.698592,-0.478274,,,,
6,310,310.000000,agent_2,actor_logits,1,1,4,6.501554,-9.698591,3.708870,0.120085,0.975195,2.792684,6.501554,-9.698591,-0.478274,,,,
6,310,310.000000,agent_3,actor_logits,1,1,4,6.501554,-9.698593,3.708869,0.120085,0.975195,2.792686,6.501554,-9.698593,-0.478274,,,,
6,310,310.000000,agent_4,actor_logits,1,1,4,6.501553,-9.698592,3.708868,0.120085,0.975195,2.792686,6.501553,-9.698592,-0.478274,,,,
6,310,310.000000,agent_5,actor_logits,1,1,4,6.501554,-9.698592,3.708868,0.120085,0.975195,2.792686,6.501554,-9.698592,-0.478274,,,,
6,312,312.000000,agent_0,actor_logits,0,1,4,4.231596,-4.580299,0.662340,0.648887,0.659113,4.231596,-2.341527,-4.580299,3.569256,,,,
6,312,312.000000,agent_1,actor_logits,0,1,4,4.231596,-4.580300,0.662340,0.648887,0.659113,4.231596,-2.341527,-4.580300,3.569256,,,,
6,312,312.000000,agent_2,actor_logits,0,1,4,4.231595,-4.580299,0.662339,0.648887,0.659113,4.231595,-2.341526,-4.580299,3.569256,,,,
6,312,312.000000,agent_3,actor_logits,0,1,4,4.231597,-4.580299,0.662342,0.648887,0.659114,4.231597,-2.341527,-4.580299,3.569256,,,,
6,312,312.000000,agent_4,actor_logits,0,1,4,4.231597,-4.580299,0.662341,0.648887,0.659114,4.231597,-2.341527,-4.580299,3.569256,,,,
6,312,312.000000,agent_5,actor_logits,0,1,4,4.231596,-4.580299,0.662341,0.648887,0.659114,4.231596,-2.341527,-4.580299,3.569256,,,,
6,314,314.000000,agent_0,actor_logits,3,1,4,5.403740,-12.733597,0.301225,0.887825,0.534513,3.370794,-12.733597,5.102516,5.403740,,,,
6,314,314.000000,agent_1,actor_logits,3,1,4,5.403739,-12.733599,0.301224,0.887825,0.534513,3.370795,-12.733599,5.102516,5.403739,,,,
6,314,314.000000,agent_2,actor_logits,3,1,4,5.403739,-12.733597,0.301224,0.887825,0.534513,3.370794,-12.733597,5.102516,5.403739,,,,
6,314,314.000000,agent_3,actor_logits,3,1,4,5.403739,-12.733597,0.301224,0.887825,0.534513,3.370795,-12.733597,5.102515,5.403739,,,,
6,314,314.000000,agent_4,actor_logits,3,1,4,5.403739,-12.733597,0.301224,0.887825,0.534513,3.370794,-12.733597,5.102516,5.403739,,,,
6,314,314.000000,agent_5,actor_logits,3,1,4,5.403739,-12.733597,0.301224,0.887825,0.534513,3.370794,-12.733597,5.102515,5.403739,,,,
6,316,316.000000,agent_0,actor_logits,0,1,4,4.952983,-7.630099,2.668669,0.363107,0.908408,4.952983,1.494565,-7.630099,2.284314,,,,
6,316,316.000000,agent_1,actor_logits,0,1,4,4.952984,-7.630101,2.668672,0.363106,0.908408,4.952984,1.494564,-7.630101,2.284312,,,,
6,316,316.000000,agent_2,actor_logits,0,1,4,4.952984,-7.630101,2.668671,0.363106,0.908408,4.952984,1.494564,-7.630101,2.284313,,,,
6,316,316.000000,agent_3,actor_logits,0,1,4,4.952984,-7.630100,2.668671,0.363106,0.908408,4.952984,1.494564,-7.630100,2.284313,,,,
6,316,316.000000,agent_4,actor_logits,0,1,4,4.952984,-7.630101,2.668670,0.363106,0.908408,4.952984,1.494565,-7.630101,2.284313,,,,
6,316,316.000000,agent_5,actor_logits,0,1,4,4.952984,-7.630101,2.668671,0.363106,0.908408,4.952984,1.494564,-7.630101,2.284313,,,,
6,318,318.000000,agent_0,actor_logits,0,1,4,4.947454,-10.942211,0.080144,0.723855,0.517024,4.947454,-10.942211,4.867310,0.452253,,,,
6,318,318.000000,agent_1,actor_logits,0,1,4,4.947454,-10.942211,0.080144,0.723855,0.517024,4.947454,-10.942211,4.867311,0.452252,,,,
6,318,318.000000,agent_2,actor_logits,0,1,4,4.947455,-10.942212,0.080145,0.723855,0.517024,4.947455,-10.942212,4.867310,0.452252,,,,
6,318,318.000000,agent_3,actor_logits,0,1,4,4.947454,-10.942211,0.080144,0.723855,0.517024,4.947454,-10.942211,4.867310,0.452253,,,,
6,318,318.000000,agent_4,actor_logits,0,1,4,4.947454,-10.942211,0.080143,0.723855,0.517024,4.947454,-10.942211,4.867311,0.452253,,,,
6,318,318.000000,agent_5,actor_logits,0,1,4,4.947455,-10.942211,0.080145,0.723855,0.517024,4.947455,-10.942211,4.867310,0.452252,,,,
6,320,320.000000,agent_0,actor_logits,0,1,4,4.692639,-8.039310,0.131684,0.719107,0.530199,4.692639,0.032153,-8.039310,4.560955,,,,
6,320,320.000000,agent_1,actor_logits,0,1,4,4.692640,-8.039310,0.131684,0.719106,0.530199,4.692640,0.032152,-8.039310,4.560956,,,,
6,320,320.000000,agent_2,actor_logits,0,1,4,4.692640,-8.039310,0.131685,0.719107,0.530200,4.692640,0.032153,-8.039310,4.560955,,,,
6,320,320.000000,agent_3,actor_logits,0,1,4,4.692638,-8.039310,0.131683,0.719107,0.530199,4.692638,0.032153,-8.039310,4.560955,,,,
6,320,320.000000,agent_4,actor_logits,0,1,4,4.692639,-8.039310,0.131684,0.719107,0.530199,4.692639,0.032153,-8.039310,4.560956,,,,
6,320,320.000000,agent_5,actor_logits,0,1,4,4.692639,-8.039310,0.131685,0.719107,0.530200,4.692639,0.032153,-8.039310,4.560955,,,,
6,322,322.000000,agent_0,actor_logits,0,1,4,13.649858,-7.730071,12.001539,0.000080,0.999994,13.649858,-7.730071,-7.310847,1.648319,,,,
6,322,322.000000,agent_1,actor_logits,0,1,4,13.649858,-7.730071,12.001539,0.000080,0.999994,13.649858,-7.730071,-7.310846,1.648319,,,,
6,322,322.000000,agent_2,actor_logits,0,1,4,13.649858,-7.730070,12.001540,0.000080,0.999994,13.649858,-7.730070,-7.310846,1.648319,,,,
6,322,322.000000,agent_3,actor_logits,0,1,4,13.649858,-7.730071,12.001538,0.000080,0.999994,13.649858,-7.730071,-7.310846,1.648320,,,,
6,322,322.000000,agent_4,actor_logits,0,1,4,13.649858,-7.730072,12.001539,0.000080,0.999994,13.649858,-7.730072,-7.310846,1.648320,,,,
6,322,322.000000,agent_5,actor_logits,0,1,4,13.649858,-7.730071,12.001539,0.000080,0.999994,13.649858,-7.730071,-7.310846,1.648319,,,,
6,324,324.000000,agent_0,actor_logits,1,1,4,2.077602,-2.911642,2.964076,0.397061,0.905382,-0.886475,2.077602,-0.999627,-2.911642,,,,
6,324,324.000000,agent_1,actor_logits,1,1,4,2.077601,-2.911643,2.964076,0.397061,0.905382,-0.886475,2.077601,-0.999627,-2.911643,,,,
6,324,324.000000,agent_2,actor_logits,1,1,4,2.077602,-2.911642,2.964077,0.397061,0.905382,-0.886475,2.077602,-0.999627,-2.911642,,,,
6,324,324.000000,agent_3,actor_logits,1,1,4,2.077602,-2.911642,2.964078,0.397061,0.905382,-0.886476,2.077602,-0.999627,-2.911642,,,,
6,324,324.000000,agent_4,actor_logits,1,1,4,2.077601,-2.911642,2.964076,0.397061,0.905382,-0.886475,2.077601,-0.999627,-2.911642,,,,
6,324,324.000000,agent_5,actor_logits,1,1,4,2.077601,-2.911643,2.964076,0.397061,0.905382,-0.886475,2.077601,-0.999627,-2.911643,,,,
6,326,326.000000,agent_0,actor_logits,0,1,3,8.042435,-13.257819,6.719634,0.009307,0.998794,8.042435,1.322801,-13.257819,,,,,
6,326,326.000000,agent_1,actor_logits,0,1,3,8.042435,-13.257819,6.719634,0.009307,0.998794,8.042435,1.322801,-13.257819,,,,,
6,326,326.000000,agent_2,actor_logits,0,1,3,8.042434,-13.257819,6.719633,0.009307,0.998794,8.042434,1.322801,-13.257819,,,,,
6,326,326.000000,agent_3,actor_logits,0,1,3,8.042434,-13.257819,6.719633,0.009307,0.998794,8.042434,1.322800,-13.257819,,,,,
6,326,326.000000,agent_4,actor_logits,0,1,3,8.042435,-13.257819,6.719635,0.009307,0.998794,8.042435,1.322800,-13.257819,,,,,
6,326,326.000000,agent_5,actor_logits,0,1,3,8.042435,-13.257819,6.719635,0.009307,0.998794,8.042435,1.322800,-13.257819,,,,,
6,328,328.000000,agent_0,actor_logits,0,1,2,-4.052485,-9.708155,5.655670,0.023204,0.996515,-4.052485,-9.708155,,,,,,
6,328,328.000000,agent_1,actor_logits,0,1,2,-4.052485,-9.708153,5.655668,0.023204,0.996515,-4.052485,-9.708153,,,,,,
6,328,328.000000,agent_2,actor_logits,0,1,2,-4.052485,-9.708155,5.655670,0.023204,0.996515,-4.052485,-9.708155,,,,,,
6,328,328.000000,agent_3,actor_logits,0,1,2,-4.052485,-9.708155,5.655670,0.023204,0.996515,-4.052485,-9.708155,,,,,,
6,328,328.000000,agent_4,actor_logits,0,1,2,-4.052485,-9.708153,5.655668,0.023204,0.996515,-4.052485,-9.708153,,,,,,
6,328,328.000000,agent_5,actor_logits,0,1,2,-4.052484,-9.708155,5.655671,0.023204,0.996515,-4.052484,-9.708155,,,,,,
6,330,330.000000,agent_0,actor_logits,1,1,3,5.840337,-6.666129,11.746006,0.000151,0.999988,-5.905668,5.840337,-6.666129,,,,,
6,330,330.000000,agent_1,actor_logits,1,1,3,5.840337,-6.666128,11.746006,0.000151,0.999988,-5.905669,5.840337,-6.666128,,,,,
6,330,330.000000,agent_2,actor_logits,1,1,3,5.840337,-6.666127,11.746006,0.000151,0.999988,-5.905669,5.840337,-6.666127,,,,,
6,330,330.000000,agent_3,actor_logits,1,1,3,5.840337,-6.666128,11.746006,0.000151,0.999988,-5.905669,5.840337,-6.666128,,,,,
6,330,330.000000,agent_4,actor_logits,1,1,3,5.840337,-6.666127,11.746006,0.000151,0.999988,-5.905669,5.840337,-6.666127,,,,,
6,330,330.000000,agent_5,actor_logits,1,1,3,5.840337,-6.666128,11.746006,0.000151,0.999988,-5.905668,5.840337,-6.666128,,,,,
6,332,332.000000,agent_0,actor_logits,1,1,3,9.236054,-19.839357,11.197874,0.000167,0.999986,-19.839357,9.236054,-1.961820,,,,,
6,332,332.000000,agent_1,actor_logits,1,1,3,9.236054,-19.839357,11.197874,0.000167,0.999986,-19.839357,9.236054,-1.961820,,,,,
6,332,332.000000,agent_2,actor_logits,1,1,3,9.236053,-19.839357,11.197873,0.000167,0.999986,-19.839357,9.236053,-1.961819,,,,,
6,332,332.000000,agent_3,actor_logits,1,1,3,9.236054,-19.839357,11.197874,0.000167,0.999986,-19.839357,9.236054,-1.961820,,,,,
6,332,332.000000,agent_4,actor_logits,1,1,3,9.236053,-19.839357,11.197873,0.000167,0.999986,-19.839357,9.236053,-1.961820,,,,,
6,332,332.000000,agent_5,actor_logits,1,1,3,9.236054,-19.839357,11.197874,0.000167,0.999986,-19.839357,9.236054,-1.961820,,,,,
6,334,334.000000,agent_0,actor_logits,1,1,3,6.791646,-21.520403,3.516781,0.130681,0.971161,-21.520403,6.791646,3.274865,,,,,
6,334,334.000000,agent_1,actor_logits,1,1,3,6.791646,-21.520401,3.516780,0.130681,0.971161,-21.520401,6.791646,3.274866,,,,,
6,334,334.000000,agent_2,actor_logits,1,1,3,6.791645,-21.520401,3.516778,0.130682,0.971161,-21.520401,6.791645,3.274867,,,,,
6,334,334.000000,agent_3,actor_logits,1,1,3,6.791646,-21.520401,3.516781,0.130681,0.971161,-21.520401,6.791646,3.274865,,,,,
6,334,334.000000,agent_4,actor_logits,1,1,3,6.791646,-21.520401,3.516780,0.130681,0.971161,-21.520401,6.791646,3.274866,,,,,
6,334,334.000000,agent_5,actor_logits,1,1,3,6.791646,-21.520403,3.516780,0.130681,0.971161,-21.520403,6.791646,3.274866,,,,,
6,336,336.000000,agent_0,actor_logits,2,1,3,6.396626,-21.244081,1.780329,0.412626,0.855738,-21.244081,4.616298,6.396626,,,,,
6,336,336.000000,agent_1,actor_logits,2,1,3,6.396627,-21.244081,1.780330,0.412626,0.855738,-21.244081,4.616297,6.396627,,,,,
6,336,336.000000,agent_2,actor_logits,2,1,3,6.396628,-21.244081,1.780332,0.412626,0.855738,-21.244081,4.616296,6.396628,,,,,
6,336,336.000000,agent_3,actor_logits,2,1,3,6.396627,-21.244081,1.780330,0.412626,0.855738,-21.244081,4.616297,6.396627,,,,,
6,336,336.000000,agent_4,actor_logits,2,1,3,6.396627,-21.244081,1.780330,0.412626,0.855738,-21.244081,4.616297,6.396627,,,,,
6,336,336.000000,agent_5,actor_logits,2,1,3,6.396627,-21.244081,1.780331,0.412626,0.855738,-21.244081,4.616297,6.396627,,,,,
6,338,338.000000,agent_0,actor_logits,3,1,4,11.239626,-16.333052,5.839446,0.023189,0.996723,-16.333052,3.358164,5.400180,11.239626,,,,
6,338,338.000000,agent_1,actor_logits,3,1,4,11.239626,-16.333052,5.839446,0.023189,0.996723,-16.333052,3.358164,5.400180,11.239626,,,,
6,338,338.000000,agent_2,actor_logits,3,1,4,11.239627,-16.333052,5.839446,0.023189,0.996723,-16.333052,3.358163,5.400181,11.239627,,,,
6,338,338.000000,agent_3,actor_logits,3,1,4,11.239626,-16.333052,5.839446,0.023189,0.996723,-16.333052,3.358163,5.400180,11.239626,,,,
6,338,338.000000,agent_4,actor_logits,3,1,4,11.239626,-16.333052,5.839446,0.023189,0.996723,-16.333052,3.358164,5.400180,11.239626,,,,
6,338,338.000000,agent_5,actor_logits,3,1,4,11.239626,-16.333052,5.839446,0.023189,0.996723,-16.333052,3.358164,5.400180,11.239626,,,,
6,340,340.000000,agent_0,actor_logits,3,1,4,7.025106,-2.878116,7.672554,0.007474,0.999165,-2.878116,-0.647448,-1.020757,7.025106,,,,
6,340,340.000000,agent_1,actor_logits,3,1,4,7.025107,-2.878116,7.672555,0.007474,0.999165,-2.878116,-0.647449,-1.020757,7.025107,,,,
6,340,340.000000,agent_2,actor_logits,3,1,4,7.025107,-2.878116,7.672556,0.007474,0.999165,-2.878116,-0.647449,-1.020757,7.025107,,,,
6,340,340.000000,agent_3,actor_logits,3,1,4,7.025106,-2.878115,7.672554,0.007474,0.999165,-2.878115,-0.647448,-1.020757,7.025106,,,,
6,340,340.000000,agent_4,actor_logits,3,1,4,7.025106,-2.878116,7.672554,0.007474,0.999165,-2.878116,-0.647448,-1.020757,7.025106,,,,
6,340,340.000000,agent_5,actor_logits,3,1,4,7.025106,-2.878115,7.672555,0.007474,0.999165,-2.878115,-0.647449,-1.020758,7.025106,,,,
6,342,342.000000,agent_0,actor_logits,1,1,4,6.334859,-2.987897,8.214787,0.005113,0.999464,-1.879927,6.334859,-2.987897,-2.309136,,,,
6,342,342.000000,agent_1,actor_logits,1,1,4,6.334858,-2.987897,8.214786,0.005113,0.999464,-1.879927,6.334858,-2.987897,-2.309137,,,,
6,342,342.000000,agent_2,actor_logits,1,1,4,6.334858,-2.987897,8.214785,0.005113,0.999464,-1.879927,6.334858,-2.987897,-2.309136,,,,
6,342,342.000000,agent_3,actor_logits,1,1,4,6.334858,-2.987898,8.214786,0.005113,0.999464,-1.879928,6.334858,-2.987898,-2.309136,,,,
6,342,342.000000,agent_4,actor_logits,1,1,4,6.334858,-2.987897,8.214786,0.005113,0.999464,-1.879927,6.334858,-2.987897,-2.309137,,,,
6,342,342.000000,agent_5,actor_logits,1,1,4,6.334858,-2.987897,8.214786,0.005113,0.999464,-1.879927,6.334858,-2.987897,-2.309137,,,,
6,344,344.000000,agent_0,actor_logits,0,1,4,12.519753,-13.113924,8.528679,0.001889,0.999802,12.519753,-13.113924,-2.342014,3.991074,,,,
6,344,344.000000,agent_1,actor_logits,0,1,4,12.519753,-13.113924,8.528679,0.001889,0.999802,12.519753,-13.113924,-2.342014,3.991075,,,,
6,344,344.000000,agent_2,actor_logits,0,1,4,12.519753,-13.113924,8.528679,0.001889,0.999802,12.519753,-13.113924,-2.342014,3.991074,,,,
6,344,344.000000,agent_3,actor_logits,0,1,4,12.519753,-13.113924,8.528679,0.001889,0.999802,12.519753,-13.113924,-2.342014,3.991075,,,,
6,344,344.000000,agent_4,actor_logits,0,1,4,12.519753,-13.113924,8.528679,0.001889,0.999802,12.519753,-13.113924,-2.342014,3.991074,,,,
6,344,344.000000,agent_5,actor_logits,0,1,4,12.519754,-13.113925,8.528680,0.001889,0.999802,12.519754,-13.113925,-2.342014,3.991075,,,,
6,346,346.000000,agent_0,actor_logits,0,1,4,14.087612,-16.712410,8.516495,0.001910,0.999800,14.087612,-16.712410,-0.656640,5.571117,,,,
6,346,346.000000,agent_1,actor_logits,0,1,4,14.087611,-16.712410,8.516495,0.001910,0.999800,14.087611,-16.712410,-0.656639,5.571117,,,,
6,346,346.000000,agent_2,actor_logits,0,1,4,14.087611,-16.712410,8.516494,0.001910,0.999800,14.087611,-16.712410,-0.656640,5.571117,,,,
6,346,346.000000,agent_3,actor_logits,0,1,4,14.087612,-16.712410,8.516495,0.001910,0.999800,14.087612,-16.712410,-0.656640,5.571117,,,,
6,346,346.000000,agent_4,actor_logits,0,1,4,14.087612,-16.712410,8.516496,0.001910,0.999800,14.087612,-16.712410,-0.656640,5.571116,,,,
6,346,346.000000,agent_5,actor_logits,0,1,4,14.087612,-16.712410,8.516495,0.001910,0.999800,14.087612,-16.712410,-0.656639,5.571117,,,,
6,348,348.000000,agent_0,actor_logits,3,1,4,3.136129,-5.334543,0.778988,0.697955,0.674024,-5.334543,-0.571033,2.357141,3.136129,,,,
6,348,348.000000,agent_1,actor_logits,3,1,4,3.136129,-5.334544,0.778988,0.697955,0.674024,-5.334544,-0.571033,2.357141,3.136129,,,,
6,348,348.000000,agent_2,actor_logits,3,1,4,3.136130,-5.334543,0.778989,0.697955,0.674024,-5.334543,-0.571033,2.357141,3.136130,,,,
6,348,348.000000,agent_3,actor_logits,3,1,4,3.136129,-5.334543,0.778989,0.697955,0.674024,-5.334543,-0.571032,2.357141,3.136129,,,,
6,348,348.000000,agent_4,actor_logits,3,1,4,3.136129,-5.334543,0.778988,0.697955,0.674024,-5.334543,-0.571033,2.357141,3.136129,,,,
6,348,348.000000,agent_5,actor_logits,3,1,4,3.136129,-5.334543,0.778987,0.697955,0.674024,-5.334543,-0.571033,2.357141,3.136129,,,,
6,350,350.000000,agent_0,actor_logits,0,1,4,9.427437,-9.174901,5.934006,0.018387,0.997354,9.427437,-9.174901,-2.690722,3.493431,,,,
6,350,350.000000,agent_1,actor_logits,0,1,4,9.427437,-9.174902,5.934006,0.018387,0.997354,9.427437,-9.174902,-2.690721,3.493431,,,,
6,350,350.000000,agent_2,actor_logits,0,1,4,9.427437,-9.174902,5.934005,0.018387,0.997354,9.427437,-9.174902,-2.690722,3.493432,,,,
6,350,350.000000,agent_3,actor_logits,0,1,4,9.427437,-9.174901,5.934005,0.018387,0.997354,9.427437,-9.174901,-2.690722,3.493432,,,,
6,350,350.000000,agent_4,actor_logits,0,1,4,9.427437,-9.174900,5.934005,0.018387,0.997354,9.427437,-9.174900,-2.690722,3.493432,,,,
6,350,350.000000,agent_5,actor_logits,0,1,4,9.427437,-9.174902,5.934005,0.018387,0.997354,9.427437,-9.174902,-2.690722,3.493432,,,,
6,352,352.000000,agent_0,actor_logits,1,1,4,1.301066,-2.118516,0.447597,0.960785,0.553675,-2.118516,1.301066,-0.707171,0.853469,,,,
6,352,352.000000,agent_1,actor_logits,1,1,4,1.301066,-2.118515,0.447597,0.960785,0.553675,-2.118515,1.301066,-0.707171,0.853469,,,,
6,352,352.000000,agent_2,actor_logits,1,1,4,1.301066,-2.118516,0.447597,0.960785,0.553675,-2.118516,1.301066,-0.707170,0.853469,,,,
6,352,352.000000,agent_3,actor_logits,1,1,4,1.301065,-2.118515,0.447596,0.960785,0.553675,-2.118515,1.301065,-0.707171,0.853469,,,,
6,352,352.000000,agent_4,actor_logits,1,1,4,1.301065,-2.118516,0.447596,0.960785,0.553675,-2.118516,1.301065,-0.707171,0.853469,,,,
6,352,352.000000,agent_5,actor_logits,1,1,4,1.301065,-2.118515,0.447596,0.960785,0.553675,-2.118515,1.301065,-0.707171,0.853469,,,,
6,354,354.000000,agent_0,actor_logits,3,1,4,3.574065,-5.472227,1.561278,0.611702,0.793410,2.012787,0.586253,-5.472227,3.574065,,,,
6,354,354.000000,agent_1,actor_logits,3,1,4,3.574064,-5.472227,1.561276,0.611702,0.793409,2.012787,0.586253,-5.472227,3.574064,,,,
6,354,354.000000,agent_2,actor_logits,3,1,4,3.574064,-5.472228,1.561277,0.611702,0.793409,2.012787,0.586253,-5.472228,3.574064,,,,
6,354,354.000000,agent_3,actor_logits,3,1,4,3.574064,-5.472228,1.561277,0.611702,0.793409,2.012787,0.586253,-5.472228,3.574064,,,,
6,354,354.000000,agent_4,actor_logits,3,1,4,3.574065,-5.472227,1.561279,0.611702,0.793410,2.012786,0.586253,-5.472227,3.574065,,,,
6,354,354.000000,agent_5,actor_logits,3,1,4,3.574064,-5.472228,1.561277,0.611702,0.793409,2.012787,0.586253,-5.472228,3.574064,,,,
6,356,356.000000,agent_0,actor_logits,0,1,4,9.700251,-6.629757,7.237112,0.005929,0.999281,9.700251,-6.629757,-5.024869,2.463139,,,,
6,356,356.000000,agent_1,actor_logits,0,1,4,9.700250,-6.629757,7.237111,0.005929,0.999281,9.700250,-6.629757,-5.024868,2.463139,,,,
6,356,356.000000,agent_2,actor_logits,0,1,4,9.700249,-6.629756,7.237110,0.005929,0.999281,9.700249,-6.629756,-5.024868,2.463139,,,,
6,356,356.000000,agent_3,actor_logits,0,1,4,9.700250,-6.629756,7.237111,0.005929,0.999281,9.700250,-6.629756,-5.024869,2.463139,,,,
6,356,356.000000,agent_4,actor_logits,0,1,4,9.700249,-6.629757,7.237110,0.005929,0.999281,9.700249,-6.629757,-5.024868,2.463139,,,,
6,356,356.000000,agent_5,actor_logits,0,1,4,9.700249,-6.629756,7.237110,0.005929,0.999281,9.700249,-6.629756,-5.024869,2.463139,,,,
6,358,358.000000,agent_0,actor_logits,1,1,4,3.405477,-3.538006,2.392558,0.302922,0.914442,1.012919,3.405477,-3.538006,-3.317748,,,,
6,358,358.000000,agent_1,actor_logits,1,1,4,3.405477,-3.538006,2.392558,0.302922,0.914442,1.012919,3.405477,-3.538006,-3.317747,,,,
6,358,358.000000,agent_2,actor_logits,1,1,4,3.405477,-3.538006,2.392558,0.302922,0.914442,1.012919,3.405477,-3.538006,-3.317747,,,,
6,358,358.000000,agent_3,actor_logits,1,1,4,3.405477,-3.538006,2.392558,0.302922,0.914442,1.012919,3.405477,-3.538006,-3.317747,,,,
6,358,358.000000,agent_4,actor_logits,1,1,4,3.405477,-3.538006,2.392558,0.302922,0.914442,1.012919,3.405477,-3.538006,-3.317748,,,,
6,358,358.000000,agent_5,actor_logits,1,1,4,3.405477,-3.538006,2.392558,0.302922,0.914442,1.012919,3.405477,-3.538006,-3.317748,,,,
6,360,360.000000,agent_0,actor_logits,0,1,4,6.913328,-10.533364,3.812434,0.116209,0.976785,6.913328,0.519596,-10.533364,3.100894,,,,
6,360,360.000000,agent_1,actor_logits,0,1,4,6.913328,-10.533364,3.812434,0.116209,0.976785,6.913328,0.519595,-10.533364,3.100894,,,,
6,360,360.000000,agent_2,actor_logits,0,1,4,6.913329,-10.533364,3.812434,0.116209,0.976785,6.913329,0.519595,-10.533364,3.100895,,,,
6,360,360.000000,agent_3,actor_logits,0,1,4,6.913328,-10.533364,3.812433,0.116209,0.976785,6.913328,0.519595,-10.533364,3.100895,,,,
6,360,360.000000,agent_4,actor_logits,0,1,4,6.913329,-10.533364,3.812434,0.116209,0.976785,6.913329,0.519594,-10.533364,3.100894,,,,
6,360,360.000000,agent_5,actor_logits,0,1,4,6.913329,-10.533365,3.812434,0.116209,0.976785,6.913329,0.519595,-10.533365,3.100895,,,,
6,362,362.000000,agent_0,actor_logits,0,1,3,10.138752,-16.583479,8.755445,0.001537,0.999842,10.138752,1.383307,-16.583479,,,,,
6,362,362.000000,agent_1,actor_logits,0,1,3,10.138752,-16.583479,8.755445,0.001537,0.999842,10.138752,1.383307,-16.583479,,,,,
6,362,362.000000,agent_2,actor_logits,0,1,3,10.138751,-16.583479,8.755444,0.001537,0.999842,10.138751,1.383307,-16.583479,,,,,
6,362,362.000000,agent_3,actor_logits,0,1,3,10.138751,-16.583479,8.755444,0.001537,0.999842,10.138751,1.383308,-16.583479,,,,,
6,362,362.000000,agent_4,actor_logits,0,1,3,10.138751,-16.583479,8.755444,0.001537,0.999842,10.138751,1.383307,-16.583479,,,,,
6,362,362.000000,agent_5,actor_logits,0,1,3,10.138751,-16.583479,8.755444,0.001537,0.999842,10.138751,1.383307,-16.583479,,,,,
6,364,364.000000,agent_0,actor_logits,0,1,2,-6.346082,-9.590167,3.244085,0.160046,0.962460,-6.346082,-9.590167,,,,,,
6,364,364.000000,agent_1,actor_logits,0,1,2,-6.346083,-9.590167,3.244084,0.160046,0.962460,-6.346083,-9.590167,,,,,,
6,364,364.000000,agent_2,actor_logits,0,1,2,-6.346083,-9.590167,3.244084,0.160046,0.962460,-6.346083,-9.590167,,,,,,
6,364,364.000000,agent_3,actor_logits,0,1,2,-6.346083,-9.590168,3.244085,0.160046,0.962460,-6.346083,-9.590168,,,,,,
6,364,364.000000,agent_4,actor_logits,0,1,2,-6.346083,-9.590167,3.244084,0.160046,0.962460,-6.346083,-9.590167,,,,,,
6,364,364.000000,agent_5,actor_logits,0,1,2,-6.346082,-9.590167,3.244085,0.160046,0.962460,-6.346082,-9.590167,,,,,,
6,366,366.000000,agent_0,actor_logits,1,1,3,2.937214,-6.042305,7.197541,0.007386,0.999126,-4.260327,2.937214,-6.042305,,,,,
6,366,366.000000,agent_1,actor_logits,1,1,3,2.937214,-6.042305,7.197542,0.007386,0.999126,-4.260328,2.937214,-6.042305,,,,,
6,366,366.000000,agent_2,actor_logits,1,1,3,2.937214,-6.042305,7.197541,0.007386,0.999126,-4.260327,2.937214,-6.042305,,,,,
6,366,366.000000,agent_3,actor_logits,1,1,3,2.937214,-6.042306,7.197540,0.007386,0.999126,-4.260326,2.937214,-6.042306,,,,,
6,366,366.000000,agent_4,actor_logits,1,1,3,2.937214,-6.042305,7.197542,0.007386,0.999126,-4.260328,2.937214,-6.042305,,,,,
6,366,366.000000,agent_5,actor_logits,1,1,3,2.937215,-6.042306,7.197542,0.007386,0.999126,-4.260328,2.937215,-6.042306,,,,,
6,368,368.000000,agent_0,actor_logits,1,1,3,7.738688,-15.840570,11.706860,0.000105,0.999992,-15.840570,7.738688,-3.968172,,,,,
6,368,368.000000,agent_1,actor_logits,1,1,3,7.738687,-15.840571,11.706859,0.000105,0.999992,-15.840571,7.738687,-3.968172,,,,,
6,368,368.000000,agent_2,actor_logits,1,1,3,7.738687,-15.840570,11.706859,0.000105,0.999992,-15.840570,7.738687,-3.968171,,,,,
6,368,368.000000,agent_3,actor_logits,1,1,3,7.738688,-15.840570,11.706861,0.000105,0.999992,-15.840570,7.738688,-3.968173,,,,,
6,368,368.000000,agent_4,actor_logits,1,1,3,7.738688,-15.840571,11.706860,0.000105,0.999992,-15.840571,7.738688,-3.968172,,,,,
6,368,368.000000,agent_5,actor_logits,1,1,3,7.738688,-15.840571,11.706860,0.000105,0.999992,-15.840571,7.738688,-3.968171,,,,,
6,370,370.000000,agent_0,actor_logits,1,1,3,7.262914,-20.635607,7.344644,0.005388,0.999354,-20.635607,7.262914,-0.081730,,,,,
6,370,370.000000,agent_1,actor_logits,1,1,3,7.262914,-20.635607,7.344643,0.005388,0.999354,-20.635607,7.262914,-0.081730,,,,,
6,370,370.000000,agent_2,actor_logits,1,1,3,7.262914,-20.635607,7.344643,0.005388,0.999354,-20.635607,7.262914,-0.081729,,,,,
6,370,370.000000,agent_3,actor_logits,1,1,3,7.262914,-20.635605,7.344645,0.005388,0.999354,-20.635605,7.262914,-0.081730,,,,,
6,370,370.000000,agent_4,actor_logits,1,1,3,7.262914,-20.635607,7.344644,0.005388,0.999354,-20.635607,7.262914,-0.081730,,,,,
6,370,370.000000,agent_5,actor_logits,1,1,3,7.262913,-20.635607,7.344642,0.005388,0.999354,-20.635607,7.262913,-0.081729,,,,,
6,372,372.000000,agent_0,actor_logits,1,1,3,7.269520,-22.184240,4.101808,0.083158,0.983726,-22.184240,7.269520,3.167713,,,,,
6,372,372.000000,agent_1,actor_logits,1,1,3,7.269520,-22.184244,4.101807,0.083158,0.983726,-22.184244,7.269520,3.167713,,,,,
6,372,372.000000,agent_2,actor_logits,1,1,3,7.269519,-22.184242,4.101806,0.083158,0.983726,-22.184242,7.269519,3.167713,,,,,
6,372,372.000000,agent_3,actor_logits,1,1,3,7.269520,-22.184242,4.101808,0.083158,0.983726,-22.184242,7.269520,3.167713,,,,,
6,372,372.000000,agent_4,actor_logits,1,1,3,7.269520,-22.184240,4.101807,0.083158,0.983726,-22.184240,7.269520,3.167713,,,,,
6,372,372.000000,agent_5,actor_logits,1,1,3,7.269519,-22.184242,4.101806,0.083158,0.983726,-22.184242,7.269519,3.167714,,,,,
6,374,374.000000,agent_0,actor_logits,2,1,3,9.455441,-18.452814,10.036366,0.000483,0.999956,-18.452814,-0.580925,9.455441,,,,,
6,374,374.000000,agent_1,actor_logits,2,1,3,9.455441,-18.452814,10.036366,0.000483,0.999956,-18.452814,-0.580925,9.455441,,,,,
6,374,374.000000,agent_2,actor_logits,2,1,3,9.455441,-18.452814,10.036367,0.000483,0.999956,-18.452814,-0.580926,9.455441,,,,,
6,374,374.000000,agent_3,actor_logits,2,1,3,9.455441,-18.452814,10.036366,0.000483,0.999956,-18.452814,-0.580925,9.455441,,,,,
6,374,374.000000,agent_4,actor_logits,2,1,3,9.455441,-18.452814,10.036366,0.000483,0.999956,-18.452814,-0.580925,9.455441,,,,,
6,374,374.000000,agent_5,actor_logits,2,1,3,9.455441,-18.452812,10.036366,0.000483,0.999956,-18.452812,-0.580926,9.455441,,,,,
6,376,376.000000,agent_0,actor_logits,3,1,4,8.834150,-6.874563,6.328249,0.013318,0.998196,-6.874563,2.505901,-1.901335,8.834150,,,,
6,376,376.000000,agent_1,actor_logits,3,1,4,8.834150,-6.874563,6.328249,0.013318,0.998196,-6.874563,2.505901,-1.901335,8.834150,,,,
6,376,376.000000,agent_2,actor_logits,3,1,4,8.834150,-6.874563,6.328250,0.013318,0.998196,-6.874563,2.505901,-1.901334,8.834150,,,,
6,376,376.000000,agent_3,actor_logits,3,1,4,8.834150,-6.874563,6.328249,0.013318,0.998196,-6.874563,2.505901,-1.901335,8.834150,,,,
6,376,376.000000,agent_4,actor_logits,3,1,4,8.834151,-6.874563,6.328250,0.013318,0.998196,-6.874563,2.505901,-1.901335,8.834151,,,,
6,376,376.000000,agent_5,actor_logits,3,1,4,8.834150,-6.874563,6.328250,0.013318,0.998196,-6.874563,2.505900,-1.901334,8.834150,,,,
6,378,378.000000,agent_0,actor_logits,3,1,4,5.698453,-3.324697,5.296511,0.041086,0.993812,-1.116619,0.401942,-3.324697,5.698453,,,,
6,378,378.000000,agent_1,actor_logits,3,1,4,5.698453,-3.324697,5.296511,0.041086,0.993812,-1.116619,0.401942,-3.324697,5.698453,,,,
6,378,378.000000,agent_2,actor_logits,3,1,4,5.698453,-3.324697,5.296512,0.041086,0.993812,-1.116619,0.401942,-3.324697,5.698453,,,,
6,378,378.000000,agent_3,actor_logits,3,1,4,5.698453,-3.324697,5.296511,0.041086,0.993812,-1.116619,0.401943,-3.324697,5.698453,,,,
6,378,378.000000,agent_4,actor_logits,3,1,4,5.698453,-3.324696,5.296511,0.041086,0.993812,-1.116619,0.401942,-3.324696,5.698453,,,,
6,378,378.000000,agent_5,actor_logits,3,1,4,5.698454,-3.324697,5.296512,0.041086,0.993812,-1.116619,0.401942,-3.324697,5.698454,,,,
6,380,380.000000,agent_0,actor_logits,1,1,4,3.807899,-5.966308,2.624358,0.467648,0.873545,1.183541,3.807899,-5.966308,1.179826,,,,
6,380,380.000000,agent_1,actor_logits,1,1,4,3.807899,-5.966307,2.624358,0.467649,0.873545,1.183541,3.807899,-5.966307,1.179827,,,,
6,380,380.000000,agent_2,actor_logits,1,1,4,3.807898,-5.966307,2.624357,0.467649,0.873545,1.183541,3.807898,-5.966307,1.179827,,,,
6,380,380.000000,agent_3,actor_logits,1,1,4,3.807899,-5.966308,2.624357,0.467649,0.873545,1.183541,3.807899,-5.966308,1.179827,,,,
6,380,380.000000,agent_4,actor_logits,1,1,4,3.807899,-5.966307,2.624357,0.467649,0.873545,1.183541,3.807899,-5.966307,1.179826,,,,
6,380,380.000000,agent_5,actor_logits,1,1,4,3.807898,-5.966307,2.624357,0.467649,0.873545,1.183541,3.807898,-5.966307,1.179827,,,,
6,382,382.000000,agent_0,actor_logits,0,1,4,7.076458,-10.341908,4.717752,0.071069,0.988150,7.076458,2.358707,-10.341908,1.286263,,,,
6,382,382.000000,agent_1,actor_logits,0,1,4,7.076459,-10.341908,4.717752,0.071069,0.988150,7.076459,2.358706,-10.341908,1.286263,,,,
6,382,382.000000,agent_2,actor_logits,0,1,4,7.076458,-10.341908,4.717752,0.071069,0.988150,7.076458,2.358706,-10.341908,1.286263,,,,
6,382,382.000000,agent_3,actor_logits,0,1,4,7.076458,-10.341908,4.717752,0.071069,0.988150,7.076458,2.358706,-10.341908,1.286263,,,,
6,382,382.000000,agent_4,actor_logits,0,1,4,7.076459,-10.341908,4.717752,0.071069,0.988150,7.076459,2.358707,-10.341908,1.286263,,,,
6,382,382.000000,agent_5,actor_logits,0,1,4,7.076459,-10.341908,4.717753,0.071069,0.988150,7.076459,2.358706,-10.341908,1.286263,,,,
6,384,384.000000,agent_0,actor_logits,0,1,4,10.539557,-11.586422,6.752076,0.009088,0.998830,10.539557,-11.586422,-2.217046,3.787480,,,,
6,384,384.000000,agent_1,actor_logits,0,1,4,10.539557,-11.586422,6.752077,0.009088,0.998830,10.539557,-11.586422,-2.217047,3.787481,,,,
6,384,384.000000,agent_2,actor_logits,0,1,4,10.539557,-11.586422,6.752077,0.009088,0.998830,10.539557,-11.586422,-2.217046,3.787480,,,,
6,384,384.000000,agent_3,actor_logits,0,1,4,10.539557,-11.586422,6.752077,0.009088,0.998830,10.539557,-11.586422,-2.217047,3.787480,,,,
6,384,384.000000,agent_4,actor_logits,0,1,4,10.539557,-11.586422,6.752076,0.009088,0.998830,10.539557,-11.586422,-2.217046,3.787480,,,,
6,384,384.000000,agent_5,actor_logits,0,1,4,10.539557,-11.586422,6.752077,0.009088,0.998830,10.539557,-11.586422,-2.217046,3.787480,,,,
6,386,386.000000,agent_0,actor_logits,3,1,4,4.049204,-4.736596,0.521825,0.666804,0.627044,-4.736596,-2.679590,3.527379,4.049204,,,,
6,386,386.000000,agent_1,actor_logits,3,1,4,4.049204,-4.736597,0.521825,0.666804,0.627044,-4.736597,-2.679590,3.527379,4.049204,,,,
6,386,386.000000,agent_2,actor_logits,3,1,4,4.049205,-4.736596,0.521826,0.666804,0.627044,-4.736596,-2.679590,3.527379,4.049205,,,,
6,386,386.000000,agent_3,actor_logits,3,1,4,4.049204,-4.736597,0.521825,0.666804,0.627043,-4.736597,-2.679589,3.527379,4.049204,,,,
6,386,386.000000,agent_4,actor_logits,3,1,4,4.049204,-4.736596,0.521825,0.666804,0.627044,-4.736596,-2.679590,3.527379,4.049204,,,,
6,386,386.000000,agent_5,actor_logits,3,1,4,4.049204,-4.736596,0.521824,0.666804,0.627043,-4.736596,-2.679590,3.527380,4.049204,,,,
6,388,388.000000,agent_0,actor_logits,0,1,4,7.560338,-7.455149,5.132248,0.036521,0.994085,7.560338,-2.405314,-7.455149,2.428089,,,,
6,388,388.000000,agent_1,actor_logits,0,1,4,7.560338,-7.455149,5.132248,0.036521,0.994085,7.560338,-2.405314,-7.455149,2.428090,,,,
6,388,388.000000,agent_2,actor_logits,0,1,4,7.560338,-7.455149,5.132247,0.036521,0.994085,7.560338,-2.405314,-7.455149,2.428090,,,,
6,388,388.000000,agent_3,actor_logits,0,1,4,7.560337,-7.455149,5.132247,0.036521,0.994085,7.560337,-2.405314,-7.455149,2.428090,,,,
6,388,388.000000,agent_4,actor_logits,0,1,4,7.560338,-7.455149,5.132247,0.036521,0.994085,7.560338,-2.405315,-7.455149,2.428090,,,,
6,388,388.000000,agent_5,actor_logits,0,1,4,7.560338,-7.455149,5.132249,0.036521,0.994085,7.560338,-2.405315,-7.455149,2.428090,,,,
6,390,390.000000,agent_0,actor_logits,2,1,4,2.661294,-2.857750,1.789434,0.488326,0.844435,-1.669356,-2.857750,2.661294,0.871860,,,,
6,390,390.000000,agent_1,actor_logits,2,1,4,2.661294,-2.857750,1.789433,0.488326,0.844435,-1.669356,-2.857750,2.661294,0.871860,,,,
6,390,390.000000,agent_2,actor_logits,2,1,4,2.661294,-2.857751,1.789434,0.488326,0.844435,-1.669356,-2.857751,2.661294,0.871860,,,,
6,390,390.000000,agent_3,actor_logits,2,1,4,2.661293,-2.857750,1.789433,0.488326,0.844435,-1.669355,-2.857750,2.661293,0.871861,,,,
6,390,390.000000,agent_4,actor_logits,2,1,4,2.661294,-2.857751,1.789433,0.488326,0.844435,-1.669356,-2.857751,2.661294,0.871861,,,,
6,390,390.000000,agent_5,actor_logits,2,1,4,2.661295,-2.857751,1.789435,0.488326,0.844435,-1.669356,-2.857751,2.661295,0.871860,,,,
6,392,392.000000,agent_0,actor_logits,0,1,4,13.444401,-10.843525,13.133743,0.000029,0.999998,13.444401,-10.843525,-3.188542,0.310658,,,,
6,392,392.000000,agent_1,actor_logits,0,1,4,13.444401,-10.843525,13.133743,0.000029,0.999998,13.444401,-10.843525,-3.188543,0.310657,,,,
6,392,392.000000,agent_2,actor_logits,0,1,4,13.444401,-10.843523,13.133743,0.000029,0.999998,13.444401,-10.843523,-3.188542,0.310657,,,,
6,392,392.000000,agent_3,actor_logits,0,1,4,13.444401,-10.843525,13.133743,0.000029,0.999998,13.444401,-10.843525,-3.188543,0.310657,,,,
6,392,392.000000,agent_4,actor_logits,0,1,4,13.444399,-10.843524,13.133741,0.000029,0.999998,13.444399,-10.843524,-3.188542,0.310658,,,,
6,392,392.000000,agent_5,actor_logits,0,1,4,13.444401,-10.843525,13.133743,0.000029,0.999998,13.444401,-10.843525,-3.188542,0.310658,,,,
6,394,394.000000,agent_0,actor_logits,1,1,3,9.082466,-7.437289,15.714726,0.000004,1.000000,-7.437289,9.082466,-6.632260,,,,,
6,394,394.000000,agent_1,actor_logits,1,1,3,9.082466,-7.437289,15.714726,0.000004,1.000000,-7.437289,9.082466,-6.632260,,,,,
6,394,394.000000,agent_2,actor_logits,1,1,3,9.082466,-7.437289,15.714725,0.000004,1.000000,-7.437289,9.082466,-6.632260,,,,,
6,394,394.000000,agent_3,actor_logits,1,1,3,9.082465,-7.437289,15.714725,0.000004,1.000000,-7.437289,9.082465,-6.632260,,,,,
6,394,394.000000,agent_4,actor_logits,1,1,3,9.082467,-7.437290,15.714727,0.000004,1.000000,-7.437290,9.082467,-6.632260,,,,,
6,394,394.000000,agent_5,actor_logits,1,1,3,9.082466,-7.437289,15.714725,0.000004,1.000000,-7.437289,9.082466,-6.632259,,,,,
6,396,396.000000,agent_0,actor_logits,1,1,3,10.826258,-13.363622,17.410025,0.000000,1.000000,-13.363622,10.826258,-6.583766,,,,,
6,396,396.000000,agent_1,actor_logits,1,1,3,10.826259,-13.363622,17.410025,0.000000,1.000000,-13.363622,10.826259,-6.583766,,,,,
6,396,396.000000,agent_2,actor_logits,1,1,3,10.826259,-13.363622,17.410025,0.000000,1.000000,-13.363622,10.826259,-6.583766,,,,,
6,396,396.000000,agent_3,actor_logits,1,1,3,10.826258,-13.363622,17.410023,0.000000,1.000000,-13.363622,10.826258,-6.583766,,,,,
6,396,396.000000,agent_4,actor_logits,1,1,3,10.826259,-13.363623,17.410025,0.000000,1.000000,-13.363623,10.826259,-6.583766,,,,,
6,396,396.000000,agent_5,actor_logits,1,1,3,10.826259,-13.363622,17.410025,0.000000,1.000000,-13.363622,10.826259,-6.583766,,,,,
6,398,398.000000,agent_0,actor_logits,2,1,4,7.412296,-4.538865,9.163799,0.001564,0.999852,-2.788464,-4.538865,7.412296,-1.751503,,,,
6,398,398.000000,agent_1,actor_logits,2,1,4,7.412296,-4.538866,9.163800,0.001564,0.999852,-2.788464,-4.538866,7.412296,-1.751504,,,,
6,398,398.000000,agent_2,actor_logits,2,1,4,7.412296,-4.538866,9.163799,0.001564,0.999852,-2.788464,-4.538866,7.412296,-1.751504,,,,
6,398,398.000000,agent_3,actor_logits,2,1,4,7.412296,-4.538865,9.163800,0.001564,0.999852,-2.788464,-4.538865,7.412296,-1.751504,,,,
6,398,398.000000,agent_4,actor_logits,2,1,4,7.412296,-4.538865,9.163800,0.001564,0.999852,-2.788464,-4.538865,7.412296,-1.751504,,,,
6,398,398.000000,agent_5,actor_logits,2,1,4,7.412296,-4.538865,9.163800,0.001564,0.999852,-2.788464,-4.538865,7.412296,-1.751504,,,,
6,400,400.000000,agent_0,actor_logits,1,1,4,5.124635,-9.313542,1.437546,0.490158,0.807977,-3.686232,5.124635,3.687089,-9.313542,,,,
6,400,400.000000,agent_1,actor_logits,1,1,4,5.124635,-9.313542,1.437546,0.490158,0.807977,-3.686233,5.124635,3.687089,-9.313542,,,,
6,400,400.000000,agent_2,actor_logits,1,1,4,5.124635,-9.313542,1.437546,0.490158,0.807977,-3.686232,5.124635,3.687089,-9.313542,,,,
6,400,400.000000,agent_3,actor_logits,1,1,4,5.124636,-9.313543,1.437547,0.490158,0.807977,-3.686232,5.124636,3.687088,-9.313543,,,,
6,400,400.000000,agent_4,actor_logits,1,1,4,5.124637,-9.313543,1.437549,0.490158,0.807977,-3.686232,5.124637,3.687088,-9.313543,,,,
6,400,400.000000,agent_5,actor_logits,1,1,4,5.124635,-9.313543,1.437547,0.490158,0.807977,-3.686232,5.124635,3.687088,-9.313543,,,,
6,402,402.000000,agent_0,actor_logits,0,1,4,9.145432,-6.432041,6.632211,0.010065,0.998683,9.145432,-4.302120,-6.432041,2.513221,,,,
6,402,402.000000,agent_1,actor_logits,0,1,4,9.145432,-6.432041,6.632211,0.010065,0.998683,9.145432,-4.302120,-6.432041,2.513221,,,,
6,402,402.000000,agent_2,actor_logits,0,1,4,9.145432,-6.432041,6.632211,0.010065,0.998683,9.145432,-4.302120,-6.432041,2.513221,,,,
6,402,402.000000,agent_3,actor_logits,0,1,4,9.145432,-6.432040,6.632211,0.010065,0.998683,9.145432,-4.302120,-6.432040,2.513221,,,,
6,402,402.000000,agent_4,actor_logits,0,1,4,9.145432,-6.432041,6.632211,0.010065,0.998683,9.145432,-4.302119,-6.432041,2.513221,,,,
6,402,402.000000,agent_5,actor_logits,0,1,4,9.145432,-6.432041,6.632211,0.010065,0.998683,9.145432,-4.302120,-6.432041,2.513220,,,,
6,404,404.000000,agent_0,actor_logits,0,1,4,10.489532,-10.457411,8.073728,0.002882,0.999684,10.489532,-10.457411,-1.913503,2.415804,,,,
6,404,404.000000,agent_1,actor_logits,0,1,4,10.489532,-10.457411,8.073729,0.002882,0.999684,10.489532,-10.457411,-1.913502,2.415804,,,,
6,404,404.000000,agent_2,actor_logits,0,1,4,10.489532,-10.457411,8.073729,0.002882,0.999684,10.489532,-10.457411,-1.913503,2.415804,,,,
6,404,404.000000,agent_3,actor_logits,0,1,4,10.489532,-10.457411,8.073729,0.002882,0.999684,10.489532,-10.457411,-1.913502,2.415804,,,,
6,404,404.000000,agent_4,actor_logits,0,1,4,10.489532,-10.457411,8.073729,0.002882,0.999684,10.489532,-10.457411,-1.913503,2.415804,,,,
6,404,404.000000,agent_5,actor_logits,0,1,4,10.489532,-10.457411,8.073729,0.002882,0.999684,10.489532,-10.457411,-1.913503,2.415804,,,,
6,406,406.000000,agent_0,actor_logits,0,1,3,1.272117,-6.985832,0.355293,0.679002,0.587811,1.272117,0.916824,-6.985832,,,,,
6,406,406.000000,agent_1,actor_logits,0,1,3,1.272118,-6.985832,0.355294,0.679002,0.587811,1.272118,0.916824,-6.985832,,,,,
6,406,406.000000,agent_2,actor_logits,0,1,3,1.272118,-6.985832,0.355294,0.679002,0.587811,1.272118,0.916824,-6.985832,,,,,
6,406,406.000000,agent_3,actor_logits,0,1,3,1.272118,-6.985832,0.355294,0.679002,0.587811,1.272118,0.916823,-6.985832,,,,,
6,406,406.000000,agent_4,actor_logits,0,1,3,1.272118,-6.985832,0.355294,0.679002,0.587811,1.272118,0.916824,-6.985832,,,,,
6,406,406.000000,agent_5,actor_logits,0,1,3,1.272118,-6.985832,0.355294,0.679002,0.587811,1.272118,0.916824,-6.985832,,,,,
6,408,408.000000,agent_0,actor_logits,0,1,3,5.622556,-6.270394,9.215221,0.001105,0.999894,5.622556,-3.592666,-6.270394,,,,,
6,408,408.000000,agent_1,actor_logits,0,1,3,5.622555,-6.270393,9.215220,0.001105,0.999894,5.622555,-3.592665,-6.270393,,,,,
6,408,408.000000,agent_2,actor_logits,0,1,3,5.622555,-6.270393,9.215221,0.001105,0.999894,5.622555,-3.592666,-6.270393,,,,,
6,408,408.000000,agent_3,actor_logits,0,1,3,5.622556,-6.270393,9.215221,0.001105,0.999894,5.622556,-3.592666,-6.270393,,,,,
6,408,408.000000,agent_4,actor_logits,0,1,3,5.622556,-6.270393,9.215222,0.001105,0.999894,5.622556,-3.592666,-6.270393,,,,,
6,408,408.000000,agent_5,actor_logits,0,1,3,5.622555,-6.270393,9.215221,0.001105,0.999894,5.622555,-3.592666,-6.270393,,,,,
6,410,410.000000,agent_0,actor_logits,0,1,3,3.339480,-4.004940,5.756824,0.026657,0.996207,3.339480,-4.004940,-2.417344,,,,,
6,410,410.000000,agent_1,actor_logits,0,1,3,3.339480,-4.004940,5.756824,0.026657,0.996207,3.339480,-4.004940,-2.417344,,,,,
6,410,410.000000,agent_2,actor_logits,0,1,3,3.339479,-4.004941,5.756824,0.026657,0.996207,3.339479,-4.004941,-2.417344,,,,,
6,410,410.000000,agent_3,actor_logits,0,1,3,3.339480,-4.004940,5.756824,0.026657,0.996207,3.339480,-4.004940,-2.417344,,,,,
6,410,410.000000,agent_4,actor_logits,0,1,3,3.339480,-4.004941,5.756824,0.026657,0.996207,3.339480,-4.004941,-2.417344,,,,,
6,410,410.000000,agent_5,actor_logits,0,1,3,3.339479,-4.004941,5.756824,0.026657,0.996207,3.339479,-4.004941,-2.417344,,,,,
6,412,412.000000,agent_0,actor_logits,1,1,3,2.268236,-7.121553,2.341107,0.298136,0.912155,-0.072871,2.268236,-7.121553,,,,,
6,412,412.000000,agent_1,actor_logits,1,1,3,2.268237,-7.121554,2.341107,0.298136,0.912155,-0.072870,2.268237,-7.121554,,,,,
6,412,412.000000,agent_2,actor_logits,1,1,3,2.268237,-7.121554,2.341108,0.298136,0.912155,-0.072872,2.268237,-7.121554,,,,,
6,412,412.000000,agent_3,actor_logits,1,1,3,2.268237,-7.121554,2.341108,0.298136,0.912155,-0.072871,2.268237,-7.121554,,,,,
6,412,412.000000,agent_4,actor_logits,1,1,3,2.268237,-7.121554,2.341107,0.298136,0.912155,-0.072870,2.268237,-7.121554,,,,,
6,412,412.000000,agent_5,actor_logits,1,1,3,2.268237,-7.121553,2.341109,0.298136,0.912155,-0.072872,2.268237,-7.121553,,,,,
6,414,414.000000,agent_0,actor_logits,2,1,3,-0.364147,-3.571738,0.970983,0.700613,0.704640,-3.571738,-1.335129,-0.364147,,,,,
6,414,414.000000,agent_1,actor_logits,2,1,3,-0.364146,-3.571739,0.970983,0.700613,0.704640,-3.571739,-1.335129,-0.364146,,,,,
6,414,414.000000,agent_2,actor_logits,2,1,3,-0.364147,-3.571739,0.970982,0.700614,0.704640,-3.571739,-1.335129,-0.364147,,,,,
6,414,414.000000,agent_3,actor_logits,2,1,3,-0.364147,-3.571739,0.970982,0.700613,0.704640,-3.571739,-1.335128,-0.364147,,,,,
6,414,414.000000,agent_4,actor_logits,2,1,3,-0.364147,-3.571738,0.970982,0.700614,0.704640,-3.571738,-1.335129,-0.364147,,,,,
6,414,414.000000,agent_5,actor_logits,2,1,3,-0.364147,-3.571739,0.970982,0.700613,0.704640,-3.571739,-1.335129,-0.364147,,,,,
6,416,416.000000,agent_0,actor_logits,3,1,4,3.662488,-6.131490,2.332704,0.556394,0.837684,-6.131490,1.326126,1.329784,3.662488,,,,
6,416,416.000000,agent_1,actor_logits,3,1,4,3.662489,-6.131491,2.332704,0.556394,0.837684,-6.131491,1.326125,1.329785,3.662489,,,,
6,416,416.000000,agent_2,actor_logits,3,1,4,3.662489,-6.131492,2.332704,0.556394,0.837684,-6.131492,1.326125,1.329786,3.662489,,,,
6,416,416.000000,agent_3,actor_logits,3,1,4,3.662490,-6.131491,2.332705,0.556394,0.837684,-6.131491,1.326125,1.329785,3.662490,,,,
6,416,416.000000,agent_4,actor_logits,3,1,4,3.662488,-6.131491,2.332704,0.556394,0.837684,-6.131491,1.326126,1.329785,3.662488,,,,
6,416,416.000000,agent_5,actor_logits,3,1,4,3.662489,-6.131491,2.332703,0.556394,0.837684,-6.131491,1.326125,1.329786,3.662489,,,,
6,418,418.000000,agent_0,actor_logits,0,1,4,5.849986,-6.971155,2.069605,0.355635,0.887390,5.849986,-6.971155,-1.471358,3.780381,,,,
6,418,418.000000,agent_1,actor_logits,0,1,4,5.849985,-6.971156,2.069604,0.355635,0.887390,5.849985,-6.971156,-1.471357,3.780381,,,,
6,418,418.000000,agent_2,actor_logits,0,1,4,5.849985,-6.971156,2.069602,0.355636,0.887390,5.849985,-6.971156,-1.471357,3.780383,,,,
6,418,418.000000,agent_3,actor_logits,0,1,4,5.849985,-6.971156,2.069603,0.355635,0.887390,5.849985,-6.971156,-1.471357,3.780382,,,,
6,418,418.000000,agent_4,actor_logits,0,1,4,5.849986,-6.971156,2.069604,0.355635,0.887390,5.849986,-6.971156,-1.471358,3.780382,,,,
6,418,418.000000,agent_5,actor_logits,0,1,4,5.849985,-6.971156,2.069602,0.355635,0.887390,5.849985,-6.971156,-1.471357,3.780382,,,,
6,420,420.000000,agent_0,actor_logits,2,1,4,3.489856,-5.484313,2.516996,0.401215,0.895194,-5.484313,0.172492,3.489856,0.972860,,,,
6,420,420.000000,agent_1,actor_logits,2,1,4,3.489857,-5.484313,2.516998,0.401215,0.895194,-5.484313,0.172492,3.489857,0.972859,,,,
6,420,420.000000,agent_2,actor_logits,2,1,4,3.489858,-5.484313,2.516999,0.401215,0.895194,-5.484313,0.172491,3.489858,0.972859,,,,
6,420,420.000000,agent_3,actor_logits,2,1,4,3.489856,-5.484313,2.516998,0.401215,0.895194,-5.484313,0.172492,3.489856,0.972859,,,,
6,420,420.000000,agent_4,actor_logits,2,1,4,3.489856,-5.484312,2.516996,0.401215,0.895194,-5.484312,0.172493,3.489856,0.972860,,,,
6,420,420.000000,agent_5,actor_logits,2,1,4,3.489857,-5.484313,2.516998,0.401215,0.895194,-5.484313,0.172492,3.489857,0.972859,,,,
6,422,422.000000,agent_0,actor_logits,0,1,4,6.358044,-9.860520,3.402466,0.162602,0.964838,6.358044,-9.860520,0.598336,2.955579,,,,
6,422,422.000000,agent_1,actor_logits,0,1,4,6.358043,-9.860519,3.402465,0.162602,0.964838,6.358043,-9.860519,0.598336,2.955578,,,,
6,422,422.000000,agent_2,actor_logits,0,1,4,6.358043,-9.860519,3.402466,0.162602,0.964838,6.358043,-9.860519,0.598337,2.955577,,,,
6,422,422.000000,agent_3,actor_logits,0,1,4,6.358044,-9.860519,3.402466,0.162602,0.964838,6.358044,-9.860519,0.598336,2.955578,,,,
6,422,422.000000,agent_4,actor_logits,0,1,4,6.358045,-9.860519,3.402466,0.162602,0.964838,6.358045,-9.860519,0.598336,2.955579,,,,
6,422,422.000000,agent_5,actor_logits,0,1,4,6.358044,-9.860519,3.402466,0.162602,0.964838,6.358044,-9.860519,0.598336,2.955578,,,,
6,424,424.000000,agent_0,actor_logits,1,1,3,6.020148,-6.995150,12.096533,0.000104,0.999992,-6.995150,6.020148,-6.076384,,,,,
6,424,424.000000,agent_1,actor_logits,1,1,3,6.020149,-6.995150,12.096532,0.000104,0.999992,-6.995150,6.020149,-6.076383,,,,,
6,424,424.000000,agent_2,actor_logits,1,1,3,6.020148,-6.995150,12.096533,0.000104,0.999992,-6.995150,6.020148,-6.076384,,,,,
6,424,424.000000,agent_3,actor_logits,1,1,3,6.020149,-6.995149,12.096533,0.000104,0.999992,-6.995149,6.020149,-6.076384,,,,,
6,424,424.000000,agent_4,actor_logits,1,1,3,6.020149,-6.995150,12.096534,0.000104,0.999992,-6.995150,6.020149,-6.076385,,,,,
6,424,424.000000,agent_5,actor_logits,1,1,3,6.020149,-6.995149,12.096533,0.000104,0.999992,-6.995149,6.020149,-6.076384,,,,,
6,426,426.000000,agent_0,actor_logits,1,1,3,9.264711,-13.574733,14.426214,0.000008,0.999999,-13.574733,9.264711,-5.161503,,,,,
6,426,426.000000,agent_1,actor_logits,1,1,3,9.264711,-13.574733,14.426214,0.000008,0.999999,-13.574733,9.264711,-5.161502,,,,,
6,426,426.000000,agent_2,actor_logits,1,1,3,9.264712,-13.574734,14.426216,0.000008,0.999999,-13.574734,9.264712,-5.161503,,,,,
6,426,426.000000,agent_3,actor_logits,1,1,3,9.264710,-13.574731,14.426212,0.000008,0.999999,-13.574731,9.264710,-5.161502,,,,,
6,426,426.000000,agent_4,actor_logits,1,1,3,9.264711,-13.574733,14.426214,0.000008,0.999999,-13.574733,9.264711,-5.161503,,,,,
6,426,426.000000,agent_5,actor_logits,1,1,3,9.264711,-13.574733,14.426214,0.000008,0.999999,-13.574733,9.264711,-5.161502,,,,,
6,428,428.000000,agent_0,actor_logits,1,1,3,9.078728,-17.195107,11.206780,0.000166,0.999986,-17.195107,9.078728,-2.128052,,,,,
6,428,428.000000,agent_1,actor_logits,1,1,3,9.078728,-17.195107,11.206780,0.000166,0.999986,-17.195107,9.078728,-2.128052,,,,,
6,428,428.000000,agent_2,actor_logits,1,1,3,9.078729,-17.195105,11.206781,0.000166,0.999986,-17.195105,9.078729,-2.128053,,,,,
6,428,428.000000,agent_3,actor_logits,1,1,3,9.078728,-17.195107,11.206779,0.000166,0.999986,-17.195107,9.078728,-2.128052,,,,,
6,428,428.000000,agent_4,actor_logits,1,1,3,9.078728,-17.195105,11.206779,0.000166,0.999986,-17.195105,9.078728,-2.128052,,,,,
6,428,428.000000,agent_5,actor_logits,1,1,3,9.078729,-17.195107,11.206781,0.000166,0.999986,-17.195107,9.078729,-2.128053,,,,,
6,430,430.000000,agent_0,actor_logits,2,1,4,7.760660,-6.531042,4.417756,0.064709,0.988077,-4.504454,-6.531042,7.760660,3.342904,,,,
6,430,430.000000,agent_1,actor_logits,2,1,4,7.760661,-6.531043,4.417757,0.064709,0.988077,-4.504454,-6.531043,7.760661,3.342904,,,,
6,430,430.000000,agent_2,actor_logits,2,1,4,7.760660,-6.531042,4.417756,0.064709,0.988077,-4.504454,-6.531042,7.760660,3.342904,,,,
6,430,430.000000,agent_3,actor_logits,2,1,4,7.760661,-6.531043,4.417758,0.064709,0.988077,-4.504455,-6.531043,7.760661,3.342904,,,,
6,430,430.000000,agent_4,actor_logits,2,1,4,7.760660,-6.531042,4.417756,0.064709,0.988077,-4.504455,-6.531042,7.760660,3.342904,,,,
6,430,430.000000,agent_5,actor_logits,2,1,4,7.760660,-6.531042,4.417755,0.064709,0.988077,-4.504454,-6.531042,7.760660,3.342904,,,,
6,432,432.000000,agent_0,actor_logits,2,1,4,6.470054,-6.602608,4.826760,0.046883,0.992003,-6.602608,1.643294,6.470054,-3.501234,,,,
6,432,432.000000,agent_1,actor_logits,2,1,4,6.470055,-6.602609,4.826761,0.046883,0.992003,-6.602609,1.643294,6.470055,-3.501234,,,,
6,432,432.000000,agent_2,actor_logits,2,1,4,6.470055,-6.602609,4.826761,0.046883,0.992003,-6.602609,1.643294,6.470055,-3.501234,,,,
6,432,432.000000,agent_3,actor_logits,2,1,4,6.470056,-6.602609,4.826763,0.046883,0.992003,-6.602609,1.643293,6.470056,-3.501234,,,,
6,432,432.000000,agent_4,actor_logits,2,1,4,6.470055,-6.602609,4.826761,0.046883,0.992003,-6.602609,1.643294,6.470055,-3.501234,,,,
6,432,432.000000,agent_5,actor_logits,2,1,4,6.470054,-6.602609,4.826760,0.046883,0.992003,-6.602609,1.643294,6.470054,-3.501234,,,,
6,434,434.000000,agent_0,actor_logits,2,1,4,3.794095,-9.516473,2.458835,0.380303,0.899666,0.143927,1.335259,3.794095,-9.516473,,,,
6,434,434.000000,agent_1,actor_logits,2,1,4,3.794095,-9.516473,2.458836,0.380303,0.899667,0.143927,1.335259,3.794095,-9.516473,,,,
6,434,434.000000,agent_2,actor_logits,2,1,4,3.794095,-9.516473,2.458836,0.380303,0.899667,0.143927,1.335259,3.794095,-9.516473,,,,
6,434,434.000000,agent_3,actor_logits,2,1,4,3.794096,-9.516473,2.458838,0.380303,0.899667,0.143927,1.335258,3.794096,-9.516473,,,,
6,434,434.000000,agent_4,actor_logits,2,1,4,3.794095,-9.516473,2.458835,0.380303,0.899667,0.143927,1.335260,3.794095,-9.516473,,,,
6,434,434.000000,agent_5,actor_logits,2,1,4,3.794094,-9.516473,2.458835,0.380304,0.899666,0.143928,1.335259,3.794094,-9.516473,,,,
6,436,436.000000,agent_0,actor_logits,0,1,4,3.042723,-12.978694,0.399507,1.011260,0.499207,3.042723,2.643216,1.941691,-12.978694,,,,
6,436,436.000000,agent_1,actor_logits,0,1,4,3.042724,-12.978693,0.399508,1.011260,0.499207,3.042724,2.643216,1.941691,-12.978693,,,,
6,436,436.000000,agent_2,actor_logits,0,1,4,3.042724,-12.978694,0.399508,1.011260,0.499207,3.042724,2.643216,1.941691,-12.978694,,,,
6,436,436.000000,agent_3,actor_logits,0,1,4,3.042724,-12.978694,0.399508,1.011260,0.499207,3.042724,2.643216,1.941692,-12.978694,,,,
6,436,436.000000,agent_4,actor_logits,0,1,4,3.042724,-12.978693,0.399508,1.011260,0.499207,3.042724,2.643216,1.941691,-12.978693,,,,
6,436,436.000000,agent_5,actor_logits,0,1,4,3.042724,-12.978693,0.399508,1.011259,0.499207,3.042724,2.643216,1.941691,-12.978693,,,,
6,438,438.000000,agent_0,actor_logits,1,1,4,9.886553,-10.745996,10.333168,0.000396,0.999966,-0.446615,9.886553,-3.256636,-10.745996,,,,
6,438,438.000000,agent_1,actor_logits,1,1,4,9.886553,-10.745996,10.333167,0.000396,0.999966,-0.446615,9.886553,-3.256636,-10.745996,,,,
6,438,438.000000,agent_2,actor_logits,1,1,4,9.886553,-10.745996,10.333166,0.000396,0.999966,-0.446614,9.886553,-3.256636,-10.745996,,,,
6,438,438.000000,agent_3,actor_logits,1,1,4,9.886553,-10.745997,10.333166,0.000396,0.999966,-0.446613,9.886553,-3.256637,-10.745997,,,,
6,438,438.000000,agent_4,actor_logits,1,1,4,9.886553,-10.745996,10.333167,0.000396,0.999966,-0.446614,9.886553,-3.256636,-10.745996,,,,
6,438,438.000000,agent_5,actor_logits,1,1,4,9.886553,-10.745996,10.333167,0.000396,0.999966,-0.446614,9.886553,-3.256636,-10.745996,,,,
6,440,440.000000,agent_0,actor_logits,0,1,4,8.238143,-16.875566,1.562731,0.516854,0.817575,8.238143,6.675412,-16.875566,3.937947,,,,
6,440,440.000000,agent_1,actor_logits,0,1,4,8.238142,-16.875566,1.562731,0.516855,0.817575,8.238142,6.675411,-16.875566,3.937947,,,,
6,440,440.000000,agent_2,actor_logits,0,1,4,8.238143,-16.875566,1.562731,0.516854,0.817575,8.238143,6.675412,-16.875566,3.937948,,,,
6,440,440.000000,agent_3,actor_logits,0,1,4,8.238145,-16.875568,1.562734,0.516854,0.817576,8.238145,6.675411,-16.875568,3.937947,,,,
6,440,440.000000,agent_4,actor_logits,0,1,4,8.238143,-16.875566,1.562732,0.516854,0.817575,8.238143,6.675411,-16.875566,3.937947,,,,
6,440,440.000000,agent_5,actor_logits,0,1,4,8.238144,-16.875566,1.562733,0.516854,0.817576,8.238144,6.675411,-16.875566,3.937947,,,,
6,442,442.000000,agent_0,actor_logits,3,1,4,6.390213,-6.243073,2.182464,0.328663,0.898608,-3.239727,4.207749,-6.243073,6.390213,,,,
6,442,442.000000,agent_1,actor_logits,3,1,4,6.390213,-6.243072,2.182464,0.328663,0.898608,-3.239727,4.207749,-6.243072,6.390213,,,,
6,442,442.000000,agent_2,actor_logits,3,1,4,6.390213,-6.243072,2.182464,0.328663,0.898608,-3.239726,4.207749,-6.243072,6.390213,,,,
6,442,442.000000,agent_3,actor_logits,3,1,4,6.390213,-6.243072,2.182464,0.328663,0.898608,-3.239725,4.207749,-6.243072,6.390213,,,,
6,442,442.000000,agent_4,actor_logits,3,1,4,6.390213,-6.243072,2.182464,0.328663,0.898608,-3.239726,4.207749,-6.243072,6.390213,,,,
6,442,442.000000,agent_5,actor_logits,3,1,4,6.390213,-6.243072,2.182464,0.328663,0.898608,-3.239726,4.207749,-6.243072,6.390213,,,,
6,444,444.000000,agent_0,actor_logits,1,1,4,11.839886,-15.827065,6.630095,0.010216,0.998669,0.570095,11.839886,-15.827065,5.209790,,,,
6,444,444.000000,agent_1,actor_logits,1,1,4,11.839886,-15.827065,6.630095,0.010216,0.998669,0.570095,11.839886,-15.827065,5.209791,,,,
6,444,444.000000,agent_2,actor_logits,1,1,4,11.839886,-15.827065,6.630095,0.010216,0.998669,0.570095,11.839886,-15.827065,5.209791,,,,
6,444,444.000000,agent_3,actor_logits,1,1,4,11.839885,-15.827065,6.630094,0.010216,0.998669,0.570097,11.839885,-15.827065,5.209791,,,,
6,444,444.000000,agent_4,actor_logits,1,1,4,11.839886,-15.827065,6.630095,0.010216,0.998669,0.570096,11.839886,-15.827065,5.209791,,,,
6,444,444.000000,agent_5,actor_logits,1,1,4,11.839886,-15.827065,6.630095,0.010216,0.998669,0.570097,11.839886,-15.827065,5.209791,,,,
6,446,446.000000,agent_0,actor_logits,1,1,4,15.925134,-19.694796,11.210161,0.000171,0.999986,1.030151,15.925134,-19.694796,4.714972,,,,
6,446,446.000000,agent_1,actor_logits,1,1,4,15.925135,-19.694796,11.210162,0.000171,0.999986,1.030151,15.925135,-19.694796,4.714972,,,,
6,446,446.000000,agent_2,actor_logits,1,1,4,15.925134,-19.694796,11.210161,0.000171,0.999986,1.030151,15.925134,-19.694796,4.714973,,,,
6,446,446.000000,agent_3,actor_logits,1,1,4,15.925133,-19.694796,11.210161,0.000171,0.999986,1.030152,15.925133,-19.694796,4.714972,,,,
6,446,446.000000,agent_4,actor_logits,1,1,4,15.925134,-19.694796,11.210161,0.000171,0.999986,1.030151,15.925134,-19.694796,4.714973,,,,
6,446,446.000000,agent_5,actor_logits,1,1,4,15.925134,-19.694796,11.210161,0.000171,0.999986,1.030152,15.925134,-19.694796,4.714972,,,,
6,448,448.000000,agent_0,actor_logits,3,1,4,9.000965,-8.349563,7.279409,0.006529,0.999232,-0.447071,1.721556,-8.349563,9.000965,,,,
6,448,448.000000,agent_1,actor_logits,3,1,4,9.000965,-8.349563,7.279409,0.006529,0.999232,-0.447072,1.721556,-8.349563,9.000965,,,,
6,448,448.000000,agent_2,actor_logits,3,1,4,9.000965,-8.349563,7.279409,0.006529,0.999232,-0.447072,1.721556,-8.349563,9.000965,,,,
6,448,448.000000,agent_3,actor_logits,3,1,4,9.000964,-8.349562,7.279409,0.006529,0.999232,-0.447071,1.721555,-8.349562,9.000964,,,,
6,448,448.000000,agent_4,actor_logits,3,1,4,9.000964,-8.349563,7.279408,0.006529,0.999232,-0.447071,1.721555,-8.349563,9.000964,,,,
6,448,448.000000,agent_5,actor_logits,3,1,4,9.000965,-8.349563,7.279410,0.006529,0.999232,-0.447071,1.721555,-8.349563,9.000965,,,,
6,450,450.000000,agent_0,actor_logits,1,1,4,13.409799,-7.311852,16.078054,0.000002,1.000000,-5.473111,13.409799,-7.311852,-2.668256,,,,
6,450,450.000000,agent_1,actor_logits,1,1,4,13.409799,-7.311851,16.078054,0.000002,1.000000,-5.473112,13.409799,-7.311851,-2.668256,,,,
6,450,450.000000,agent_2,actor_logits,1,1,4,13.409800,-7.311852,16.078056,0.000002,1.000000,-5.473111,13.409800,-7.311852,-2.668256,,,,
6,450,450.000000,agent_3,actor_logits,1,1,4,13.409798,-7.311852,16.078054,0.000002,1.000000,-5.473110,13.409798,-7.311852,-2.668257,,,,
6,450,450.000000,agent_4,actor_logits,1,1,4,13.409798,-7.311851,16.078054,0.000002,1.000000,-5.473110,13.409798,-7.311851,-2.668256,,,,
6,450,450.000000,agent_5,actor_logits,1,1,4,13.409798,-7.311852,16.078053,0.000002,1.000000,-5.473110,13.409798,-7.311852,-2.668256,,,,
6,452,452.000000,agent_0,actor_logits,0,1,4,9.584477,-10.393564,5.686257,0.022676,0.996614,9.584477,-10.393564,-2.618588,3.898221,,,,
6,452,452.000000,agent_1,actor_logits,0,1,4,9.584478,-10.393564,5.686257,0.022676,0.996614,9.584478,-10.393564,-2.618588,3.898221,,,,
6,452,452.000000,agent_2,actor_logits,0,1,4,9.584477,-10.393564,5.686256,0.022677,0.996614,9.584477,-10.393564,-2.618588,3.898221,,,,
6,452,452.000000,agent_3,actor_logits,0,1,4,9.584478,-10.393564,5.686258,0.022676,0.996614,9.584478,-10.393564,-2.618588,3.898221,,,,
6,452,452.000000,agent_4,actor_logits,0,1,4,9.584478,-10.393565,5.686258,0.022676,0.996614,9.584478,-10.393565,-2.618588,3.898220,,,,
6,452,452.000000,agent_5,actor_logits,0,1,4,9.584477,-10.393564,5.686257,0.022676,0.996614,9.584477,-10.393564,-2.618588,3.898220,,,,
6,454,454.000000,agent_0,actor_logits,3,1,4,7.887229,-2.451348,9.362355,0.001896,0.999822,-1.840565,-1.475126,-2.451348,7.887229,,,,
6,454,454.000000,agent_1,actor_logits,3,1,4,7.887229,-2.451348,9.362355,0.001896,0.999822,-1.840564,-1.475126,-2.451348,7.887229,,,,
6,454,454.000000,agent_2,actor_logits,3,1,4,7.887229,-2.451348,9.362355,0.001896,0.999822,-1.840565,-1.475126,-2.451348,7.887229,,,,
6,454,454.000000,agent_3,actor_logits,3,1,4,7.887229,-2.451348,9.362355,0.001896,0.999822,-1.840564,-1.475126,-2.451348,7.887229,,,,
6,454,454.000000,agent_4,actor_logits,3,1,4,7.887228,-2.451349,9.362354,0.001896,0.999822,-1.840564,-1.475126,-2.451349,7.887228,,,,
6,454,454.000000,agent_5,actor_logits,3,1,4,7.887228,-2.451348,9.362354,0.001896,0.999822,-1.840564,-1.475126,-2.451348,7.887228,,,,
6,456,456.000000,agent_0,actor_logits,0,1,4,7.188733,-5.581365,4.342240,0.068851,0.987146,7.188733,-4.238543,-5.581365,2.846493,,,,
6,456,456.000000,agent_1,actor_logits,0,1,4,7.188735,-5.581365,4.342243,0.068851,0.987146,7.188735,-4.238543,-5.581365,2.846492,,,,
6,456,456.000000,agent_2,actor_logits,0,1,4,7.188735,-5.581365,4.342242,0.068851,0.987146,7.188735,-4.238543,-5.581365,2.846492,,,,
6,456,456.000000,agent_3,actor_logits,0,1,4,7.188735,-5.581365,4.342243,0.068851,0.987146,7.188735,-4.238543,-5.581365,2.846492,,,,
6,456,456.000000,agent_4,actor_logits,0,1,4,7.188735,-5.581365,4.342243,0.068851,0.987146,7.188735,-4.238543,-5.581365,2.846492,,,,
6,456,456.000000,agent_5,actor_logits,0,1,4,7.188734,-5.581366,4.342242,0.068851,0.987146,7.188734,-4.238543,-5.581366,2.846492,,,,
6,458,458.000000,agent_0,actor_logits,3,1,4,4.591612,-3.689777,4.597891,0.103899,0.981948,-0.006279,-0.229560,-3.689777,4.591612,,,,
6,458,458.000000,agent_1,actor_logits,3,1,4,4.591612,-3.689778,4.597890,0.103899,0.981948,-0.006278,-0.229560,-3.689778,4.591612,,,,
6,458,458.000000,agent_2,actor_logits,3,1,4,4.591612,-3.689778,4.597890,0.103899,0.981948,-0.006278,-0.229560,-3.689778,4.591612,,,,
6,458,458.000000,agent_3,actor_logits,3,1,4,4.591612,-3.689778,4.597890,0.103899,0.981948,-0.006278,-0.229561,-3.689778,4.591612,,,,
6,458,458.000000,agent_4,actor_logits,3,1,4,4.591612,-3.689778,4.597891,0.103899,0.981948,-0.006278,-0.229560,-3.689778,4.591612,,,,
6,458,458.000000,agent_5,actor_logits,3,1,4,4.591612,-3.689777,4.597890,0.103899,0.981948,-0.006278,-0.229561,-3.689777,4.591612,,,,
6,460,460.000000,agent_0,actor_logits,0,1,4,4.649395,-5.815748,3.162462,0.190135,0.956483,4.649395,-1.111894,-5.815748,1.486933,,,,
6,460,460.000000,agent_1,actor_logits,0,1,4,4.649395,-5.815748,3.162463,0.190135,0.956483,4.649395,-1.111894,-5.815748,1.486932,,,,
6,460,460.000000,agent_2,actor_logits,0,1,4,4.649395,-5.815748,3.162463,0.190135,0.956483,4.649395,-1.111894,-5.815748,1.486932,,,,
6,460,460.000000,agent_3,actor_logits,0,1,4,4.649395,-5.815749,3.162462,0.190135,0.956483,4.649395,-1.111894,-5.815749,1.486933,,,,
6,460,460.000000,agent_4,actor_logits,0,1,4,4.649396,-5.815749,3.162464,0.190135,0.956483,4.649396,-1.111894,-5.815749,1.486932,,,,
6,460,460.000000,agent_5,actor_logits,0,1,4,4.649395,-5.815748,3.162462,0.190135,0.956483,4.649395,-1.111893,-5.815748,1.486932,,,,
6,462,462.000000,agent_0,actor_logits,3,1,4,1.824994,-4.938561,0.242172,1.047041,0.452578,1.582821,0.965762,-4.938561,1.824994,,,,
6,462,462.000000,agent_1,actor_logits,3,1,4,1.824993,-4.938561,0.242172,1.047041,0.452578,1.582821,0.965764,-4.938561,1.824993,,,,
6,462,462.000000,agent_2,actor_logits,3,1,4,1.824994,-4.938561,0.242173,1.047041,0.452578,1.582821,0.965762,-4.938561,1.824994,,,,
6,462,462.000000,agent_3,actor_logits,3,1,4,1.824994,-4.938561,0.242173,1.047041,0.452578,1.582821,0.965762,-4.938561,1.824994,,,,
6,462,462.000000,agent_4,actor_logits,3,1,4,1.824994,-4.938562,0.242172,1.047041,0.452578,1.582821,0.965763,-4.938562,1.824994,,,,
6,462,462.000000,agent_5,actor_logits,3,1,4,1.824994,-4.938562,0.242173,1.047041,0.452578,1.582821,0.965763,-4.938562,1.824994,,,,
6,464,464.000000,agent_0,actor_logits,3,1,4,1.980080,-4.210084,0.834138,0.971490,0.578999,0.745027,1.145942,-4.210084,1.980080,,,,
6,464,464.000000,agent_1,actor_logits,3,1,4,1.980081,-4.210085,0.834138,0.971490,0.578999,0.745027,1.145943,-4.210085,1.980081,,,,
6,464,464.000000,agent_2,actor_logits,3,1,4,1.980079,-4.210084,0.834137,0.971490,0.578999,0.745027,1.145943,-4.210084,1.980079,,,,
6,464,464.000000,agent_3,actor_logits,3,1,4,1.980080,-4.210084,0.834137,0.971490,0.578999,0.745026,1.145943,-4.210084,1.980080,,,,
6,464,464.000000,agent_4,actor_logits,3,1,4,1.980081,-4.210085,0.834138,0.971490,0.578999,0.745027,1.145943,-4.210085,1.980081,,,,
6,464,464.000000,agent_5,actor_logits,3,1,4,1.980080,-4.210084,0.834137,0.971490,0.578999,0.745027,1.145943,-4.210084,1.980080,,,,
6,466,466.000000,agent_0,actor_logits,0,1,4,8.805365,-9.535864,7.690130,0.004317,0.999513,8.805365,1.115235,-9.535864,-1.600522,,,,
6,466,466.000000,agent_1,actor_logits,0,1,4,8.805365,-9.535865,7.690130,0.004317,0.999513,8.805365,1.115235,-9.535865,-1.600522,,,,
6,466,466.000000,agent_2,actor_logits,0,1,4,8.805365,-9.535863,7.690130,0.004317,0.999513,8.805365,1.115235,-9.535863,-1.600523,,,,
6,466,466.000000,agent_3,actor_logits,0,1,4,8.805365,-9.535864,7.690130,0.004317,0.999513,8.805365,1.115235,-9.535864,-1.600522,,,,
6,466,466.000000,agent_4,actor_logits,0,1,4,8.805365,-9.535865,7.690130,0.004317,0.999513,8.805365,1.115235,-9.535865,-1.600522,,,,
6,466,466.000000,agent_5,actor_logits,0,1,4,8.805365,-9.535865,7.690129,0.004317,0.999513,8.805365,1.115235,-9.535865,-1.600522,,,,
6,468,468.000000,agent_0,actor_logits,0,1,4,2.313550,-3.588516,2.149312,0.611791,0.817539,2.313550,-3.588516,0.164238,0.049084,,,,
6,468,468.000000,agent_1,actor_logits,0,1,4,2.313550,-3.588516,2.149312,0.611791,0.817539,2.313550,-3.588516,0.164238,0.049085,,,,
6,468,468.000000,agent_2,actor_logits,0,1,4,2.313550,-3.588517,2.149312,0.611791,0.817539,2.313550,-3.588517,0.164238,0.049085,,,,
6,468,468.000000,agent_3,actor_logits,0,1,4,2.313550,-3.588517,2.149313,0.611791,0.817539,2.313550,-3.588517,0.164237,0.049085,,,,
6,468,468.000000,agent_4,actor_logits,0,1,4,2.313550,-3.588516,2.149312,0.611791,0.817539,2.313550,-3.588516,0.164238,0.049085,,,,
6,468,468.000000,agent_5,actor_logits,0,1,4,2.313550,-3.588516,2.149313,0.611791,0.817539,2.313550,-3.588516,0.164237,0.049085,,,,
6,470,470.000000,agent_0,actor_logits,1,1,4,3.536892,-8.532413,2.070562,0.428277,0.873529,-0.444427,3.536892,1.466330,-8.532413,,,,
6,470,470.000000,agent_1,actor_logits,1,1,4,3.536892,-8.532412,2.070562,0.428277,0.873529,-0.444427,3.536892,1.466330,-8.532412,,,,
6,470,470.000000,agent_2,actor_logits,1,1,4,3.536892,-8.532413,2.070563,0.428277,0.873529,-0.444427,3.536892,1.466330,-8.532413,,,,
6,470,470.000000,agent_3,actor_logits,1,1,4,3.536892,-8.532412,2.070562,0.428277,0.873529,-0.444427,3.536892,1.466329,-8.532412,,,,
6,470,470.000000,agent_4,actor_logits,1,1,4,3.536892,-8.532412,2.070563,0.428277,0.873529,-0.444427,3.536892,1.466329,-8.532412,,,,
6,470,470.000000,agent_5,actor_logits,1,1,4,3.536892,-8.532413,2.070563,0.428277,0.873529,-0.444427,3.536892,1.466329,-8.532413,,,,
6,472,472.000000,agent_0,actor_logits,0,1,4,11.777958,-22.290524,2.703840,0.237412,0.936937,11.777958,9.074118,-22.290524,3.847239,,,,
6,472,472.000000,agent_1,actor_logits,0,1,4,11.777958,-22.290522,2.703839,0.237412,0.936937,11.777958,9.074119,-22.290522,3.847239,,,,
6,472,472.000000,agent_2,actor_logits,0,1,4,11.777958,-22.290522,2.703840,0.237412,0.936937,11.777958,9.074118,-22.290522,3.847239,,,,
6,472,472.000000,agent_3,actor_logits,0,1,4,11.777958,-22.290522,2.703840,0.237412,0.936937,11.777958,9.074118,-22.290522,3.847239,,,,
6,472,472.000000,agent_4,actor_logits,0,1,4,11.777958,-22.290524,2.703839,0.237412,0.936937,11.777958,9.074119,-22.290524,3.847239,,,,
6,472,472.000000,agent_5,actor_logits,0,1,4,11.777958,-22.290524,2.703840,0.237412,0.936937,11.777958,9.074118,-22.290524,3.847239,,,,
6,474,474.000000,agent_0,actor_logits,3,1,4,6.408146,-6.270309,5.756813,0.035406,0.994903,0.172651,0.651333,-6.270309,6.408146,,,,
6,474,474.000000,agent_1,actor_logits,3,1,4,6.408147,-6.270309,5.756814,0.035406,0.994903,0.172650,0.651333,-6.270309,6.408147,,,,
6,474,474.000000,agent_2,actor_logits,3,1,4,6.408147,-6.270309,5.756814,0.035406,0.994903,0.172650,0.651333,-6.270309,6.408147,,,,
6,474,474.000000,agent_3,actor_logits,3,1,4,6.408146,-6.270309,5.756813,0.035406,0.994903,0.172651,0.651333,-6.270309,6.408146,,,,
6,474,474.000000,agent_4,actor_logits,3,1,4,6.408146,-6.270309,5.756813,0.035406,0.994903,0.172650,0.651334,-6.270309,6.408146,,,,
6,474,474.000000,agent_5,actor_logits,3,1,4,6.408146,-6.270310,5.756813,0.035406,0.994903,0.172650,0.651334,-6.270310,6.408146,,,,
6,476,476.000000,agent_0,actor_logits,1,1,4,12.687845,-20.113337,6.221099,0.015661,0.997882,3.782336,12.687845,-20.113337,6.466746,,,,
6,476,476.000000,agent_1,actor_logits,1,1,4,12.687845,-20.113335,6.221098,0.015661,0.997882,3.782335,12.687845,-20.113335,6.466747,,,,
6,476,476.000000,agent_2,actor_logits,1,1,4,12.687844,-20.113335,6.221098,0.015661,0.997882,3.782336,12.687844,-20.113335,6.466746,,,,
6,476,476.000000,agent_3,actor_logits,1,1,4,12.687845,-20.113337,6.221099,0.015661,0.997882,3.782336,12.687845,-20.113337,6.466746,,,,
6,476,476.000000,agent_4,actor_logits,1,1,4,12.687845,-20.113335,6.221099,0.015661,0.997882,3.782336,12.687845,-20.113335,6.466746,,,,
6,476,476.000000,agent_5,actor_logits,1,1,4,12.687845,-20.113335,6.221099,0.015661,0.997882,3.782335,12.687845,-20.113335,6.466746,,,,
6,478,478.000000,agent_0,actor_logits,0,1,3,6.714163,-12.141048,7.581827,0.004372,0.999491,6.714163,-12.141048,-0.867664,,,,,
6,478,478.000000,agent_1,actor_logits,0,1,3,6.714163,-12.141047,7.581828,0.004372,0.999491,6.714163,-12.141047,-0.867665,,,,,
6,478,478.000000,agent_2,actor_logits,0,1,3,6.714165,-12.141048,7.581829,0.004372,0.999491,6.714165,-12.141048,-0.867664,,,,,
6,478,478.000000,agent_3,actor_logits,0,1,3,6.714164,-12.141048,7.581829,0.004372,0.999491,6.714164,-12.141048,-0.867664,,,,,
6,478,478.000000,agent_4,actor_logits,0,1,3,6.714164,-12.141048,7.581828,0.004372,0.999491,6.714164,-12.141048,-0.867664,,,,,
6,478,478.000000,agent_5,actor_logits,0,1,3,6.714164,-12.141047,7.581829,0.004372,0.999491,6.714164,-12.141047,-0.867665,,,,,
6,480,480.000000,agent_0,actor_logits,0,1,3,3.932209,-5.841209,7.345454,0.005997,0.999298,3.932209,-3.413244,-5.841209,,,,,
6,480,480.000000,agent_1,actor_logits,0,1,3,3.932209,-5.841208,7.345453,0.005997,0.999298,3.932209,-3.413245,-5.841208,,,,,
6,480,480.000000,agent_2,actor_logits,0,1,3,3.932210,-5.841209,7.345454,0.005997,0.999298,3.932210,-3.413244,-5.841209,,,,,
6,480,480.000000,agent_3,actor_logits,0,1,3,3.932209,-5.841208,7.345454,0.005997,0.999298,3.932209,-3.413245,-5.841208,,,,,
6,480,480.000000,agent_4,actor_logits,0,1,3,3.932209,-5.841208,7.345453,0.005997,0.999298,3.932209,-3.413245,-5.841208,,,,,
6,480,480.000000,agent_5,actor_logits,0,1,3,3.932209,-5.841208,7.345454,0.005997,0.999298,3.932209,-3.413245,-5.841208,,,,,
6,482,482.000000,agent_0,actor_logits,0,1,3,5.126423,-10.030287,4.925082,0.042749,0.992790,5.126423,0.201341,-10.030287,,,,,
6,482,482.000000,agent_1,actor_logits,0,1,3,5.126422,-10.030286,4.925081,0.042749,0.992790,5.126422,0.201341,-10.030286,,,,,
6,482,482.000000,agent_2,actor_logits,0,1,3,5.126423,-10.030287,4.925082,0.042749,0.992790,5.126423,0.201341,-10.030287,,,,,
6,482,482.000000,agent_3,actor_logits,0,1,3,5.126423,-10.030287,4.925082,0.042749,0.992790,5.126423,0.201341,-10.030287,,,,,
6,482,482.000000,agent_4,actor_logits,0,1,3,5.126423,-10.030287,4.925081,0.042749,0.992790,5.126423,0.201341,-10.030287,,,,,
6,482,482.000000,agent_5,actor_logits,0,1,3,5.126423,-10.030287,4.925081,0.042749,0.992790,5.126423,0.201341,-10.030287,,,,,
6,484,484.000000,agent_0,actor_logits,1,1,2,-7.948763,-8.755877,0.807113,0.617900,0.691494,-8.755877,-7.948763,,,,,,
6,484,484.000000,agent_1,actor_logits,1,1,2,-7.948764,-8.755877,0.807112,0.617900,0.691494,-8.755877,-7.948764,,,,,,
6,484,484.000000,agent_2,actor_logits,1,1,2,-7.948763,-8.755877,0.807113,0.617900,0.691494,-8.755877,-7.948763,,,,,,
6,484,484.000000,agent_3,actor_logits,1,1,2,-7.948764,-8.755877,0.807112,0.617900,0.691494,-8.755877,-7.948764,,,,,,
6,484,484.000000,agent_4,actor_logits,1,1,2,-7.948763,-8.755877,0.807113,0.617900,0.691494,-8.755877,-7.948763,,,,,,
6,484,484.000000,agent_5,actor_logits,1,1,2,-7.948763,-8.755877,0.807113,0.617900,0.691494,-8.755877,-7.948763,,,,,,
6,486,486.000000,agent_0,actor_logits,2,1,3,2.116590,-11.750270,0.919669,0.597647,0.714974,-11.750270,1.196921,2.116590,,,,,
6,486,486.000000,agent_1,actor_logits,2,1,3,2.116589,-11.750269,0.919669,0.597647,0.714974,-11.750269,1.196920,2.116589,,,,,
6,486,486.000000,agent_2,actor_logits,2,1,3,2.116590,-11.750270,0.919670,0.597647,0.714974,-11.750270,1.196921,2.116590,,,,,
6,486,486.000000,agent_3,actor_logits,2,1,3,2.116590,-11.750271,0.919669,0.597647,0.714974,-11.750271,1.196921,2.116590,,,,,
6,486,486.000000,agent_4,actor_logits,2,1,3,2.116590,-11.750271,0.919669,0.597647,0.714974,-11.750271,1.196921,2.116590,,,,,
6,486,486.000000,agent_5,actor_logits,2,1,3,2.116589,-11.750270,0.919668,0.597647,0.714974,-11.750270,1.196921,2.116589,,,,,
6,488,488.000000,agent_0,actor_logits,2,1,3,6.554865,-10.614136,10.239285,0.000402,0.999964,-10.614136,-3.684420,6.554865,,,,,
6,488,488.000000,agent_1,actor_logits,2,1,3,6.554865,-10.614136,10.239285,0.000402,0.999964,-10.614136,-3.684420,6.554865,,,,,
6,488,488.000000,agent_2,actor_logits,2,1,3,6.554864,-10.614136,10.239285,0.000402,0.999964,-10.614136,-3.684420,6.554864,,,,,
6,488,488.000000,agent_3,actor_logits,2,1,3,6.554864,-10.614136,10.239285,0.000402,0.999964,-10.614136,-3.684420,6.554864,,,,,
6,488,488.000000,agent_4,actor_logits,2,1,3,6.554865,-10.614136,10.239285,0.000402,0.999964,-10.614136,-3.684420,6.554865,,,,,
6,488,488.000000,agent_5,actor_logits,2,1,3,6.554865,-10.614136,10.239285,0.000402,0.999964,-10.614136,-3.684420,6.554865,,,,,
6,490,490.000000,agent_0,actor_logits,2,1,3,5.955671,-6.216034,12.012579,0.000147,0.999989,-6.056908,-6.216034,5.955671,,,,,
6,490,490.000000,agent_1,actor_logits,2,1,3,5.955670,-6.216033,12.012578,0.000147,0.999989,-6.056908,-6.216033,5.955670,,,,,
6,490,490.000000,agent_2,actor_logits,2,1,3,5.955670,-6.216034,12.012577,0.000147,0.999989,-6.056907,-6.216034,5.955670,,,,,
6,490,490.000000,agent_3,actor_logits,2,1,3,5.955670,-6.216034,12.012579,0.000147,0.999989,-6.056908,-6.216034,5.955670,,,,,
6,490,490.000000,agent_4,actor_logits,2,1,3,5.955671,-6.216034,12.012579,0.000147,0.999989,-6.056909,-6.216034,5.955671,,,,,
6,490,490.000000,agent_5,actor_logits,2,1,3,5.955671,-6.216033,12.012579,0.000147,0.999989,-6.056909,-6.216033,5.955671,,,,,
6,492,492.000000,agent_0,actor_logits,2,1,3,5.504880,-6.639377,8.456018,0.002080,0.999782,-6.639377,-2.951138,5.504880,,,,,
6,492,492.000000,agent_1,actor_logits,2,1,3,5.504879,-6.639377,8.456017,0.002080,0.999782,-6.639377,-2.951138,5.504879,,,,,
6,492,492.000000,agent_2,actor_logits,2,1,3,5.504880,-6.639377,8.456018,0.002080,0.999782,-6.639377,-2.951138,5.504880,,,,,
6,492,492.000000,agent_3,actor_logits,2,1,3,5.504879,-6.639377,8.456018,0.002080,0.999782,-6.639377,-2.951138,5.504879,,,,,
6,492,492.000000,agent_4,actor_logits,2,1,3,5.504879,-6.639377,8.456018,0.002080,0.999782,-6.639377,-2.951138,5.504879,,,,,
6,492,492.000000,agent_5,actor_logits,2,1,3,5.504879,-6.639377,8.456017,0.002080,0.999782,-6.639377,-2.951138,5.504879,,,,,
6,494,494.000000,agent_0,actor_logits,2,1,3,1.640383,-4.108637,2.582356,0.273769,0.926972,-0.941973,-4.108637,1.640383,,,,,
6,494,494.000000,agent_1,actor_logits,2,1,3,1.640382,-4.108636,2.582355,0.273769,0.926972,-0.941973,-4.108636,1.640382,,,,,
6,494,494.000000,agent_2,actor_logits,2,1,3,1.640383,-4.108636,2.582355,0.273769,0.926972,-0.941973,-4.108636,1.640383,,,,,
6,494,494.000000,agent_3,actor_logits,2,1,3,1.640382,-4.108636,2.582355,0.273769,0.926972,-0.941973,-4.108636,1.640382,,,,,
6,494,494.000000,agent_4,actor_logits,2,1,3,1.640383,-4.108636,2.582357,0.273769,0.926972,-0.941973,-4.108636,1.640383,,,,,
6,494,494.000000,agent_5,actor_logits,2,1,3,1.640383,-4.108636,2.582356,0.273769,0.926972,-0.941973,-4.108636,1.640383,,,,,
6,496,496.000000,agent_0,actor_logits,0,1,2,3.994939,-3.494933,7.489872,0.004741,0.999442,3.994939,-3.494933,,,,,,
6,496,496.000000,agent_1,actor_logits,0,1,2,3.994938,-3.494932,7.489871,0.004741,0.999442,3.994938,-3.494932,,,,,,
6,496,496.000000,agent_2,actor_logits,0,1,2,3.994939,-3.494933,7.489872,0.004741,0.999442,3.994939,-3.494933,,,,,,
6,496,496.000000,agent_3,actor_logits,0,1,2,3.994938,-3.494933,7.489871,0.004741,0.999442,3.994938,-3.494933,,,,,,
6,496,496.000000,agent_4,actor_logits,0,1,2,3.994938,-3.494933,7.489871,0.004741,0.999442,3.994938,-3.494933,,,,,,
6,496,496.000000,agent_5,actor_logits,0,1,2,3.994938,-3.494933,7.489871,0.004741,0.999442,3.994938,-3.494933,,,,,,
6,498,498.000000,agent_0,actor_logits,0,1,3,4.850363,-4.551453,7.516246,0.005490,0.999374,4.850363,-4.551453,-2.665883,,,,,
6,498,498.000000,agent_1,actor_logits,0,1,3,4.850362,-4.551454,7.516245,0.005490,0.999374,4.850362,-4.551454,-2.665883,,,,,
6,498,498.000000,agent_2,actor_logits,0,1,3,4.850363,-4.551454,7.516245,0.005490,0.999374,4.850363,-4.551454,-2.665882,,,,,
6,498,498.000000,agent_3,actor_logits,0,1,3,4.850362,-4.551454,7.516244,0.005490,0.999374,4.850362,-4.551454,-2.665882,,,,,
6,498,498.000000,agent_4,actor_logits,0,1,3,4.850362,-4.551454,7.516244,0.005490,0.999374,4.850362,-4.551454,-2.665882,,,,,
6,498,498.000000,agent_5,actor_logits,0,1,3,4.850363,-4.551454,7.516245,0.005490,0.999374,4.850363,-4.551454,-2.665883,,,,,
7,0,0.000000,agent_0,actor_logits,0,1,2,1.750134,-2.708004,4.458138,0.062569,0.988549,1.750134,-2.708004,,,,,,
7,0,0.000000,agent_1,actor_logits,3,1,4,4.275782,-4.192782,0.598823,0.658950,0.644635,3.676959,-2.163707,-4.192782,4.275782,,,,
7,0,0.000000,agent_2,actor_logits,3,1,4,4.275782,-4.192782,0.598823,0.658950,0.644635,3.676959,-2.163707,-4.192782,4.275782,,,,
7,0,0.000000,agent_3,actor_logits,3,1,4,4.275782,-4.192782,0.598823,0.658950,0.644635,3.676959,-2.163707,-4.192782,4.275782,,,,
7,0,0.000000,agent_4,actor_logits,3,1,4,4.275782,-4.192782,0.598823,0.658950,0.644635,3.676959,-2.163707,-4.192782,4.275782,,,,
7,0,0.000000,agent_5,actor_logits,3,1,4,4.275782,-4.192782,0.598823,0.658950,0.644635,3.676959,-2.163707,-4.192782,4.275782,,,,
7,2,2.000000,agent_0,actor_logits,0,1,3,8.712852,-10.546273,11.830924,0.000093,0.999993,8.712852,-3.118073,-10.546273,,,,,
7,2,2.000000,agent_1,actor_logits,0,1,4,9.283766,-10.214175,1.782147,0.412253,0.855960,9.283766,-3.726804,-10.214175,7.501619,,,,
7,2,2.000000,agent_2,actor_logits,0,1,4,9.283766,-10.214175,1.782147,0.412253,0.855960,9.283766,-3.726804,-10.214175,7.501619,,,,
7,2,2.000000,agent_3,actor_logits,0,1,4,9.283766,-10.214175,1.782147,0.412253,0.855960,9.283766,-3.726804,-10.214175,7.501619,,,,
7,2,2.000000,agent_4,actor_logits,0,1,4,9.283766,-10.214175,1.782147,0.412253,0.855960,9.283766,-3.726804,-10.214175,7.501619,,,,
7,2,2.000000,agent_5,actor_logits,0,1,3,9.015912,-10.135222,13.051483,0.000030,0.999998,9.015912,-4.035571,-10.135222,,,,,
7,4,4.000000,agent_0,actor_logits,0,1,2,2.494239,-0.016915,2.511154,0.266585,0.924920,2.494239,-0.016915,,,,,,
7,4,4.000000,agent_1,actor_logits,3,1,4,7.876810,-10.040870,4.281576,0.084309,0.984723,3.595234,1.495948,-10.040870,7.876810,,,,
7,4,4.000000,agent_2,actor_logits,3,1,4,8.646394,-11.595740,0.576625,0.653459,0.640279,8.069769,-1.802688,-11.595740,8.646394,,,,
7,4,4.000000,agent_3,actor_logits,3,1,4,8.646394,-11.595740,0.576625,0.653459,0.640279,8.069769,-1.802688,-11.595740,8.646394,,,,
7,4,4.000000,agent_4,actor_logits,3,1,4,8.646394,-11.595740,0.576625,0.653459,0.640279,8.069769,-1.802688,-11.595740,8.646394,,,,
7,4,4.000000,agent_5,actor_logits,3,1,4,8.457970,-11.825717,0.017014,0.693308,0.504245,8.440956,-1.811011,-11.825717,8.457970,,,,
7,6,6.000000,agent_0,actor_logits,0,1,3,10.263895,-11.435867,13.089073,0.000029,0.999998,10.263895,-2.825178,-11.435867,,,,,
7,6,6.000000,agent_1,actor_logits,0,1,4,8.756479,-10.080455,2.843277,0.213207,0.944959,8.756479,-2.565063,-10.080455,5.913203,,,,
7,6,6.000000,agent_2,actor_logits,0,1,4,9.162502,-11.534616,3.006512,0.190295,0.952841,9.162502,-1.291708,-11.534616,6.155991,,,,
7,6,6.000000,agent_3,actor_logits,0,1,4,9.162502,-11.534616,3.006512,0.190295,0.952841,9.162502,-1.291708,-11.534616,6.155991,,,,
7,6,6.000000,agent_4,actor_logits,0,1,4,9.162502,-11.534616,3.006512,0.190295,0.952841,9.162502,-1.291708,-11.534616,6.155991,,,,
7,6,6.000000,agent_5,actor_logits,0,1,3,7.807025,-9.489247,10.019696,0.000491,0.999956,7.807025,-2.212671,-9.489247,,,,,
7,8,8.000000,agent_0,actor_logits,0,1,2,3.660542,0.089232,3.571311,0.125406,0.972650,3.660542,0.089232,,,,,,
7,8,8.000000,agent_1,actor_logits,3,1,4,4.097706,-7.639593,1.631742,0.786326,0.720466,2.449498,2.465964,-7.639593,4.097706,,,,
7,8,8.000000,agent_2,actor_logits,0,1,4,9.866840,-11.012746,2.477314,0.272556,0.922534,9.866840,-3.307977,-11.012746,7.389526,,,,
7,8,8.000000,agent_3,actor_logits,0,1,4,9.866840,-11.012746,2.477314,0.272556,0.922534,9.866840,-3.307977,-11.012746,7.389526,,,,
7,8,8.000000,agent_4,actor_logits,0,1,4,9.866840,-11.012746,2.477314,0.272556,0.922534,9.866840,-3.307977,-11.012746,7.389526,,,,
7,8,8.000000,agent_5,actor_logits,0,1,4,10.412739,-10.990374,3.169433,0.169009,0.959667,10.412739,-3.796030,-10.990374,7.243306,,,,
7,10,10.000000,agent_0,actor_logits,0,1,3,10.113424,-11.402928,12.746233,0.000040,0.999997,10.113424,-2.632808,-11.402928,,,,,
7,10,10.000000,agent_1,actor_logits,0,1,4,7.503531,-9.375761,1.926673,0.381353,0.872841,7.503531,-2.369144,-9.375761,5.576858,,,,
7,10,10.000000,agent_2,actor_logits,0,1,4,8.924381,-9.503350,3.597423,0.123060,0.973327,8.924381,-9.503350,-2.660438,5.326958,,,,
7,10,10.000000,agent_3,actor_logits,0,1,4,8.924381,-9.503350,3.597423,0.123060,0.973327,8.924381,-9.503350,-2.660438,5.326958,,,,
7,10,10.000000,agent_4,actor_logits,0,1,4,8.924381,-9.503350,3.597423,0.123060,0.973327,8.924381,-9.503350,-2.660438,5.326958,,,,
7,10,10.000000,agent_5,actor_logits,0,1,4,9.451141,-9.422253,4.218692,0.075848,0.985492,9.451141,-9.422253,-3.078888,5.232450,,,,
7,12,12.000000,agent_0,actor_logits,0,1,2,0.700005,-2.263186,2.963192,0.195906,0.950883,0.700005,-2.263186,,,,,,
7,12,12.000000,agent_1,actor_logits,1,1,4,5.370199,-4.249525,6.241550,0.026371,0.996438,-1.091555,5.370199,-4.249525,-0.871351,,,,
7,12,12.000000,agent_2,actor_logits,0,1,3,1.538725,-9.600599,0.323845,0.680309,0.580256,1.538725,1.214879,-9.600599,,,,,
7,12,12.000000,agent_3,actor_logits,3,1,4,8.471861,-6.708388,0.584143,0.652254,0.642020,7.887718,-6.708388,-6.174830,8.471861,,,,
7,12,12.000000,agent_4,actor_logits,3,1,4,8.471861,-6.708388,0.584143,0.652254,0.642020,7.887718,-6.708388,-6.174830,8.471861,,,,
7,12,12.000000,agent_5,actor_logits,3,1,4,8.247816,-6.785709,0.103884,0.691807,0.525947,8.143932,-6.785709,-6.209245,8.247816,,,,
7,14,14.000000,agent_0,actor_logits,0,1,3,8.284451,-16.439379,5.904520,0.018782,0.997280,8.284451,2.379931,-16.439379,,,,,
7,14,14.000000,agent_1,actor_logits,0,1,3,7.280117,-7.290826,14.256008,0.000017,0.999999,7.280117,-6.975892,-7.290826,,,,,
7,14,14.000000,agent_2,actor_logits,0,1,3,4.200356,-15.157709,0.478615,0.665313,0.617421,4.200356,3.721741,-15.157709,,,,,
7,14,14.000000,agent_3,actor_logits,3,1,4,10.737622,-11.266816,4.168776,0.078910,0.984761,6.568846,-1.878631,-11.266816,10.737622,,,,
7,14,14.000000,agent_4,actor_logits,3,1,4,10.737622,-11.266816,4.168776,0.078910,0.984761,6.568846,-1.878631,-11.266816,10.737622,,,,
7,14,14.000000,agent_5,actor_logits,3,1,4,10.775647,-7.260365,5.558271,0.025200,0.996159,5.217376,-4.297355,-7.260365,10.775647,,,,
7,16,16.000000,agent_0,actor_logits,1,1,2,3.811403,-3.130301,6.941703,0.007670,0.999034,-3.130301,3.811403,,,,,,
7,16,16.000000,agent_1,actor_logits,1,1,2,6.140621,-2.134479,8.275100,0.002363,0.999745,-2.134479,6.140621,,,,,,
7,16,16.000000,agent_2,actor_logits,1,1,2,4.396390,-7.882054,12.278444,0.000062,0.999995,-7.882054,4.396390,,,,,,
7,16,16.000000,agent_3,actor_logits,3,1,4,12.338194,-14.517941,6.673563,0.009942,0.998716,1.601610,5.664631,-14.517941,12.338194,,,,
7,16,16.000000,agent_4,actor_logits,3,1,4,12.338194,-14.517941,6.673563,0.009942,0.998716,1.601610,5.664631,-14.517941,12.338194,,,,
7,16,16.000000,agent_5,actor_logits,3,1,4,12.419692,-9.705635,10.008255,0.000549,0.999951,-0.015924,2.411437,-9.705635,12.419692,,,,
7,18,18.000000,agent_0,actor_logits,0,1,3,6.257314,-11.346297,6.221115,0.014322,0.998017,6.257314,0.036198,-11.346297,,,,,
7,18,18.000000,agent_1,actor_logits,0,1,3,7.473300,-12.271223,7.084083,0.006772,0.999162,7.473300,0.389217,-12.271223,,,,,
7,18,18.000000,agent_2,actor_logits,0,1,3,5.611001,-12.228298,4.254015,0.073698,0.985992,5.611001,1.356986,-12.228298,,,,,
7,18,18.000000,agent_3,actor_logits,3,1,4,9.286947,-18.700312,2.533090,0.448156,0.880107,6.418932,6.753857,-18.700312,9.286947,,,,
7,18,18.000000,agent_4,actor_logits,3,1,4,9.286947,-18.700312,2.533090,0.448156,0.880107,6.418932,6.753857,-18.700312,9.286947,,,,
7,18,18.000000,agent_5,actor_logits,1,1,3,4.456395,-14.380240,0.028300,0.693047,0.507075,4.428095,4.456395,-14.380240,,,,,
7,20,20.000000,agent_0,actor_logits,0,1,2,3.127893,1.914684,1.213210,0.538227,0.770866,3.127893,1.914684,,,,,,
7,20,20.000000,agent_1,actor_logits,0,1,2,3.452239,1.335670,2.116569,0.341250,0.892503,3.452239,1.335670,,,,,,
7,20,20.000000,agent_2,actor_logits,0,1,2,3.522620,2.625144,0.897476,0.601766,0.710430,3.522620,2.625144,,,,,,
7,20,20.000000,agent_3,actor_logits,1,1,4,11.845337,-17.501608,3.236916,0.160983,0.962193,0.087250,11.845337,-17.501608,8.608421,,,,
7,20,20.000000,agent_4,actor_logits,1,1,3,11.078306,-17.374594,10.565446,0.000298,0.999974,0.512861,11.078306,-17.374594,,,,,
7,20,20.000000,agent_5,actor_logits,1,1,3,11.808539,-19.326267,9.466817,0.000810,0.999923,2.341722,11.808539,-19.326267,,,,,
7,22,22.000000,agent_0,actor_logits,1,1,3,10.063456,-16.890326,7.749028,0.003771,0.999569,2.314428,10.063456,-16.890326,,,,,
7,22,22.000000,agent_1,actor_logits,1,1,3,9.674559,-16.577114,7.210917,0.006059,0.999262,2.463642,9.674559,-16.577114,,,,,
7,22,22.000000,agent_2,actor_logits,1,1,3,10.110783,-17.299479,7.566309,0.004432,0.999483,2.544473,10.110783,-17.299479,,,,,
7,22,22.000000,agent_3,actor_logits,3,1,4,9.693488,-15.903289,0.930212,0.596259,0.717076,0.299092,8.763276,-15.903289,9.693488,,,,
7,22,22.000000,agent_4,actor_logits,1,1,3,8.807441,-16.861937,7.570495,0.004415,0.999485,1.236946,8.807441,-16.861937,,,,,
7,22,22.000000,agent_5,actor_logits,1,1,3,9.493932,-19.312033,5.468549,0.027174,0.995800,4.025383,9.493932,-19.312033,,,,,
7,24,24.000000,agent_0,actor_logits,1,1,3,9.649392,-15.445539,8.373344,0.002164,0.999769,1.276048,9.649392,-15.445539,,,,,
7,24,24.000000,agent_1,actor_logits,1,1,3,9.650658,-15.357617,8.463837,0.001996,0.999789,1.186821,9.650658,-15.357617,,,,,
7,24,24.000000,agent_2,actor_logits,1,1,3,9.334400,-15.398324,7.608771,0.004269,0.999504,1.725629,9.334400,-15.398324,,,,,
7,24,24.000000,agent_3,actor_logits,1,1,3,10.104364,-18.983957,6.498915,0.011271,0.998497,3.605449,10.104364,-18.983957,,,,,
7,24,24.000000,agent_4,actor_logits,1,1,3,9.848946,-19.451754,5.363758,0.029675,0.995339,4.485188,9.848946,-19.451754,,,,,
7,24,24.000000,agent_5,actor_logits,1,1,3,9.690284,-20.934916,2.906796,0.203836,0.948181,6.783488,9.690284,-20.934916,,,,,
7,26,26.000000,agent_0,actor_logits,1,1,3,7.293378,-16.998375,1.825684,0.402694,0.861247,5.467694,7.293378,-16.998375,,,,,
7,26,26.000000,agent_1,actor_logits,1,1,3,7.469381,-17.049660,2.234221,0.317814,0.903281,5.235160,7.469381,-17.049660,,,,,
7,26,26.000000,agent_2,actor_logits,1,1,3,7.147874,-17.048607,1.339421,0.510767,0.792395,5.808453,7.147874,-17.048607,,,,,
7,26,26.000000,agent_3,actor_logits,1,1,3,9.736261,-21.697016,2.716182,0.232504,0.937975,7.020079,9.736261,-21.697016,,,,,
7,26,26.000000,agent_4,actor_logits,1,1,3,9.543922,-21.711695,2.230993,0.318445,0.902998,7.312930,9.543922,-21.711695,,,,,
7,26,26.000000,agent_5,actor_logits,1,1,3,9.183186,-22.132940,0.751040,0.627317,0.679405,8.432146,9.183186,-22.132940,,,,,
7,28,28.000000,agent_0,actor_logits,1,1,3,6.104023,-15.843036,0.324419,0.680162,0.580401,5.779604,6.104023,-15.843036,,,,,
7,28,28.000000,agent_1,actor_logits,1,1,3,6.325039,-15.920753,0.805973,0.618096,0.691251,5.519066,6.325039,-15.920753,,,,,
7,28,28.000000,agent_2,actor_logits,1,1,3,6.054286,-15.937875,0.054408,0.692777,0.513599,5.999877,6.054286,-15.937875,,,,,
7,28,28.000000,agent_3,actor_logits,0,1,2,6.818256,-0.081963,6.900220,0.007952,0.998993,6.818256,-0.081963,,,,,,
7,28,28.000000,agent_4,actor_logits,0,1,2,7.022426,-0.200590,7.223016,0.005995,0.999271,7.022426,-0.200590,,,,,,
7,28,28.000000,agent_5,actor_logits,0,1,2,8.178225,-0.485585,8.663809,0.001669,0.999827,8.178225,-0.485585,,,,,,
7,30,30.000000,agent_0,actor_logits,0,1,3,5.874002,-15.306114,0.110271,0.691630,0.527540,5.874002,5.763731,-15.306114,,,,,
7,30,30.000000,agent_1,actor_logits,1,1,3,5.963938,-15.381227,0.283375,0.683209,0.570374,5.680563,5.963938,-15.381227,,,,,
7,30,30.000000,agent_2,actor_logits,0,1,3,5.980992,-15.394872,0.236053,0.686230,0.558741,5.980992,5.744939,-15.394872,,,,,
7,30,30.000000,agent_3,actor_logits,0,1,3,10.229115,-22.244846,1.543809,0.465246,0.824018,10.229115,8.685306,-22.244846,,,,,
7,30,30.000000,agent_4,actor_logits,0,1,3,10.194997,-22.193789,1.512765,0.472195,0.819471,10.194997,8.682232,-22.193789,,,,,
7,30,30.000000,agent_5,actor_logits,0,1,3,10.350352,-22.356352,1.495568,0.476043,0.816913,10.350352,8.854784,-22.356352,,,,,
7,32,32.000000,agent_0,actor_logits,0,1,3,8.949489,-10.988486,11.745974,0.000101,0.999992,8.949489,-2.796485,-10.988486,,,,,
7,32,32.000000,agent_1,actor_logits,1,1,3,5.843332,-14.344860,1.124626,0.556949,0.754846,4.718706,5.843332,-14.344860,,,,,
7,32,32.000000,agent_2,actor_logits,0,1,3,8.928259,-11.052178,11.649857,0.000110,0.999991,8.928259,-2.721597,-11.052178,,,,,
7,32,32.000000,agent_3,actor_logits,1,1,3,9.782623,-21.891935,2.022779,0.360565,0.883168,7.759845,9.782623,-21.891935,,,,,
7,32,32.000000,agent_4,actor_logits,1,1,3,9.795187,-21.818094,2.118737,0.340810,0.892711,7.676450,9.795187,-21.818094,,,,,
7,32,32.000000,agent_5,actor_logits,1,1,3,9.878879,-21.927004,2.062066,0.352410,0.887161,7.816813,9.878879,-21.927004,,,,,
7,34,34.000000,agent_0,actor_logits,0,1,3,14.706240,-10.184505,22.892509,0.000000,1.000000,14.706240,-8.186270,-10.184505,,,,,
7,34,34.000000,agent_1,actor_logits,0,1,4,7.965585,-15.373621,3.070825,0.288648,0.933191,7.965585,4.285041,-15.373621,4.894760,,,,
7,34,34.000000,agent_2,actor_logits,0,1,3,14.584129,-10.145144,22.705776,0.000000,1.000000,14.584129,-8.121647,-10.145144,,,,,
7,34,34.000000,agent_3,actor_logits,0,1,4,9.501150,-11.158446,0.313017,0.681055,0.577621,9.501150,-4.515275,-11.158446,9.188133,,,,
7,34,34.000000,agent_4,actor_logits,0,1,4,9.491995,-11.133815,0.299858,0.682040,0.574408,9.491995,-4.529508,-11.133815,9.192137,,,,
7,34,34.000000,agent_5,actor_logits,0,1,4,9.767841,-11.200355,0.757848,0.626205,0.680886,9.767841,-4.629209,-11.200355,9.009994,,,,
7,36,36.000000,agent_0,actor_logits,0,1,3,2.483498,-5.581255,4.712595,0.053702,0.990790,2.483498,-2.229096,-5.581255,,,,,
7,36,36.000000,agent_1,actor_logits,0,1,3,4.877048,-11.145675,3.360756,0.146858,0.966455,4.877048,1.516292,-11.145675,,,,,
7,36,36.000000,agent_2,actor_logits,0,1,3,2.513719,-5.619053,4.729679,0.052831,0.990959,2.513719,-2.215960,-5.619053,,,,,
7,36,36.000000,agent_3,actor_logits,1,1,4,13.449037,-15.869383,8.416096,0.002094,0.999778,-0.694622,13.449037,-15.869383,5.032940,,,,
7,36,36.000000,agent_4,actor_logits,1,1,4,13.389227,-15.847473,8.375961,0.002171,0.999769,-0.639294,13.389227,-15.847473,5.013266,,,,
7,36,36.000000,agent_5,actor_logits,1,1,4,13.426198,-15.955287,8.643848,0.001713,0.999823,-0.418749,13.426198,-15.955287,4.782350,,,,
7,38,38.000000,agent_0,actor_logits,0,1,3,-0.206521,-6.339868,0.790538,0.630997,0.686922,-0.206521,-0.997059,-6.339868,,,,,
7,38,38.000000,agent_1,actor_logits,1,1,3,0.015562,-5.018020,1.436379,0.519425,0.803663,-1.420817,0.015562,-5.018020,,,,,
7,38,38.000000,agent_2,actor_logits,0,1,3,-0.160557,-6.384713,0.844067,0.621082,0.698354,-0.160557,-1.004624,-6.384713,,,,,
7,38,38.000000,agent_3,actor_logits,0,1,3,9.839436,-17.501087,7.799395,0.003606,0.999590,9.839436,2.040040,-17.501087,,,,,
7,38,38.000000,agent_4,actor_logits,0,1,3,9.877197,-17.470289,7.894330,0.003315,0.999627,9.877197,1.982868,-17.470289,,,,,
7,38,38.000000,agent_5,actor_logits,0,1,3,10.149487,-17.530092,8.296090,0.002319,0.999751,10.149487,1.853397,-17.530092,,,,,
7,40,40.000000,agent_0,actor_logits,1,1,2,1.069709,-11.431063,12.500772,0.000050,0.999996,-11.431063,1.069709,,,,,,
7,40,40.000000,agent_1,actor_logits,1,1,3,2.146192,-4.827999,5.872688,0.026717,0.996263,-3.726496,2.146192,-4.827999,,,,,
7,40,40.000000,agent_2,actor_logits,1,1,2,1.055959,-11.412896,12.468856,0.000052,0.999996,-11.412896,1.055959,,,,,,
7,40,40.000000,agent_3,actor_logits,0,1,3,4.470748,-15.169965,1.278945,0.524020,0.782270,4.470748,3.191803,-15.169965,,,,,
7,40,40.000000,agent_4,actor_logits,0,1,3,4.480578,-15.148215,1.315969,0.515924,0.788510,4.480578,3.164609,-15.148215,,,,,
7,40,40.000000,agent_5,actor_logits,0,1,3,4.761479,-15.283868,1.532533,0.467771,0.822377,4.761479,3.228946,-15.283868,,,,,
7,42,42.000000,agent_0,actor_logits,1,1,3,7.446662,-7.786650,11.454071,0.000136,0.999989,-7.786650,7.446662,-4.007410,,,,,
7,42,42.000000,agent_1,actor_logits,0,1,4,3.328403,-4.130277,2.043887,0.373788,0.883150,3.328403,1.284516,-2.786562,-4.130277,,,,
7,42,42.000000,agent_2,actor_logits,1,1,3,7.475139,-7.793208,11.495934,0.000131,0.999990,-7.793208,7.475139,-4.020794,,,,,
7,42,42.000000,agent_3,actor_logits,1,1,3,7.057148,-9.842691,11.668127,0.000109,0.999991,-9.842691,7.057148,-4.610978,,,,,
7,42,42.000000,agent_4,actor_logits,1,1,3,7.020801,-9.789632,11.625356,0.000114,0.999991,-9.789632,7.020801,-4.604555,,,,,
7,42,42.000000,agent_5,actor_logits,1,1,3,7.110357,-9.591664,11.816140,0.000096,0.999993,-9.591664,7.110357,-4.705783,,,,,
7,44,44.000000,agent_0,actor_logits,2,1,4,5.768302,-12.362722,1.923045,0.539771,0.835865,3.845257,-12.362722,5.768302,2.776649,,,,
7,44,44.000000,agent_1,actor_logits,0,1,3,7.509468,-7.120668,9.756043,0.000630,0.999942,7.509468,-7.120668,-2.246576,,,,,
7,44,44.000000,agent_2,actor_logits,2,1,4,5.773332,-12.385387,1.884249,0.541913,0.833504,3.889083,-12.385387,5.773332,2.732825,,,,
7,44,44.000000,agent_3,actor_logits,2,1,4,7.123047,-12.217762,2.775233,0.236664,0.939538,0.917121,-12.217762,7.123047,4.347815,,,,
7,44,44.000000,agent_4,actor_logits,2,1,4,7.115546,-12.185808,2.736770,0.242192,0.937446,0.874912,-12.185808,7.115546,4.378776,,,,
7,44,44.000000,agent_5,actor_logits,2,1,4,6.972857,-12.083754,2.640958,0.259948,0.931365,0.940636,-12.083754,6.972857,4.331900,,,,
7,46,46.000000,agent_0,actor_logits,0,1,4,11.920515,-13.119429,8.786081,0.001529,0.999845,11.920515,-13.119429,-1.017313,3.134434,,,,
7,46,46.000000,agent_1,actor_logits,0,1,3,7.046846,-9.461533,6.509559,0.011168,0.998513,7.046846,-9.461533,0.537287,,,,,
7,46,46.000000,agent_2,actor_logits,0,1,4,11.950339,-13.105431,8.856283,0.001436,0.999855,11.950339,-13.105431,-1.031682,3.094056,,,,
7,46,46.000000,agent_3,actor_logits,0,1,4,10.192389,-12.291182,6.621473,0.010396,0.998648,10.192389,-12.291182,-0.515923,3.570917,,,,
7,46,46.000000,agent_4,actor_logits,0,1,4,10.173132,-12.274935,6.599056,0.010600,0.998618,10.173132,-12.274935,-0.516699,3.574076,,,,
7,46,46.000000,agent_5,actor_logits,0,1,4,10.223896,-12.156517,6.692636,0.009754,0.998743,10.223896,-12.156517,-0.643180,3.531260,,,,
7,48,48.000000,agent_0,actor_logits,1,1,3,4.543826,-6.707533,9.146254,0.001241,0.999880,-6.707533,4.543826,-4.602428,,,,,
7,48,48.000000,agent_1,actor_logits,2,1,3,10.483489,-13.139366,11.716983,0.000104,0.999992,-1.233494,-13.139366,10.483489,,,,,
7,48,48.000000,agent_2,actor_logits,1,1,3,4.560646,-6.691467,9.188253,0.001201,0.999885,-6.691467,4.560646,-4.627607,,,,,
7,48,48.000000,agent_3,actor_logits,1,1,3,5.553526,-7.944292,10.324244,0.000392,0.999966,-7.944292,5.553526,-4.770717,,,,,
7,48,48.000000,agent_4,actor_logits,1,1,3,5.558631,-7.945087,10.334579,0.000388,0.999966,-7.945087,5.558631,-4.775949,,,,,
7,48,48.000000,agent_5,actor_logits,1,1,3,5.600193,-7.862798,10.535013,0.000327,0.999972,-7.862798,5.600193,-4.934821,,,,,
7,50,50.000000,agent_0,actor_logits,2,1,3,4.640253,-9.105375,5.368784,0.029566,0.995361,-9.105375,-0.728531,4.640253,,,,,
7,50,50.000000,agent_1,actor_logits,1,1,4,3.575387,-7.443210,1.342344,0.811531,0.700072,-7.443210,3.575387,2.233044,1.786680,,,,
7,50,50.000000,agent_2,actor_logits,2,1,3,4.625268,-9.091840,5.348069,0.030084,0.995264,-9.091840,-0.722801,4.625268,,,,,
7,50,50.000000,agent_3,actor_logits,2,1,3,4.039809,-9.571969,4.445533,0.063225,0.988404,-9.571969,-0.405724,4.039809,,,,,
7,50,50.000000,agent_4,actor_logits,2,1,3,4.030738,-9.569862,4.434643,0.063783,0.988279,-9.569862,-0.403905,4.030738,,,,,
7,50,50.000000,agent_5,actor_logits,2,1,3,3.952731,-9.509628,4.342074,0.068709,0.987156,-9.509628,-0.389343,3.952731,,,,,
7,52,52.000000,agent_0,actor_logits,0,1,4,2.633858,-5.655696,0.714211,0.886673,0.608170,2.633858,-5.655696,1.919647,0.765956,,,,
7,52,52.000000,agent_1,actor_logits,0,1,4,3.879824,-5.847748,2.261143,0.453535,0.873976,3.879824,-5.847748,0.658584,1.618682,,,,
7,52,52.000000,agent_2,actor_logits,0,1,4,2.650138,-5.661009,0.734024,0.880673,0.613401,2.650138,-5.661009,1.916114,0.753261,,,,
7,52,52.000000,agent_3,actor_logits,0,1,4,2.542289,-5.014287,1.057916,0.797351,0.686297,2.542289,-5.014287,1.484373,0.329482,,,,
7,52,52.000000,agent_4,actor_logits,0,1,4,2.542307,-5.006648,1.064019,0.795765,0.687551,2.542307,-5.006648,1.478288,0.324467,,,,
7,52,52.000000,agent_5,actor_logits,0,1,4,2.566290,-4.986821,1.118676,0.779702,0.699239,2.566290,-4.986821,1.447614,0.292190,,,,
7,54,54.000000,agent_0,actor_logits,1,1,3,2.290005,-4.761356,6.068729,0.023263,0.996830,-4.761356,2.290005,-3.778724,,,,,
7,54,54.000000,agent_1,actor_logits,1,1,3,2.706178,-4.202518,6.858717,0.016124,0.997955,-4.152539,2.706178,-4.202518,,,,,
7,54,54.000000,agent_2,actor_logits,1,1,3,2.299270,-4.757424,6.083328,0.023028,0.996868,-4.757424,2.299270,-3.784058,,,,,
7,54,54.000000,agent_3,actor_logits,1,1,3,3.261566,-5.263014,7.666809,0.005944,0.999334,-5.263014,3.261566,-4.405242,,,,,
7,54,54.000000,agent_4,actor_logits,1,1,3,3.268979,-5.265460,7.680692,0.005878,0.999342,-5.265460,3.268979,-4.411714,,,,,
7,54,54.000000,agent_5,actor_logits,1,1,3,3.301205,-5.265459,7.746671,0.005598,0.999378,-5.265459,3.301205,-4.445467,,,,,
7,56,56.000000,agent_0,actor_logits,2,1,3,7.536821,-16.670738,4.142896,0.080500,0.984371,-16.670738,3.393926,7.536821,,,,,
7,56,56.000000,agent_1,actor_logits,2,1,3,7.549680,-16.409300,4.204405,0.076666,0.985290,-16.409300,3.345275,7.549680,,,,,
7,56,56.000000,agent_2,actor_logits,2,1,3,7.531631,-16.667185,4.133990,0.081070,0.984234,-16.667185,3.397641,7.531631,,,,,
7,56,56.000000,agent_3,actor_logits,2,1,3,6.863364,-17.011145,2.626925,0.246928,0.932574,-17.011145,4.236439,6.863364,,,,,
7,56,56.000000,agent_4,actor_logits,2,1,3,6.856607,-17.012695,2.613396,0.249170,0.931719,-17.012695,4.243212,6.856607,,,,,
7,56,56.000000,agent_5,actor_logits,2,1,3,6.826458,-17.017992,2.552800,0.259391,0.927761,-17.017992,4.273658,6.826458,,,,,
7,58,58.000000,agent_0,actor_logits,2,1,4,5.984577,-4.863752,0.832835,0.613806,0.696931,-4.464086,-4.863752,5.984577,5.151742,,,,
7,58,58.000000,agent_1,actor_logits,2,1,4,6.185789,-4.905904,1.233194,0.534269,0.774355,-4.529650,-4.905904,6.185789,4.952595,,,,
7,58,58.000000,agent_2,actor_logits,2,1,4,5.984732,-4.866769,0.841553,0.612270,0.698768,-4.455516,-4.866769,5.984732,5.143179,,,,
7,58,58.000000,agent_3,actor_logits,2,1,4,5.691598,-4.748740,0.770495,0.624686,0.683591,-4.230353,-4.748740,5.691598,4.921103,,,,
7,58,58.000000,agent_4,actor_logits,2,1,4,5.688790,-4.748407,0.768991,0.624939,0.683266,-4.227829,-4.748407,5.688790,4.919799,,,,
7,58,58.000000,agent_5,actor_logits,2,1,4,5.674750,-4.745940,0.754962,0.627267,0.680222,-4.218402,-4.745940,5.674750,4.919787,,,,
7,60,60.000000,agent_0,actor_logits,0,1,4,11.404380,-10.889648,8.838303,0.001453,0.999853,11.404380,-10.889648,-1.791343,2.566077,,,,
7,60,60.000000,agent_1,actor_logits,0,1,4,11.622263,-10.991070,9.161646,0.001087,0.999894,11.622263,-10.991070,-1.838941,2.460617,,,,
7,60,60.000000,agent_2,actor_logits,0,1,4,11.415258,-10.892332,8.855610,0.001431,0.999856,11.415258,-10.892332,-1.794344,2.559648,,,,
7,60,60.000000,agent_3,actor_logits,0,1,4,11.796065,-10.887878,9.396577,0.000876,0.999916,11.796065,-10.887878,-2.151581,2.399488,,,,
7,60,60.000000,agent_4,actor_logits,0,1,4,11.799629,-10.888464,9.401023,0.000872,0.999917,11.799629,-10.888464,-2.154498,2.398607,,,,
7,60,60.000000,agent_5,actor_logits,0,1,4,11.811980,-10.891199,9.413214,0.000863,0.999918,11.811980,-10.891199,-2.165612,2.398767,,,,
7,62,62.000000,agent_0,actor_logits,1,1,3,4.595777,-8.817533,6.292296,0.013493,0.998151,-8.817533,4.595777,-1.696519,,,,,
7,62,62.000000,agent_1,actor_logits,1,1,3,4.617140,-8.730930,6.381587,0.012496,0.998309,-8.730930,4.617140,-1.764446,,,,,
7,62,62.000000,agent_2,actor_logits,1,1,3,4.595450,-8.813695,6.292869,0.013486,0.998152,-8.813695,4.595450,-1.697419,,,,,
7,62,62.000000,agent_3,actor_logits,1,1,3,4.870564,-8.718769,6.877617,0.008129,0.998969,-8.718769,4.870564,-2.007053,,,,,
7,62,62.000000,agent_4,actor_logits,1,1,3,4.872484,-8.717319,6.882355,0.008096,0.998974,-8.717319,4.872484,-2.009871,,,,,
7,62,62.000000,agent_5,actor_logits,1,1,3,4.877345,-8.709583,6.896226,0.007999,0.998988,-8.709583,4.877345,-2.018881,,,,,
7,64,64.000000,agent_0,actor_logits,1,1,3,5.096617,-13.934743,0.271871,0.683993,0.567552,-13.934743,5.096617,4.824747,,,,,
7,64,64.000000,agent_1,actor_logits,1,1,3,5.137526,-13.917031,0.381704,0.675261,0.594284,-13.917031,5.137526,4.755822,,,,,
7,64,64.000000,agent_2,actor_logits,1,1,3,5.094761,-13.931334,0.270074,0.684112,0.567111,-13.931334,5.094761,4.824687,,,,,
7,64,64.000000,agent_3,actor_logits,1,1,3,5.343900,-13.899585,0.772299,0.623804,0.684018,-13.899585,5.343900,4.571601,,,,,
7,64,64.000000,agent_4,actor_logits,1,1,3,5.345240,-13.898882,0.775511,0.623267,0.684712,-13.898882,5.345240,4.569729,,,,,
7,64,64.000000,agent_5,actor_logits,1,1,3,5.349801,-13.896795,0.785455,0.621594,0.686855,-13.896795,5.349801,4.564346,,,,,
7,66,66.000000,agent_0,actor_logits,3,1,4,3.521675,-6.726937,0.792059,0.825845,0.641841,2.729616,-6.726937,1.268560,3.521675,,,,
7,66,66.000000,agent_1,actor_logits,3,1,4,3.582927,-6.694349,0.879207,0.798165,0.663536,2.703720,-6.694349,1.196204,3.582927,,,,
7,66,66.000000,agent_2,actor_logits,3,1,4,3.518222,-6.728065,0.785598,0.827144,0.640451,2.732624,-6.728065,1.269332,3.518222,,,,
7,66,66.000000,agent_3,actor_logits,3,1,4,3.362366,-6.719152,0.374003,0.851017,0.560103,2.988363,-6.719152,1.033118,3.362366,,,,
7,66,66.000000,agent_4,actor_logits,3,1,4,3.360838,-6.719396,0.370512,0.851178,0.559343,2.990326,-6.719396,1.031799,3.360838,,,,
7,66,66.000000,agent_5,actor_logits,3,1,4,3.357146,-6.718854,0.362527,0.851429,0.557631,2.994619,-6.718854,1.027644,3.357146,,,,
7,70,70.000000,agent_0,actor_logits,0,1,7,9.050423,-8.421329,8.338446,0.004845,0.999516,9.050423,-8.421329,-0.943539,-0.346869,0.711977,-0.868757,-0.558965,
7,70,70.000000,agent_1,actor_logits,0,1,7,9.055998,-8.358485,8.339267,0.004774,0.999524,9.055998,-8.358485,-1.005040,-0.378333,0.716731,-0.875282,-0.562006,
7,70,70.000000,agent_2,actor_logits,0,1,7,9.052622,-8.422981,8.340023,0.004837,0.999517,9.052622,-8.422981,-0.942802,-0.347641,0.712599,-0.868829,-0.558841,
7,70,70.000000,agent_3,actor_logits,0,1,7,9.092697,-8.181312,8.367504,0.004433,0.999559,9.092697,-8.181312,-1.120784,-0.584500,0.725193,-0.900581,-0.574898,
7,70,70.000000,agent_4,actor_logits,0,1,7,9.093014,-8.179794,8.368052,0.004430,0.999560,9.093014,-8.179794,-1.121951,-0.585971,0.724962,-0.900757,-0.575001,
7,70,70.000000,agent_5,actor_logits,0,1,7,9.093588,-8.174606,8.368726,0.004423,0.999561,9.093588,-8.174606,-1.125985,-0.589897,0.724862,-0.901302,-0.575272,
7,76,76.000000,agent_0,actor_logits,2,1,3,0.244529,-7.388625,2.810748,0.221787,0.942823,-7.388625,-2.566219,0.244529,,,,,
7,76,76.000000,agent_1,actor_logits,2,1,3,0.224491,-7.372221,2.792804,0.224621,0.941840,-7.372221,-2.568313,0.224491,,,,,
7,76,76.000000,agent_2,actor_logits,2,1,3,0.243921,-7.386904,2.810264,0.221867,0.942796,-7.386904,-2.566343,0.243921,,,,,
7,76,76.000000,agent_3,actor_logits,2,1,3,0.169683,-7.344088,2.714436,0.237048,0.937393,-7.344088,-2.544752,0.169683,,,,,
7,76,76.000000,agent_4,actor_logits,2,1,3,0.169594,-7.344570,2.714026,0.237111,0.937370,-7.344570,-2.544432,0.169594,,,,,
7,76,76.000000,agent_5,actor_logits,2,1,3,0.169037,-7.345701,2.712442,0.237359,0.937278,-7.345701,-2.543404,0.169037,,,,,
7,82,82.000000,agent_0,actor_logits,3,1,7,10.516883,-10.567886,4.666492,0.056727,0.990297,-10.567886,1.785948,1.567525,10.516883,5.850391,1.114879,-0.390505,
7,82,82.000000,agent_1,actor_logits,3,1,7,10.512310,-10.566315,4.659762,0.057035,0.990233,-10.566315,1.796703,1.556700,10.512310,5.852548,1.114238,-0.391128,
7,82,82.000000,agent_2,actor_logits,3,1,7,10.516789,-10.567726,4.666276,0.056736,0.990296,-10.567726,1.786173,1.567144,10.516789,5.850514,1.114856,-0.390498,
7,82,82.000000,agent_3,actor_logits,3,1,7,10.516517,-10.571655,4.658591,0.057079,0.990223,-10.571655,1.813491,1.542409,10.516517,5.857926,1.114889,-0.392664,
7,82,82.000000,agent_4,actor_logits,3,1,7,10.516583,-10.571649,4.658681,0.057075,0.990224,-10.571649,1.813362,1.542529,10.516583,5.857903,1.114905,-0.392664,
7,82,82.000000,agent_5,actor_logits,3,1,7,10.516684,-10.571814,4.658755,0.057071,0.990225,-10.571814,1.813393,1.542630,10.516684,5.857929,1.114928,-0.392686,
7,84,84.000000,agent_0,actor_logits,1,1,4,6.159162,-9.687798,1.969070,0.371977,0.877502,-5.228628,6.159162,4.190092,-9.687798,,,,
7,84,84.000000,agent_1,actor_logits,1,1,4,6.161171,-9.692372,1.979556,0.369761,0.878625,-5.223557,6.161171,4.181615,-9.692372,,,,
7,84,84.000000,agent_2,actor_logits,1,1,4,6.158998,-9.687718,1.968909,0.372011,0.877485,-5.228541,6.158998,4.190089,-9.687718,,,,
7,84,84.000000,agent_3,actor_logits,1,1,4,6.166273,-9.698759,1.986700,0.368254,0.879385,-5.226355,6.166273,4.179573,-9.698759,,,,
7,84,84.000000,agent_4,actor_logits,1,1,4,6.166309,-9.698785,1.986664,0.368261,0.879381,-5.226413,6.166309,4.179645,-9.698785,,,,
7,84,84.000000,agent_5,actor_logits,1,1,4,6.166480,-9.698917,1.986873,0.368217,0.879403,-5.226488,6.166480,4.179606,-9.698917,,,,
7,86,86.000000,agent_0,actor_logits,0,1,4,5.282176,-9.464385,2.410924,0.420601,0.887223,5.282176,1.995536,-9.464385,2.871252,,,,
7,86,86.000000,agent_1,actor_logits,0,1,4,5.291152,-9.472705,2.422275,0.417762,0.888299,5.291152,1.995042,-9.472705,2.868877,,,,
7,86,86.000000,agent_2,actor_logits,0,1,4,5.282215,-9.464351,2.410987,0.420578,0.887232,5.282215,1.995447,-9.464351,2.871228,,,,
7,86,86.000000,agent_3,actor_logits,0,1,4,5.292315,-9.473144,2.420662,0.417607,0.888312,5.292315,1.991882,-9.473144,2.871653,,,,
7,86,86.000000,agent_4,actor_logits,0,1,4,5.292260,-9.473073,2.420581,0.417624,0.888305,5.292260,1.991866,-9.473073,2.871679,,,,
7,86,86.000000,agent_5,actor_logits,0,1,4,5.292302,-9.473138,2.420615,0.417617,0.888308,5.292302,1.991890,-9.473138,2.871687,,,,
7,88,88.000000,agent_0,actor_logits,1,1,4,6.610335,-6.118718,4.861532,0.045133,0.992314,-5.850412,6.610335,1.748803,-6.118718,,,,
7,88,88.000000,agent_1,actor_logits,1,1,4,6.606336,-6.125185,4.859720,0.045201,0.992300,-5.839867,6.606336,1.746615,-6.125185,,,,
7,88,88.000000,agent_2,actor_logits,1,1,4,6.610300,-6.118854,4.861457,0.045136,0.992313,-5.850370,6.610300,1.748843,-6.118854,,,,
7,88,88.000000,agent_3,actor_logits,1,1,4,6.604118,-6.118111,4.858387,0.045251,0.992290,-5.839903,6.604118,1.745731,-6.118111,,,,
7,88,88.000000,agent_4,actor_logits,1,1,4,6.604128,-6.117995,4.858416,0.045250,0.992290,-5.839953,6.604128,1.745712,-6.117995,,,,
7,88,88.000000,agent_5,actor_logits,1,1,4,6.604113,-6.117890,4.858450,0.045249,0.992290,-5.839919,6.604113,1.745663,-6.117890,,,,
7,90,90.000000,agent_0,actor_logits,1,1,4,8.378442,-7.865151,5.700188,0.022519,0.996651,-2.779330,8.378442,-7.865151,2.678254,,,,
7,90,90.000000,agent_1,actor_logits,1,1,4,8.378355,-7.873536,5.700556,0.022514,0.996653,-2.769549,8.378355,-7.873536,2.677799,,,,
7,90,90.000000,agent_2,actor_logits,1,1,4,8.378429,-7.865257,5.700195,0.022519,0.996651,-2.779211,8.378429,-7.865257,2.678234,,,,
7,90,90.000000,agent_3,actor_logits,1,1,4,8.379679,-7.869674,5.702101,0.022484,0.996658,-2.774235,8.379679,-7.869674,2.677578,,,,
7,90,90.000000,agent_4,actor_logits,1,1,4,8.379675,-7.869568,5.702125,0.022483,0.996658,-2.774323,8.379675,-7.869568,2.677551,,,,
7,90,90.000000,agent_5,actor_logits,1,1,4,8.379693,-7.869506,5.702151,0.022483,0.996658,-2.774383,8.379693,-7.869506,2.677542,,,,
7,92,92.000000,agent_0,actor_logits,1,1,4,10.965111,-10.197178,7.349766,0.005369,0.999357,-3.971935,10.965111,-10.197178,3.615345,,,,
7,92,92.000000,agent_1,actor_logits,1,1,4,10.961763,-10.199739,7.347319,0.005380,0.999356,-3.965083,10.961763,-10.199739,3.614444,,,,
7,92,92.000000,agent_2,actor_logits,1,1,4,10.965057,-10.197268,7.349751,0.005369,0.999357,-3.971776,10.965057,-10.197268,3.615307,,,,
7,92,92.000000,agent_3,actor_logits,1,1,4,10.963203,-10.197643,7.347333,0.005380,0.999356,-3.969201,10.963203,-10.197643,3.615870,,,,
7,92,92.000000,agent_4,actor_logits,1,1,4,10.963215,-10.197585,7.347372,0.005380,0.999356,-3.969249,10.963215,-10.197585,3.615843,,,,
7,92,92.000000,agent_5,actor_logits,1,1,4,10.963244,-10.197527,7.347388,0.005380,0.999356,-3.969336,10.963244,-10.197527,3.615857,,,,
7,94,94.000000,agent_0,actor_logits,1,1,4,7.920936,-12.965980,2.274570,0.316718,0.905961,0.971166,7.920936,-12.965980,5.646367,,,,
7,94,94.000000,agent_1,actor_logits,1,1,4,7.918431,-12.968390,2.273888,0.316903,0.905896,0.977863,7.918431,-12.968390,5.644543,,,,
7,94,94.000000,agent_2,actor_logits,1,1,4,7.920887,-12.966086,2.274593,0.316715,0.905963,0.971378,7.920887,-12.966086,5.646294,,,,
7,94,94.000000,agent_3,actor_logits,1,1,4,7.919973,-12.965723,2.273293,0.316972,0.905852,0.971904,7.919973,-12.965723,5.646680,,,,
7,94,94.000000,agent_4,actor_logits,1,1,4,7.919958,-12.965670,2.273282,0.316974,0.905851,0.971866,7.919958,-12.965670,5.646676,,,,
7,94,94.000000,agent_5,actor_logits,1,1,4,7.919979,-12.965594,2.273259,0.316978,0.905849,0.971737,7.919979,-12.965594,5.646719,,,,
7,96,96.000000,agent_0,actor_logits,1,1,4,9.199643,-11.512757,4.819226,0.046976,0.991962,-1.205378,9.199643,-11.512757,4.380417,,,,
7,96,96.000000,agent_1,actor_logits,1,1,4,9.198477,-11.516708,4.819331,0.046975,0.991962,-1.198789,9.198477,-11.516708,4.379146,,,,
7,96,96.000000,agent_2,actor_logits,1,1,4,9.199594,-11.512890,4.819230,0.046976,0.991962,-1.205141,9.199594,-11.512890,4.380364,,,,
7,96,96.000000,agent_3,actor_logits,1,1,4,9.199934,-11.513535,4.819053,0.046983,0.991960,-1.205173,9.199934,-11.513535,4.380881,,,,
7,96,96.000000,agent_4,actor_logits,1,1,4,9.199903,-11.513453,4.819047,0.046983,0.991960,-1.205209,9.199903,-11.513453,4.380856,,,,
7,96,96.000000,agent_5,actor_logits,1,1,4,9.199926,-11.513363,4.819043,0.046983,0.991960,-1.205356,9.199926,-11.513363,4.380884,,,,
7,98,98.000000,agent_0,actor_logits,0,1,3,5.255589,-11.316105,5.459306,0.027388,0.995761,5.255589,-11.316105,-0.203718,,,,,
7,98,98.000000,agent_1,actor_logits,0,1,3,5.257995,-11.319416,5.460264,0.027366,0.995765,5.257995,-11.319416,-0.202268,,,,,
7,98,98.000000,agent_2,actor_logits,0,1,3,5.255690,-11.316243,5.459349,0.027387,0.995762,5.255690,-11.316243,-0.203659,,,,,
7,98,98.000000,agent_3,actor_logits,0,1,3,5.255058,-11.316027,5.458537,0.027406,0.995758,5.255058,-11.316027,-0.203479,,,,,
7,98,98.000000,agent_4,actor_logits,0,1,3,5.255080,-11.315989,5.458595,0.027404,0.995758,5.255080,-11.315989,-0.203515,,,,,
7,98,98.000000,agent_5,actor_logits,0,1,3,5.255021,-11.315900,5.458576,0.027405,0.995758,5.255021,-11.315900,-0.203555,,,,,
7,100,100.000000,agent_0,actor_logits,0,1,3,5.370280,-12.630415,2.337685,0.298002,0.911950,5.370280,3.032595,-12.630415,,,,,
7,100,100.000000,agent_1,actor_logits,0,1,3,5.375010,-12.631234,2.343662,0.296882,0.912429,5.375010,3.031348,-12.631234,,,,,
7,100,100.000000,agent_2,actor_logits,0,1,3,5.370476,-12.630422,2.337966,0.297950,0.911973,5.370476,3.032511,-12.630422,,,,,
7,100,100.000000,agent_3,actor_logits,0,1,3,5.370166,-12.630630,2.337185,0.298096,0.911910,5.370166,3.032981,-12.630630,,,,,
7,100,100.000000,agent_4,actor_logits,0,1,3,5.370095,-12.630631,2.337080,0.298116,0.911902,5.370095,3.033015,-12.630631,,,,,
7,100,100.000000,agent_5,actor_logits,0,1,3,5.369961,-12.630630,2.336887,0.298152,0.911886,5.369961,3.033074,-12.630630,,,,,
7,102,102.000000,agent_0,actor_logits,0,1,2,6.128727,-21.400005,27.528732,0.000000,1.000000,6.128727,-21.400005,,,,,,
7,102,102.000000,agent_1,actor_logits,0,1,2,6.132149,-21.399069,27.531218,0.000000,1.000000,6.132149,-21.399069,,,,,,
7,102,102.000000,agent_2,actor_logits,0,1,2,6.128874,-21.399961,27.528835,0.000000,1.000000,6.128874,-21.399961,,,,,,
7,102,102.000000,agent_3,actor_logits,0,1,2,6.128455,-21.400135,27.528589,0.000000,1.000000,6.128455,-21.400135,,,,,,
7,102,102.000000,agent_4,actor_logits,0,1,2,6.128449,-21.400139,27.528587,0.000000,1.000000,6.128449,-21.400139,,,,,,
7,102,102.000000,agent_5,actor_logits,0,1,2,6.128356,-21.400167,27.528524,0.000000,1.000000,6.128356,-21.400167,,,,,,
7,104,104.000000,agent_0,actor_logits,1,1,3,4.602271,-14.399640,1.987510,0.367961,0.879479,-14.399640,4.602271,2.614761,,,,,
7,104,104.000000,agent_1,actor_logits,1,1,3,4.604829,-14.398645,1.992220,0.366969,0.879978,-14.398645,4.604829,2.612609,,,,,
7,104,104.000000,agent_2,actor_logits,1,1,3,4.602369,-14.399587,1.987689,0.367923,0.879498,-14.399587,4.602369,2.614680,,,,,
7,104,104.000000,agent_3,actor_logits,1,1,3,4.602471,-14.399974,1.987808,0.367898,0.879511,-14.399974,4.602471,2.614664,,,,,
7,104,104.000000,agent_4,actor_logits,1,1,3,4.602438,-14.399963,1.987753,0.367910,0.879505,-14.399963,4.602438,2.614685,,,,,
7,104,104.000000,agent_5,actor_logits,1,1,3,4.602376,-14.399999,1.987637,0.367934,0.879493,-14.399999,4.602376,2.614738,,,,,
7,106,106.000000,agent_0,actor_logits,2,1,3,10.497521,-8.960428,18.917656,0.000000,1.000000,-8.420134,-8.960428,10.497521,,,,,
7,106,106.000000,agent_1,actor_logits,2,1,3,10.496440,-8.959288,18.915905,0.000000,1.000000,-8.419466,-8.959288,10.496440,,,,,
7,106,106.000000,agent_2,actor_logits,2,1,3,10.497484,-8.960384,18.917587,0.000000,1.000000,-8.420103,-8.960384,10.497484,,,,,
7,106,106.000000,agent_3,actor_logits,2,1,3,10.497306,-8.960303,18.917437,0.000000,1.000000,-8.420131,-8.960303,10.497306,,,,,
7,106,106.000000,agent_4,actor_logits,2,1,3,10.497325,-8.960317,18.917461,0.000000,1.000000,-8.420135,-8.960317,10.497325,,,,,
7,106,106.000000,agent_5,actor_logits,2,1,3,10.497352,-8.960344,18.917507,0.000000,1.000000,-8.420155,-8.960344,10.497352,,,,,
7,108,108.000000,agent_0,actor_logits,2,1,4,4.152375,-9.332023,0.085551,0.740117,0.516321,-9.332023,4.066823,4.152375,0.176987,,,,
7,108,108.000000,agent_1,actor_logits,2,1,4,4.151050,-9.333305,0.082180,0.740216,0.515484,-9.333305,4.068870,4.151050,0.178051,,,,
7,108,108.000000,agent_2,actor_logits,2,1,4,4.152326,-9.332072,0.085424,0.740121,0.516289,-9.332072,4.066902,4.152326,0.177028,,,,
7,108,108.000000,agent_3,actor_logits,2,1,4,4.152227,-9.332047,0.085268,0.740125,0.516251,-9.332047,4.066959,4.152227,0.177009,,,,
7,108,108.000000,agent_4,actor_logits,2,1,4,4.152252,-9.332014,0.085330,0.740122,0.516266,-9.332014,4.066922,4.152252,0.176982,,,,
7,108,108.000000,agent_5,actor_logits,2,1,4,4.152286,-9.331977,0.085417,0.740120,0.516288,-9.331977,4.066869,4.152286,0.176952,,,,
7,110,110.000000,agent_0,actor_logits,3,1,4,2.245986,-3.880136,0.118109,0.855944,0.504101,2.127876,-3.880136,-0.129771,2.245986,,,,
7,110,110.000000,agent_1,actor_logits,3,1,4,2.246578,-3.879001,0.119450,0.855857,0.504432,2.127128,-3.879001,-0.130359,2.246578,,,,
7,110,110.000000,agent_2,actor_logits,3,1,4,2.246010,-3.880092,0.118162,0.855940,0.504114,2.127848,-3.880092,-0.129795,2.246010,,,,
7,110,110.000000,agent_3,actor_logits,3,1,4,2.245951,-3.880030,0.118155,0.855948,0.504111,2.127796,-3.880030,-0.129788,2.245951,,,,
7,110,110.000000,agent_4,actor_logits,3,1,4,2.245932,-3.880054,0.118102,0.855949,0.504099,2.127830,-3.880054,-0.129784,2.245932,,,,
7,110,110.000000,agent_5,actor_logits,3,1,4,2.245913,-3.880084,0.118060,0.855951,0.504088,2.127853,-3.880084,-0.129770,2.245913,,,,
7,112,112.000000,agent_0,actor_logits,0,1,4,10.259526,-5.900224,9.235899,0.001003,0.999902,10.259526,-4.950625,-5.900224,1.023627,,,,
7,112,112.000000,agent_1,actor_logits,0,1,4,10.259245,-5.900370,9.235389,0.001004,0.999902,10.259245,-4.950379,-5.900370,1.023856,,,,
7,112,112.000000,agent_2,actor_logits,0,1,4,10.259518,-5.900229,9.235880,0.001003,0.999902,10.259518,-4.950617,-5.900229,1.023638,,,,
7,112,112.000000,agent_3,actor_logits,0,1,4,10.259476,-5.900261,9.235923,0.001003,0.999902,10.259476,-4.950519,-5.900261,1.023553,,,,
7,112,112.000000,agent_4,actor_logits,0,1,4,10.259503,-5.900267,9.235962,0.001003,0.999902,10.259503,-4.950526,-5.900267,1.023541,,,,
7,112,112.000000,agent_5,actor_logits,0,1,4,10.259516,-5.900267,9.235985,0.001003,0.999902,10.259516,-4.950531,-5.900267,1.023531,,,,
7,114,114.000000,agent_0,actor_logits,2,1,4,5.513364,-7.220828,5.822713,0.025872,0.996359,-0.309349,-1.762618,5.513364,-7.220828,,,,
7,114,114.000000,agent_1,actor_logits,2,1,4,5.513422,-7.220541,5.823042,0.025866,0.996360,-0.309620,-1.762600,5.513422,-7.220541,,,,
7,114,114.000000,agent_2,actor_logits,2,1,4,5.513367,-7.220813,5.822727,0.025871,0.996359,-0.309360,-1.762619,5.513367,-7.220813,,,,
7,114,114.000000,agent_3,actor_logits,2,1,4,5.513320,-7.220911,5.822686,0.025873,0.996359,-0.309365,-1.762516,5.513320,-7.220911,,,,
7,114,114.000000,agent_4,actor_logits,2,1,4,5.513313,-7.220918,5.822660,0.025873,0.996359,-0.309348,-1.762519,5.513313,-7.220918,,,,
7,114,114.000000,agent_5,actor_logits,2,1,4,5.513310,-7.220930,5.822648,0.025873,0.996358,-0.309337,-1.762518,5.513310,-7.220930,,,,
7,116,116.000000,agent_0,actor_logits,0,1,4,16.335466,-17.000891,15.161385,0.000005,1.000000,16.335466,-17.000891,-0.174778,1.174082,,,,
7,116,116.000000,agent_1,actor_logits,0,1,4,16.335121,-17.001013,15.160883,0.000005,1.000000,16.335121,-17.001013,-0.174489,1.174238,,,,
7,116,116.000000,agent_2,actor_logits,0,1,4,16.335451,-17.000898,15.161362,0.000005,1.000000,16.335451,-17.000898,-0.174764,1.174090,,,,
7,116,116.000000,agent_3,actor_logits,0,1,4,16.335455,-17.000826,15.161434,0.000005,1.000000,16.335455,-17.000826,-0.174818,1.174021,,,,
7,116,116.000000,agent_4,actor_logits,0,1,4,16.335459,-17.000826,15.161442,0.000005,1.000000,16.335459,-17.000826,-0.174820,1.174017,,,,
7,116,116.000000,agent_5,actor_logits,0,1,4,16.335470,-17.000822,15.161460,0.000005,1.000000,16.335470,-17.000822,-0.174828,1.174011,,,,
7,118,118.000000,agent_0,actor_logits,1,1,3,5.624936,-8.231061,7.885709,0.003355,0.999623,-2.260772,5.624936,-8.231061,,,,,
7,118,118.000000,agent_1,actor_logits,1,1,3,5.624968,-8.230735,7.886177,0.003353,0.999623,-2.261209,5.624968,-8.230735,,,,,
7,118,118.000000,agent_2,actor_logits,1,1,3,5.624934,-8.231046,7.885722,0.003355,0.999623,-2.260788,5.624934,-8.231046,,,,,
7,118,118.000000,agent_3,actor_logits,1,1,3,5.625100,-8.231148,7.885934,0.003354,0.999623,-2.260834,5.625100,-8.231148,,,,,
7,118,118.000000,agent_4,actor_logits,1,1,3,5.625096,-8.231158,7.885912,0.003354,0.999623,-2.260816,5.625096,-8.231158,,,,,
7,118,118.000000,agent_5,actor_logits,1,1,3,5.625098,-8.231170,7.885901,0.003354,0.999623,-2.260804,5.625098,-8.231170,,,,,
7,120,120.000000,agent_0,actor_logits,2,1,3,5.702315,-9.497911,7.952602,0.003152,0.999648,-2.250287,-9.497911,5.702315,,,,,
7,120,120.000000,agent_1,actor_logits,2,1,3,5.702625,-9.498045,7.953332,0.003150,0.999648,-2.250708,-9.498045,5.702625,,,,,
7,120,120.000000,agent_2,actor_logits,2,1,3,5.702330,-9.497920,7.952633,0.003152,0.999648,-2.250303,-9.497920,5.702330,,,,,
7,120,120.000000,agent_3,actor_logits,2,1,3,5.702258,-9.497822,7.952583,0.003152,0.999648,-2.250325,-9.497822,5.702258,,,,,
7,120,120.000000,agent_4,actor_logits,2,1,3,5.702253,-9.497828,7.952565,0.003152,0.999648,-2.250312,-9.497828,5.702253,,,,,
7,120,120.000000,agent_5,actor_logits,2,1,3,5.702243,-9.497822,7.952543,0.003152,0.999648,-2.250301,-9.497822,5.702243,,,,,
7,122,122.000000,agent_0,actor_logits,0,1,4,4.842806,-3.787393,2.329234,0.303498,0.910879,4.842806,-3.787393,-3.297015,2.513572,,,,
7,122,122.000000,agent_1,actor_logits,0,1,4,4.842707,-3.787847,2.328894,0.303562,0.910851,4.842707,-3.787847,-3.296608,2.513813,,,,
7,122,122.000000,agent_2,actor_logits,0,1,4,4.842803,-3.787411,2.329219,0.303501,0.910878,4.842803,-3.787411,-3.296999,2.513583,,,,
7,122,122.000000,agent_3,actor_logits,0,1,4,4.842781,-3.787337,2.329259,0.303493,0.910881,4.842781,-3.787337,-3.297018,2.513521,,,,
7,122,122.000000,agent_4,actor_logits,0,1,4,4.842776,-3.787328,2.329253,0.303494,0.910881,4.842776,-3.787328,-3.297021,2.513522,,,,
7,122,122.000000,agent_5,actor_logits,0,1,4,4.842777,-3.787313,2.329262,0.303493,0.910881,4.842777,-3.787313,-3.297033,2.513515,,,,
7,124,124.000000,agent_0,actor_logits,0,1,3,4.249339,-5.730965,6.738747,0.009661,0.998771,4.249339,-5.730965,-2.489408,,,,,
7,124,124.000000,agent_1,actor_logits,0,1,3,4.249143,-5.731155,6.738238,0.009665,0.998771,4.249143,-5.731155,-2.489095,,,,,
7,124,124.000000,agent_2,actor_logits,0,1,3,4.249331,-5.730974,6.738725,0.009661,0.998771,4.249331,-5.730974,-2.489394,,,,,
7,124,124.000000,agent_3,actor_logits,0,1,3,4.249342,-5.730919,6.738796,0.009661,0.998771,4.249342,-5.730919,-2.489454,,,,,
7,124,124.000000,agent_4,actor_logits,0,1,3,4.249344,-5.730917,6.738801,0.009661,0.998771,4.249344,-5.730917,-2.489457,,,,,
7,124,124.000000,agent_5,actor_logits,0,1,3,4.249350,-5.730911,6.738816,0.009660,0.998771,4.249350,-5.730911,-2.489466,,,,,
7,126,126.000000,agent_0,actor_logits,0,1,3,14.911104,-15.955873,15.281933,0.000004,1.000000,14.911104,-15.955873,-0.370829,,,,,
7,126,126.000000,agent_1,actor_logits,0,1,3,14.910893,-15.955996,15.281529,0.000004,1.000000,14.910893,-15.955996,-0.370636,,,,,
7,126,126.000000,agent_2,actor_logits,0,1,3,14.911094,-15.955875,15.281915,0.000004,1.000000,14.911094,-15.955875,-0.370821,,,,,
7,126,126.000000,agent_3,actor_logits,0,1,3,14.911160,-15.955927,15.281982,0.000004,1.000000,14.911160,-15.955927,-0.370823,,,,,
7,126,126.000000,agent_4,actor_logits,0,1,3,14.911160,-15.955923,15.281985,0.000004,1.000000,14.911160,-15.955923,-0.370825,,,,,
7,126,126.000000,agent_5,actor_logits,0,1,3,14.911165,-15.955919,15.281997,0.000004,1.000000,14.911165,-15.955919,-0.370831,,,,,
7,128,128.000000,agent_0,actor_logits,0,1,3,13.685724,-10.900559,20.397156,0.000000,1.000000,13.685724,-6.711432,-10.900559,,,,,
7,128,128.000000,agent_1,actor_logits,0,1,3,13.685709,-10.900413,20.397375,0.000000,1.000000,13.685709,-6.711667,-10.900413,,,,,
7,128,128.000000,agent_2,actor_logits,0,1,3,13.685722,-10.900554,20.397165,0.000000,1.000000,13.685722,-6.711442,-10.900554,,,,,
7,128,128.000000,agent_3,actor_logits,0,1,3,13.685715,-10.900578,20.397146,0.000000,1.000000,13.685715,-6.711432,-10.900578,,,,,
7,128,128.000000,agent_4,actor_logits,0,1,3,13.685715,-10.900577,20.397144,0.000000,1.000000,13.685715,-6.711429,-10.900577,,,,,
7,128,128.000000,agent_5,actor_logits,0,1,3,13.685715,-10.900581,20.397137,0.000000,1.000000,13.685715,-6.711422,-10.900581,,,,,
7,130,130.000000,agent_0,actor_logits,0,1,3,9.336647,-13.644326,8.635873,0.001711,0.999822,9.336647,-13.644326,0.700775,,,,,
7,130,130.000000,agent_1,actor_logits,0,1,3,9.336535,-13.644363,8.635704,0.001711,0.999822,9.336535,-13.644363,0.700831,,,,,
7,130,130.000000,agent_2,actor_logits,0,1,3,9.336643,-13.644328,8.635866,0.001711,0.999822,9.336643,-13.644328,0.700777,,,,,
7,130,130.000000,agent_3,actor_logits,0,1,3,9.336643,-13.644327,8.635875,0.001711,0.999822,9.336643,-13.644327,0.700768,,,,,
7,130,130.000000,agent_4,actor_logits,0,1,3,9.336643,-13.644326,8.635875,0.001711,0.999822,9.336643,-13.644326,0.700769,,,,,
7,130,130.000000,agent_5,actor_logits,0,1,3,9.336645,-13.644325,8.635879,0.001711,0.999822,9.336645,-13.644325,0.700767,,,,,
7,132,132.000000,agent_0,actor_logits,2,1,3,6.852693,-14.742190,1.200217,0.541006,0.768563,5.652476,-14.742190,6.852693,,,,,
7,132,132.000000,agent_1,actor_logits,2,1,3,6.852762,-14.742124,1.200355,0.540977,0.768588,5.652407,-14.742124,6.852762,,,,,
7,132,132.000000,agent_2,actor_logits,2,1,3,6.852696,-14.742188,1.200223,0.541005,0.768565,5.652473,-14.742188,6.852696,,,,,
7,132,132.000000,agent_3,actor_logits,2,1,3,6.852692,-14.742193,1.200222,0.541005,0.768564,5.652470,-14.742193,6.852692,,,,,
7,132,132.000000,agent_4,actor_logits,2,1,3,6.852692,-14.742193,1.200221,0.541006,0.768564,5.652471,-14.742193,6.852692,,,,,
7,132,132.000000,agent_5,actor_logits,2,1,3,6.852690,-14.742196,1.200218,0.541006,0.768564,5.652472,-14.742196,6.852690,,,,,
7,134,134.000000,agent_0,actor_logits,1,1,4,6.485471,-8.681793,3.011649,0.193064,0.952677,-8.681793,6.485471,-1.191216,3.473822,,,,
7,134,134.000000,agent_1,actor_logits,1,1,4,6.485373,-8.681713,3.011571,0.193075,0.952673,-8.681713,6.485373,-1.191162,3.473803,,,,
7,134,134.000000,agent_2,actor_logits,1,1,4,6.485467,-8.681789,3.011648,0.193065,0.952676,-8.681789,6.485467,-1.191214,3.473820,,,,
7,134,134.000000,agent_3,actor_logits,1,1,4,6.485465,-8.681805,3.011618,0.193069,0.952675,-8.681805,6.485465,-1.191211,3.473847,,,,
7,134,134.000000,agent_4,actor_logits,1,1,4,6.485466,-8.681806,3.011620,0.193068,0.952675,-8.681806,6.485466,-1.191211,3.473846,,,,
7,134,134.000000,agent_5,actor_logits,1,1,4,6.485468,-8.681808,3.011622,0.193068,0.952675,-8.681808,6.485468,-1.191213,3.473847,,,,
7,136,136.000000,agent_0,actor_logits,1,1,3,2.048435,-4.490795,6.453820,0.022571,0.996989,-4.405385,2.048435,-4.490795,,,,,
7,136,136.000000,agent_1,actor_logits,1,1,3,2.048380,-4.490758,6.453724,0.022573,0.996989,-4.405344,2.048380,-4.490758,,,,,
7,136,136.000000,agent_2,actor_logits,1,1,3,2.048432,-4.490793,6.453814,0.022571,0.996989,-4.405382,2.048432,-4.490793,,,,,
7,136,136.000000,agent_3,actor_logits,1,1,3,2.048437,-4.490797,6.453825,0.022571,0.996989,-4.405388,2.048437,-4.490797,,,,,
7,136,136.000000,agent_4,actor_logits,1,1,3,2.048438,-4.490798,6.453827,0.022571,0.996989,-4.405389,2.048438,-4.490798,,,,,
7,136,136.000000,agent_5,actor_logits,1,1,3,2.048439,-4.490798,6.453828,0.022571,0.996989,-4.405389,2.048439,-4.490798,,,,,
7,138,138.000000,agent_0,actor_logits,0,1,4,5.308382,-8.042942,3.114764,0.213784,0.951297,5.308382,-8.042942,0.318421,2.193617,,,,
7,138,138.000000,agent_1,actor_logits,0,1,4,5.308444,-8.042993,3.114805,0.213776,0.951299,5.308444,-8.042993,0.318410,2.193638,,,,
7,138,138.000000,agent_2,actor_logits,0,1,4,5.308384,-8.042943,3.114766,0.213784,0.951297,5.308384,-8.042943,0.318419,2.193619,,,,
7,138,138.000000,agent_3,actor_logits,0,1,4,5.308381,-8.042952,3.114756,0.213785,0.951297,5.308381,-8.042952,0.318426,2.193625,,,,
7,138,138.000000,agent_4,actor_logits,0,1,4,5.308382,-8.042951,3.114757,0.213785,0.951297,5.308382,-8.042951,0.318425,2.193624,,,,
7,138,138.000000,agent_5,actor_logits,0,1,4,5.308378,-8.042950,3.114753,0.213786,0.951296,5.308378,-8.042950,0.318426,2.193625,,,,
7,140,140.000000,agent_0,actor_logits,0,1,3,14.842919,-14.437695,20.599003,0.000000,1.000000,14.842919,-5.756083,-14.437695,,,,,
7,140,140.000000,agent_1,actor_logits,0,1,3,14.842907,-14.437671,20.599007,0.000000,1.000000,14.842907,-5.756100,-14.437671,,,,,
7,140,140.000000,agent_2,actor_logits,0,1,3,14.842919,-14.437693,20.599003,0.000000,1.000000,14.842919,-5.756084,-14.437693,,,,,
7,140,140.000000,agent_3,actor_logits,0,1,3,14.842919,-14.437690,20.599009,0.000000,1.000000,14.842919,-5.756089,-14.437690,,,,,
7,140,140.000000,agent_4,actor_logits,0,1,3,14.842920,-14.437690,20.599010,0.000000,1.000000,14.842920,-5.756090,-14.437690,,,,,
7,140,140.000000,agent_5,actor_logits,0,1,3,14.842920,-14.437690,20.599009,0.000000,1.000000,14.842920,-5.756089,-14.437690,,,,,
7,142,142.000000,agent_0,actor_logits,0,1,2,-6.892826,-7.530344,0.637518,0.644813,0.654192,-6.892826,-7.530344,,,,,,
7,142,142.000000,agent_1,actor_logits,0,1,2,-6.892830,-7.530361,0.637531,0.644811,0.654195,-6.892830,-7.530361,,,,,,
7,142,142.000000,agent_2,actor_logits,0,1,2,-6.892826,-7.530345,0.637520,0.644813,0.654193,-6.892826,-7.530345,,,,,,
7,142,142.000000,agent_3,actor_logits,0,1,2,-6.892825,-7.530350,0.637525,0.644812,0.654194,-6.892825,-7.530350,,,,,,
7,142,142.000000,agent_4,actor_logits,0,1,2,-6.892825,-7.530350,0.637526,0.644812,0.654194,-6.892825,-7.530350,,,,,,
7,142,142.000000,agent_5,actor_logits,0,1,2,-6.892826,-7.530349,0.637524,0.644812,0.654194,-6.892826,-7.530349,,,,,,
7,144,144.000000,agent_0,actor_logits,1,1,3,-0.208412,-4.699139,3.060140,0.239643,0.945096,-3.268553,-0.208412,-4.699139,,,,,
7,144,144.000000,agent_1,actor_logits,1,1,3,-0.208402,-4.699112,3.060176,0.239639,0.945097,-3.268578,-0.208402,-4.699112,,,,,
7,144,144.000000,agent_2,actor_logits,1,1,3,-0.208413,-4.699137,3.060140,0.239643,0.945096,-3.268553,-0.208413,-4.699137,,,,,
7,144,144.000000,agent_3,actor_logits,1,1,3,-0.208400,-4.699126,3.060174,0.239638,0.945097,-3.268574,-0.208400,-4.699126,,,,,
7,144,144.000000,agent_4,actor_logits,1,1,3,-0.208401,-4.699127,3.060169,0.239639,0.945097,-3.268571,-0.208401,-4.699127,,,,,
7,144,144.000000,agent_5,actor_logits,1,1,3,-0.208401,-4.699127,3.060171,0.239639,0.945097,-3.268572,-0.208401,-4.699127,,,,,
7,146,146.000000,agent_0,actor_logits,2,1,3,8.036204,-21.138418,3.860564,0.100450,0.979378,-21.138418,4.175640,8.036204,,,,,
7,146,146.000000,agent_1,actor_logits,2,1,3,8.036231,-21.138433,3.860594,0.100447,0.979379,-21.138433,4.175637,8.036231,,,,,
7,146,146.000000,agent_2,actor_logits,2,1,3,8.036206,-21.138418,3.860567,0.100449,0.979378,-21.138418,4.175640,8.036206,,,,,
7,146,146.000000,agent_3,actor_logits,2,1,3,8.036219,-21.138432,3.860580,0.100448,0.979378,-21.138432,4.175639,8.036219,,,,,
7,146,146.000000,agent_4,actor_logits,2,1,3,8.036216,-21.138430,3.860577,0.100449,0.979378,-21.138430,4.175639,8.036216,,,,,
7,146,146.000000,agent_5,actor_logits,2,1,3,8.036216,-21.138430,3.860577,0.100449,0.979378,-21.138430,4.175639,8.036216,,,,,
7,148,148.000000,agent_0,actor_logits,3,1,4,8.923635,-12.404362,4.585525,0.062147,0.989217,-12.404362,4.338109,1.662560,8.923635,,,,
7,148,148.000000,agent_1,actor_logits,3,1,4,8.923623,-12.404329,4.585560,0.062146,0.989217,-12.404329,4.338063,1.662584,8.923623,,,,
7,148,148.000000,agent_2,actor_logits,3,1,4,8.923635,-12.404361,4.585527,0.062147,0.989217,-12.404361,4.338108,1.662561,8.923635,,,,
7,148,148.000000,agent_3,actor_logits,3,1,4,8.923631,-12.404351,4.585542,0.062147,0.989217,-12.404351,4.338089,1.662573,8.923631,,,,
7,148,148.000000,agent_4,actor_logits,3,1,4,8.923630,-12.404352,4.585537,0.062147,0.989217,-12.404352,4.338092,1.662571,8.923630,,,,
7,148,148.000000,agent_5,actor_logits,3,1,4,8.923631,-12.404352,4.585539,0.062147,0.989217,-12.404352,4.338092,1.662571,8.923631,,,,
7,150,150.000000,agent_0,actor_logits,3,1,4,6.130095,-8.501975,1.736598,0.445380,0.847066,0.710039,4.393497,-8.501975,6.130095,,,,
7,150,150.000000,agent_1,actor_logits,3,1,4,6.130089,-8.501947,1.736651,0.445369,0.847072,0.710079,4.393437,-8.501947,6.130089,,,,
7,150,150.000000,agent_2,actor_logits,3,1,4,6.130095,-8.501975,1.736599,0.445379,0.847066,0.710040,4.393496,-8.501975,6.130095,,,,
7,150,150.000000,agent_3,actor_logits,3,1,4,6.130090,-8.501966,1.736618,0.445376,0.847068,0.710057,4.393472,-8.501966,6.130090,,,,
7,150,150.000000,agent_4,actor_logits,3,1,4,6.130090,-8.501968,1.736613,0.445377,0.847068,0.710055,4.393477,-8.501968,6.130090,,,,
7,150,150.000000,agent_5,actor_logits,3,1,4,6.130091,-8.501967,1.736614,0.445376,0.847068,0.710055,4.393476,-8.501967,6.130091,,,,
7,152,152.000000,agent_0,actor_logits,1,1,4,5.246722,-4.488686,2.477709,0.275119,0.922303,-3.056292,5.246722,-4.488686,2.769014,,,,
7,152,152.000000,agent_1,actor_logits,1,1,4,5.246691,-4.488658,2.477682,0.275124,0.922301,-3.056278,5.246691,-4.488658,2.769009,,,,
7,152,152.000000,agent_2,actor_logits,1,1,4,5.246722,-4.488685,2.477708,0.275119,0.922303,-3.056292,5.246722,-4.488685,2.769013,,,,
7,152,152.000000,agent_3,actor_logits,1,1,4,5.246708,-4.488673,2.477697,0.275121,0.922302,-3.056285,5.246708,-4.488673,2.769011,,,,
7,152,152.000000,agent_4,actor_logits,1,1,4,5.246710,-4.488676,2.477698,0.275121,0.922302,-3.056287,5.246710,-4.488676,2.769012,,,,
7,152,152.000000,agent_5,actor_logits,1,1,4,5.246710,-4.488675,2.477699,0.275120,0.922303,-3.056286,5.246710,-4.488675,2.769011,,,,
7,154,154.000000,agent_0,actor_logits,1,1,4,7.337011,-11.344431,3.595706,0.128872,0.972601,3.741305,7.337011,-11.344431,0.113563,,,,
7,154,154.000000,agent_1,actor_logits,1,1,4,7.336977,-11.344411,3.595661,0.128877,0.972600,3.741316,7.336977,-11.344411,0.113574,,,,
7,154,154.000000,agent_2,actor_logits,1,1,4,7.337009,-11.344431,3.595704,0.128872,0.972601,3.741305,7.337009,-11.344431,0.113563,,,,
7,154,154.000000,agent_3,actor_logits,1,1,4,7.336994,-11.344420,3.595683,0.128875,0.972601,3.741311,7.336994,-11.344420,0.113567,,,,
7,154,154.000000,agent_4,actor_logits,1,1,4,7.336998,-11.344424,3.595687,0.128874,0.972601,3.741311,7.336998,-11.344424,0.113565,,,,
7,154,154.000000,agent_5,actor_logits,1,1,4,7.336996,-11.344423,3.595685,0.128874,0.972601,3.741311,7.336996,-11.344423,0.113566,,,,
7,156,156.000000,agent_0,actor_logits,0,1,3,9.459590,-10.460035,11.936921,0.000085,0.999993,9.459590,-10.460035,-2.477331,,,,,
7,156,156.000000,agent_1,actor_logits,0,1,3,9.459575,-10.460022,11.936902,0.000085,0.999993,9.459575,-10.460022,-2.477328,,,,,
7,156,156.000000,agent_2,actor_logits,0,1,3,9.459589,-10.460033,11.936921,0.000085,0.999993,9.459589,-10.460033,-2.477332,,,,,
7,156,156.000000,agent_3,actor_logits,0,1,3,9.459581,-10.460028,11.936910,0.000085,0.999993,9.459581,-10.460028,-2.477328,,,,,
7,156,156.000000,agent_4,actor_logits,0,1,3,9.459583,-10.460030,11.936913,0.000085,0.999993,9.459583,-10.460030,-2.477329,,,,,
7,156,156.000000,agent_5,actor_logits,0,1,3,9.459584,-10.460030,11.936913,0.000085,0.999993,9.459584,-10.460030,-2.477328,,,,,
7,158,158.000000,agent_0,actor_logits,1,1,3,7.191523,-7.360314,12.406977,0.000062,0.999995,-7.360314,7.191523,-5.215455,,,,,
7,158,158.000000,agent_1,actor_logits,1,1,3,7.191525,-7.360301,12.406984,0.000062,0.999995,-7.360301,7.191525,-5.215459,,,,,
7,158,158.000000,agent_2,actor_logits,1,1,3,7.191523,-7.360315,12.406977,0.000062,0.999995,-7.360315,7.191523,-5.215454,,,,,
7,158,158.000000,agent_3,actor_logits,1,1,3,7.191524,-7.360309,12.406979,0.000062,0.999995,-7.360309,7.191524,-5.215455,,,,,
7,158,158.000000,agent_4,actor_logits,1,1,3,7.191524,-7.360309,12.406980,0.000062,0.999995,-7.360309,7.191524,-5.215456,,,,,
7,158,158.000000,agent_5,actor_logits,1,1,3,7.191524,-7.360309,12.406979,0.000062,0.999995,-7.360309,7.191524,-5.215455,,,,,
7,160,160.000000,agent_0,actor_logits,0,1,4,6.544278,-12.988231,2.408237,0.370046,0.900919,6.544278,2.632425,-12.988231,4.136042,,,,
7,160,160.000000,agent_1,actor_logits,0,1,4,6.544292,-12.988238,2.408254,0.370042,0.900921,6.544292,2.632421,-12.988238,4.136038,,,,
7,160,160.000000,agent_2,actor_logits,0,1,4,6.544277,-12.988231,2.408235,0.370047,0.900919,6.544277,2.632426,-12.988231,4.136042,,,,
7,160,160.000000,agent_3,actor_logits,0,1,4,6.544283,-12.988235,2.408244,0.370045,0.900920,6.544283,2.632425,-12.988235,4.136040,,,,
7,160,160.000000,agent_4,actor_logits,0,1,4,6.544283,-12.988235,2.408243,0.370045,0.900920,6.544283,2.632425,-12.988235,4.136040,,,,
7,160,160.000000,agent_5,actor_logits,0,1,4,6.544283,-12.988235,2.408243,0.370045,0.900920,6.544283,2.632425,-12.988235,4.136041,,,,
7,162,162.000000,agent_0,actor_logits,3,1,4,6.731666,-9.960656,2.134702,0.344370,0.893441,-9.960656,4.596964,-0.188267,6.731666,,,,
7,162,162.000000,agent_1,actor_logits,3,1,4,6.731663,-9.960650,2.134698,0.344371,0.893441,-9.960650,4.596965,-0.188271,6.731663,,,,
7,162,162.000000,agent_2,actor_logits,3,1,4,6.731667,-9.960656,2.134702,0.344370,0.893441,-9.960656,4.596964,-0.188267,6.731667,,,,
7,162,162.000000,agent_3,actor_logits,3,1,4,6.731665,-9.960653,2.134699,0.344371,0.893441,-9.960653,4.596966,-0.188271,6.731665,,,,
7,162,162.000000,agent_4,actor_logits,3,1,4,6.731665,-9.960653,2.134699,0.344371,0.893441,-9.960653,4.596966,-0.188271,6.731665,,,,
7,162,162.000000,agent_5,actor_logits,3,1,4,6.731666,-9.960654,2.134699,0.344371,0.893441,-9.960654,4.596966,-0.188270,6.731666,,,,
7,164,164.000000,agent_0,actor_logits,1,1,4,7.381871,-9.550187,3.844706,0.103874,0.978825,-0.949645,7.381871,-9.550187,3.537166,,,,
7,164,164.000000,agent_1,actor_logits,1,1,4,7.381869,-9.550189,3.844706,0.103874,0.978825,-0.949640,7.381869,-9.550189,3.537163,,,,
7,164,164.000000,agent_2,actor_logits,1,1,4,7.381871,-9.550187,3.844705,0.103874,0.978825,-0.949646,7.381871,-9.550187,3.537165,,,,
7,164,164.000000,agent_3,actor_logits,1,1,4,7.381872,-9.550189,3.844707,0.103874,0.978825,-0.949644,7.381872,-9.550189,3.537165,,,,
7,164,164.000000,agent_4,actor_logits,1,1,4,7.381873,-9.550189,3.844708,0.103874,0.978825,-0.949645,7.381873,-9.550189,3.537165,,,,
7,164,164.000000,agent_5,actor_logits,1,1,4,7.381872,-9.550189,3.844707,0.103874,0.978825,-0.949645,7.381872,-9.550189,3.537166,,,,
7,166,166.000000,agent_0,actor_logits,0,1,3,10.722959,-12.381875,12.167830,0.000068,0.999995,10.722959,-12.381875,-1.444872,,,,,
7,166,166.000000,agent_1,actor_logits,0,1,3,10.722960,-12.381872,12.167833,0.000068,0.999995,10.722960,-12.381872,-1.444872,,,,,
7,166,166.000000,agent_2,actor_logits,0,1,3,10.722959,-12.381874,12.167830,0.000068,0.999995,10.722959,-12.381874,-1.444872,,,,,
7,166,166.000000,agent_3,actor_logits,0,1,3,10.722958,-12.381873,12.167830,0.000068,0.999995,10.722958,-12.381873,-1.444872,,,,,
7,166,166.000000,agent_4,actor_logits,0,1,3,10.722960,-12.381874,12.167832,0.000068,0.999995,10.722960,-12.381874,-1.444872,,,,,
7,166,166.000000,agent_5,actor_logits,0,1,3,10.722958,-12.381874,12.167830,0.000068,0.999995,10.722958,-12.381874,-1.444872,,,,,
7,168,168.000000,agent_0,actor_logits,0,1,3,17.654444,-14.515000,21.767277,0.000000,1.000000,17.654444,-4.112833,-14.515000,,,,,
7,168,168.000000,agent_1,actor_logits,0,1,3,17.654444,-14.514998,21.767275,0.000000,1.000000,17.654444,-4.112831,-14.514998,,,,,
7,168,168.000000,agent_2,actor_logits,0,1,3,17.654444,-14.515000,21.767277,0.000000,1.000000,17.654444,-4.112832,-14.515000,,,,,
7,168,168.000000,agent_3,actor_logits,0,1,3,17.654444,-14.515000,21.767275,0.000000,1.000000,17.654444,-4.112831,-14.515000,,,,,
7,168,168.000000,agent_4,actor_logits,0,1,3,17.654444,-14.515000,21.767275,0.000000,1.000000,17.654444,-4.112832,-14.515000,,,,,
7,168,168.000000,agent_5,actor_logits,0,1,3,17.654444,-14.514998,21.767275,0.000000,1.000000,17.654444,-4.112831,-14.514998,,,,,
7,170,170.000000,agent_0,actor_logits,0,1,2,-3.061288,-6.642169,3.580881,0.124500,0.972904,-3.061288,-6.642169,,,,,,
7,170,170.000000,agent_1,actor_logits,0,1,2,-3.061289,-6.642169,3.580880,0.124500,0.972903,-3.061289,-6.642169,,,,,,
7,170,170.000000,agent_2,actor_logits,0,1,2,-3.061289,-6.642169,3.580881,0.124500,0.972904,-3.061289,-6.642169,,,,,,
7,170,170.000000,agent_3,actor_logits,0,1,2,-3.061290,-6.642170,3.580880,0.124500,0.972903,-3.061290,-6.642170,,,,,,
7,170,170.000000,agent_4,actor_logits,0,1,2,-3.061290,-6.642170,3.580880,0.124500,0.972903,-3.061290,-6.642170,,,,,,
7,170,170.000000,agent_5,actor_logits,0,1,2,-3.061290,-6.642170,3.580881,0.124500,0.972904,-3.061290,-6.642170,,,,,,
7,172,172.000000,agent_0,actor_logits,0,1,3,5.385826,-10.098872,6.800233,0.008680,0.998887,5.385826,-1.414408,-10.098872,,,,,
7,172,172.000000,agent_1,actor_logits,0,1,3,5.385825,-10.098871,6.800233,0.008680,0.998887,5.385825,-1.414408,-10.098871,,,,,
7,172,172.000000,agent_2,actor_logits,0,1,3,5.385826,-10.098872,6.800232,0.008680,0.998887,5.385826,-1.414407,-10.098872,,,,,
7,172,172.000000,agent_3,actor_logits,0,1,3,5.385825,-10.098871,6.800233,0.008680,0.998887,5.385825,-1.414408,-10.098871,,,,,
7,172,172.000000,agent_4,actor_logits,0,1,3,5.385825,-10.098872,6.800233,0.008680,0.998887,5.385825,-1.414408,-10.098872,,,,,
7,172,172.000000,agent_5,actor_logits,0,1,3,5.385826,-10.098872,6.800233,0.008680,0.998887,5.385826,-1.414408,-10.098872,,,,,
7,174,174.000000,agent_0,actor_logits,1,1,2,-3.805362,-11.966633,8.161271,0.002615,0.999715,-11.966633,-3.805362,,,,,,
7,174,174.000000,agent_1,actor_logits,1,1,2,-3.805362,-11.966633,8.161271,0.002615,0.999715,-11.966633,-3.805362,,,,,,
7,174,174.000000,agent_2,actor_logits,1,1,2,-3.805361,-11.966633,8.161272,0.002615,0.999715,-11.966633,-3.805361,,,,,,
7,174,174.000000,agent_3,actor_logits,1,1,2,-3.805363,-11.966633,8.161270,0.002615,0.999715,-11.966633,-3.805363,,,,,,
7,174,174.000000,agent_4,actor_logits,1,1,2,-3.805362,-11.966633,8.161271,0.002615,0.999715,-11.966633,-3.805362,,,,,,
7,174,174.000000,agent_5,actor_logits,1,1,2,-3.805362,-11.966633,8.161271,0.002615,0.999715,-11.966633,-3.805362,,,,,,
7,176,176.000000,agent_0,actor_logits,2,1,3,3.809264,-12.844238,2.888192,0.206507,0.947260,-12.844238,0.921073,3.809264,,,,,
7,176,176.000000,agent_1,actor_logits,2,1,3,3.809266,-12.844236,2.888195,0.206507,0.947260,-12.844236,0.921071,3.809266,,,,,
7,176,176.000000,agent_2,actor_logits,2,1,3,3.809264,-12.844238,2.888191,0.206508,0.947259,-12.844238,0.921073,3.809264,,,,,
7,176,176.000000,agent_3,actor_logits,2,1,3,3.809265,-12.844236,2.888193,0.206507,0.947260,-12.844236,0.921072,3.809265,,,,,
7,176,176.000000,agent_4,actor_logits,2,1,3,3.809265,-12.844237,2.888193,0.206507,0.947260,-12.844237,0.921072,3.809265,,,,,
7,176,176.000000,agent_5,actor_logits,2,1,3,3.809264,-12.844237,2.888192,0.206507,0.947260,-12.844237,0.921072,3.809264,,,,,
7,178,178.000000,agent_0,actor_logits,2,1,3,7.516413,-11.384652,9.400908,0.000860,0.999917,-11.384652,-1.884495,7.516413,,,,,
7,178,178.000000,agent_1,actor_logits,2,1,3,7.516415,-11.384651,9.400911,0.000860,0.999917,-11.384651,-1.884496,7.516415,,,,,
7,178,178.000000,agent_2,actor_logits,2,1,3,7.516413,-11.384651,9.400908,0.000860,0.999917,-11.384651,-1.884495,7.516413,,,,,
7,178,178.000000,agent_3,actor_logits,2,1,3,7.516414,-11.384651,9.400909,0.000860,0.999917,-11.384651,-1.884495,7.516414,,,,,
7,178,178.000000,agent_4,actor_logits,2,1,3,7.516413,-11.384651,9.400908,0.000860,0.999917,-11.384651,-1.884496,7.516413,,,,,
7,178,178.000000,agent_5,actor_logits,2,1,3,7.516414,-11.384651,9.400909,0.000860,0.999917,-11.384651,-1.884495,7.516414,,,,,
7,180,180.000000,agent_0,actor_logits,2,1,3,6.239820,-10.307676,6.001839,0.017285,0.997532,-10.307676,0.237980,6.239820,,,,,
7,180,180.000000,agent_1,actor_logits,2,1,3,6.239820,-10.307676,6.001842,0.017285,0.997532,-10.307676,0.237979,6.239820,,,,,
7,180,180.000000,agent_2,actor_logits,2,1,3,6.239820,-10.307676,6.001840,0.017285,0.997532,-10.307676,0.237980,6.239820,,,,,
7,180,180.000000,agent_3,actor_logits,2,1,3,6.239820,-10.307676,6.001840,0.017285,0.997532,-10.307676,0.237980,6.239820,,,,,
7,180,180.000000,agent_4,actor_logits,2,1,3,6.239820,-10.307676,6.001840,0.017285,0.997532,-10.307676,0.237980,6.239820,,,,,
7,180,180.000000,agent_5,actor_logits,2,1,3,6.239820,-10.307676,6.001840,0.017285,0.997532,-10.307676,0.237980,6.239820,,,,,
7,182,182.000000,agent_0,actor_logits,1,1,3,0.017457,-0.898047,0.592138,1.024883,0.511913,-0.898047,0.017457,-0.574681,,,,,
7,182,182.000000,agent_1,actor_logits,1,1,3,0.017455,-0.898046,0.592135,1.024883,0.511912,-0.898046,0.017455,-0.574680,,,,,
7,182,182.000000,agent_2,actor_logits,1,1,3,0.017456,-0.898046,0.592138,1.024883,0.511912,-0.898046,0.017456,-0.574681,,,,,
7,182,182.000000,agent_3,actor_logits,1,1,3,0.017456,-0.898047,0.592137,1.024883,0.511912,-0.898047,0.017456,-0.574681,,,,,
7,182,182.000000,agent_4,actor_logits,1,1,3,0.017456,-0.898046,0.592138,1.024883,0.511912,-0.898046,0.017456,-0.574681,,,,,
7,182,182.000000,agent_5,actor_logits,1,1,3,0.017456,-0.898046,0.592137,1.024883,0.511912,-0.898046,0.017456,-0.574681,,,,,
7,184,184.000000,agent_0,actor_logits,0,1,4,7.386434,-8.665623,4.703493,0.054988,0.990595,7.386434,-8.665623,-0.363451,2.682940,,,,
7,184,184.000000,agent_1,actor_logits,0,1,4,7.386433,-8.665623,4.703492,0.054988,0.990595,7.386433,-8.665623,-0.363451,2.682941,,,,
7,184,184.000000,agent_2,actor_logits,0,1,4,7.386434,-8.665623,4.703493,0.054988,0.990595,7.386434,-8.665623,-0.363451,2.682941,,,,
7,184,184.000000,agent_3,actor_logits,0,1,4,7.386433,-8.665623,4.703493,0.054988,0.990595,7.386433,-8.665623,-0.363451,2.682940,,,,
7,184,184.000000,agent_4,actor_logits,0,1,4,7.386434,-8.665623,4.703493,0.054988,0.990595,7.386434,-8.665623,-0.363451,2.682940,,,,
7,184,184.000000,agent_5,actor_logits,0,1,4,7.386434,-8.665623,4.703493,0.054988,0.990595,7.386434,-8.665623,-0.363451,2.682941,,,,
7,186,186.000000,agent_0,actor_logits,0,1,4,3.710386,-5.164621,1.151509,0.595587,0.753438,3.710386,-5.164621,-0.803986,2.558877,,,,
7,186,186.000000,agent_1,actor_logits,0,1,4,3.710385,-5.164621,1.151509,0.595587,0.753438,3.710385,-5.164621,-0.803986,2.558877,,,,
7,186,186.000000,agent_2,actor_logits,0,1,4,3.710385,-5.164621,1.151508,0.595587,0.753438,3.710385,-5.164621,-0.803987,2.558877,,,,
7,186,186.000000,agent_3,actor_logits,0,1,4,3.710385,-5.164621,1.151508,0.595587,0.753438,3.710385,-5.164621,-0.803986,2.558877,,,,
7,186,186.000000,agent_4,actor_logits,0,1,4,3.710386,-5.164621,1.151509,0.595587,0.753438,3.710386,-5.164621,-0.803987,2.558877,,,,
7,186,186.000000,agent_5,actor_logits,0,1,4,3.710386,-5.164621,1.151509,0.595587,0.753438,3.710386,-5.164621,-0.803987,2.558877,,,,
7,188,188.000000,agent_0,actor_logits,0,1,4,9.156806,-11.995478,5.814622,0.021763,0.996874,9.156806,-11.995478,0.369398,3.342184,,,,
7,188,188.000000,agent_1,actor_logits,0,1,4,9.156806,-11.995478,5.814623,0.021763,0.996874,9.156806,-11.995478,0.369397,3.342183,,,,
7,188,188.000000,agent_2,actor_logits,0,1,4,9.156807,-11.995478,5.814624,0.021763,0.996874,9.156807,-11.995478,0.369397,3.342183,,,,
7,188,188.000000,agent_3,actor_logits,0,1,4,9.156806,-11.995478,5.814624,0.021763,0.996874,9.156806,-11.995478,0.369397,3.342182,,,,
7,188,188.000000,agent_4,actor_logits,0,1,4,9.156807,-11.995478,5.814625,0.021763,0.996874,9.156807,-11.995478,0.369397,3.342182,,,,
7,188,188.000000,agent_5,actor_logits,0,1,4,9.156807,-11.995478,5.814624,0.021763,0.996874,9.156807,-11.995478,0.369397,3.342183,,,,
7,190,190.000000,agent_0,actor_logits,2,1,4,5.550106,-2.819816,7.747949,0.008314,0.999081,-2.197843,-2.719654,5.550106,-2.819816,,,,
7,190,190.000000,agent_1,actor_logits,2,1,4,5.550106,-2.819816,7.747949,0.008314,0.999081,-2.197843,-2.719654,5.550106,-2.819816,,,,
7,190,190.000000,agent_2,actor_logits,2,1,4,5.550106,-2.819816,7.747949,0.008314,0.999081,-2.197843,-2.719654,5.550106,-2.819816,,,,
7,190,190.000000,agent_3,actor_logits,2,1,4,5.550106,-2.819817,7.747949,0.008314,0.999081,-2.197844,-2.719654,5.550106,-2.819817,,,,
7,190,190.000000,agent_4,actor_logits,2,1,4,5.550106,-2.819816,7.747949,0.008314,0.999081,-2.197844,-2.719654,5.550106,-2.819816,,,,
7,190,190.000000,agent_5,actor_logits,2,1,4,5.550106,-2.819816,7.747949,0.008314,0.999081,-2.197844,-2.719654,5.550106,-2.819816,,,,
7,192,192.000000,agent_0,actor_logits,0,1,4,8.618048,-11.746588,4.213419,0.077255,0.985308,8.618048,-11.746588,-0.450936,4.404629,,,,
7,192,192.000000,agent_1,actor_logits,0,1,4,8.618047,-11.746588,4.213419,0.077255,0.985308,8.618047,-11.746588,-0.450936,4.404628,,,,
7,192,192.000000,agent_2,actor_logits,0,1,4,8.618048,-11.746588,4.213419,0.077255,0.985308,8.618048,-11.746588,-0.450936,4.404628,,,,
7,192,192.000000,agent_3,actor_logits,0,1,4,8.618048,-11.746588,4.213420,0.077255,0.985308,8.618048,-11.746588,-0.450936,4.404627,,,,
7,192,192.000000,agent_4,actor_logits,0,1,4,8.618047,-11.746588,4.213419,0.077255,0.985308,8.618047,-11.746588,-0.450937,4.404628,,,,
7,192,192.000000,agent_5,actor_logits,0,1,4,8.618047,-11.746588,4.213418,0.077255,0.985308,8.618047,-11.746588,-0.450937,4.404629,,,,
7,194,194.000000,agent_0,actor_logits,1,1,3,11.399067,-14.874110,15.287151,0.000004,1.000000,-14.874110,11.399067,-3.888084,,,,,
7,194,194.000000,agent_1,actor_logits,1,1,3,11.399067,-14.874110,15.287152,0.000004,1.000000,-14.874110,11.399067,-3.888085,,,,,
7,194,194.000000,agent_2,actor_logits,1,1,3,11.399067,-14.874111,15.287151,0.000004,1.000000,-14.874111,11.399067,-3.888085,,,,,
7,194,194.000000,agent_3,actor_logits,1,1,3,11.399067,-14.874109,15.287152,0.000004,1.000000,-14.874109,11.399067,-3.888086,,,,,
7,194,194.000000,agent_4,actor_logits,1,1,3,11.399067,-14.874109,15.287152,0.000004,1.000000,-14.874109,11.399067,-3.888085,,,,,
7,194,194.000000,agent_5,actor_logits,1,1,3,11.399068,-14.874109,15.287153,0.000004,1.000000,-14.874109,11.399068,-3.888086,,,,,
7,196,196.000000,agent_0,actor_logits,1,1,3,10.636003,-17.087105,15.080219,0.000004,1.000000,-17.087105,10.636003,-4.444216,,,,,
7,196,196.000000,agent_1,actor_logits,1,1,3,10.636002,-17.087103,15.080217,0.000004,1.000000,-17.087103,10.636002,-4.444216,,,,,
7,196,196.000000,agent_2,actor_logits,1,1,3,10.636003,-17.087105,15.080219,0.000004,1.000000,-17.087105,10.636003,-4.444216,,,,,
7,196,196.000000,agent_3,actor_logits,1,1,3,10.636003,-17.087105,15.080219,0.000004,1.000000,-17.087105,10.636003,-4.444217,,,,,
7,196,196.000000,agent_4,actor_logits,1,1,3,10.636003,-17.087107,15.080221,0.000004,1.000000,-17.087107,10.636003,-4.444217,,,,,
7,196,196.000000,agent_5,actor_logits,1,1,3,10.636002,-17.087105,15.080218,0.000004,1.000000,-17.087105,10.636002,-4.444217,,,,,
7,198,198.000000,agent_0,actor_logits,2,1,3,1.076981,-7.643626,2.676268,0.240333,0.935469,-7.643626,-1.599286,1.076981,,,,,
7,198,198.000000,agent_1,actor_logits,2,1,3,1.076981,-7.643625,2.676268,0.240333,0.935469,-7.643625,-1.599287,1.076981,,,,,
7,198,198.000000,agent_2,actor_logits,2,1,3,1.076981,-7.643626,2.676267,0.240333,0.935469,-7.643626,-1.599286,1.076981,,,,,
7,198,198.000000,agent_3,actor_logits,2,1,3,1.076981,-7.643625,2.676267,0.240333,0.935469,-7.643625,-1.599286,1.076981,,,,,
7,198,198.000000,agent_4,actor_logits,2,1,3,1.076981,-7.643625,2.676267,0.240333,0.935469,-7.643625,-1.599286,1.076981,,,,,
7,198,198.000000,agent_5,actor_logits,2,1,3,1.076981,-7.643626,2.676268,0.240333,0.935469,-7.643626,-1.599287,1.076981,,,,,
7,200,200.000000,agent_0,actor_logits,1,1,4,4.777654,-8.632838,0.783608,0.662340,0.681160,-8.632838,4.777654,0.297087,3.994045,,,,
7,200,200.000000,agent_1,actor_logits,1,1,4,4.777653,-8.632837,0.783608,0.662340,0.681160,-8.632837,4.777653,0.297087,3.994045,,,,
7,200,200.000000,agent_2,actor_logits,1,1,4,4.777654,-8.632839,0.783608,0.662340,0.681160,-8.632839,4.777654,0.297087,3.994046,,,,
7,200,200.000000,agent_3,actor_logits,1,1,4,4.777654,-8.632838,0.783608,0.662340,0.681160,-8.632838,4.777654,0.297087,3.994045,,,,
7,200,200.000000,agent_4,actor_logits,1,1,4,4.777654,-8.632839,0.783608,0.662340,0.681160,-8.632839,4.777654,0.297086,3.994046,,,,
7,200,200.000000,agent_5,actor_logits,1,1,4,4.777653,-8.632837,0.783607,0.662340,0.681160,-8.632837,4.777653,0.297087,3.994046,,,,
7,202,202.000000,agent_0,actor_logits,0,1,4,6.390905,-5.082635,3.357667,0.147656,0.966316,6.390905,-5.082635,-3.986705,3.033238,,,,
7,202,202.000000,agent_1,actor_logits,0,1,4,6.390905,-5.082636,3.357668,0.147656,0.966316,6.390905,-5.082636,-3.986706,3.033238,,,,
7,202,202.000000,agent_2,actor_logits,0,1,4,6.390904,-5.082635,3.357666,0.147656,0.966316,6.390904,-5.082635,-3.986706,3.033238,,,,
7,202,202.000000,agent_3,actor_logits,0,1,4,6.390905,-5.082635,3.357667,0.147656,0.966316,6.390905,-5.082635,-3.986706,3.033237,,,,
7,202,202.000000,agent_4,actor_logits,0,1,4,6.390906,-5.082635,3.357668,0.147656,0.966316,6.390906,-5.082635,-3.986706,3.033237,,,,
7,202,202.000000,agent_5,actor_logits,0,1,4,6.390905,-5.082636,3.357667,0.147656,0.966316,6.390905,-5.082636,-3.986706,3.033238,,,,
7,204,204.000000,agent_0,actor_logits,0,1,3,2.361553,-4.601343,5.208774,0.041244,0.993626,2.361553,-2.847221,-4.601343,,,,,
7,204,204.000000,agent_1,actor_logits,0,1,3,2.361554,-4.601343,5.208776,0.041244,0.993626,2.361554,-2.847222,-4.601343,,,,,
7,204,204.000000,agent_2,actor_logits,0,1,3,2.361552,-4.601343,5.208774,0.041244,0.993626,2.361552,-2.847222,-4.601343,,,,,
7,204,204.000000,agent_3,actor_logits,0,1,3,2.361554,-4.601344,5.208775,0.041244,0.993626,2.361554,-2.847221,-4.601344,,,,,
7,204,204.000000,agent_4,actor_logits,0,1,3,2.361554,-4.601345,5.208775,0.041244,0.993626,2.361554,-2.847221,-4.601345,,,,,
7,204,204.000000,agent_5,actor_logits,0,1,3,2.361554,-4.601343,5.208776,0.041244,0.993626,2.361554,-2.847223,-4.601343,,,,,
7,206,206.000000,agent_0,actor_logits,2,1,3,0.408923,-3.254514,1.114701,0.642322,0.738739,-0.705778,-3.254514,0.408923,,,,,
7,206,206.000000,agent_1,actor_logits,2,1,3,0.408922,-3.254514,1.114699,0.642323,0.738739,-0.705777,-3.254514,0.408922,,,,,
7,206,206.000000,agent_2,actor_logits,2,1,3,0.408922,-3.254513,1.114701,0.642322,0.738739,-0.705778,-3.254513,0.408922,,,,,
7,206,206.000000,agent_3,actor_logits,2,1,3,0.408922,-3.254513,1.114699,0.642323,0.738739,-0.705777,-3.254513,0.408922,,,,,
7,206,206.000000,agent_4,actor_logits,2,1,3,0.408922,-3.254513,1.114699,0.642323,0.738739,-0.705778,-3.254513,0.408922,,,,,
7,206,206.000000,agent_5,actor_logits,2,1,3,0.408923,-3.254515,1.114702,0.642322,0.738739,-0.705778,-3.254515,0.408923,,,,,
7,208,208.000000,agent_0,actor_logits,3,1,4,2.558378,-2.204097,2.565495,0.445628,0.888046,-0.644555,-2.204097,-0.007116,2.558378,,,,
7,208,208.000000,agent_1,actor_logits,3,1,4,2.558378,-2.204096,2.565494,0.445628,0.888045,-0.644556,-2.204096,-0.007116,2.558378,,,,
7,208,208.000000,agent_2,actor_logits,3,1,4,2.558378,-2.204096,2.565495,0.445628,0.888046,-0.644556,-2.204096,-0.007117,2.558378,,,,
7,208,208.000000,agent_3,actor_logits,3,1,4,2.558378,-2.204096,2.565495,0.445628,0.888046,-0.644556,-2.204096,-0.007116,2.558378,,,,
7,208,208.000000,agent_4,actor_logits,3,1,4,2.558377,-2.204095,2.565493,0.445628,0.888045,-0.644556,-2.204095,-0.007116,2.558377,,,,
7,208,208.000000,agent_5,actor_logits,3,1,4,2.558379,-2.204097,2.565495,0.445628,0.888046,-0.644555,-2.204097,-0.007117,2.558379,,,,
7,210,210.000000,agent_0,actor_logits,0,1,4,7.312784,-7.770645,5.490997,0.028361,0.995718,7.312784,-7.770645,-1.329038,1.821787,,,,
7,210,210.000000,agent_1,actor_logits,0,1,4,7.312785,-7.770644,5.490998,0.028361,0.995718,7.312785,-7.770644,-1.329038,1.821786,,,,
7,210,210.000000,agent_2,actor_logits,0,1,4,7.312784,-7.770646,5.490997,0.028361,0.995718,7.312784,-7.770646,-1.329037,1.821787,,,,
7,210,210.000000,agent_3,actor_logits,0,1,4,7.312785,-7.770646,5.490998,0.028361,0.995718,7.312785,-7.770646,-1.329038,1.821787,,,,
7,210,210.000000,agent_4,actor_logits,0,1,4,7.312786,-7.770646,5.490999,0.028361,0.995718,7.312786,-7.770646,-1.329038,1.821787,,,,
7,210,210.000000,agent_5,actor_logits,0,1,4,7.312784,-7.770645,5.490997,0.028361,0.995718,7.312784,-7.770645,-1.329037,1.821787,,,,
7,212,212.000000,agent_0,actor_logits,3,1,4,0.289513,-1.371838,0.044503,1.243494,0.374099,-1.371838,-0.351543,0.245011,0.289513,,,,
7,212,212.000000,agent_1,actor_logits,3,1,4,0.289514,-1.371838,0.044503,1.243494,0.374099,-1.371838,-0.351542,0.245011,0.289514,,,,
7,212,212.000000,agent_2,actor_logits,3,1,4,0.289514,-1.371838,0.044503,1.243494,0.374099,-1.371838,-0.351543,0.245011,0.289514,,,,
7,212,212.000000,agent_3,actor_logits,3,1,4,0.289514,-1.371838,0.044503,1.243494,0.374099,-1.371838,-0.351542,0.245010,0.289514,,,,
7,212,212.000000,agent_4,actor_logits,3,1,4,0.289514,-1.371838,0.044504,1.243494,0.374099,-1.371838,-0.351542,0.245010,0.289514,,,,
7,212,212.000000,agent_5,actor_logits,3,1,4,0.289513,-1.371838,0.044502,1.243494,0.374099,-1.371838,-0.351543,0.245011,0.289513,,,,
7,214,214.000000,agent_0,actor_logits,3,1,4,2.270403,-1.357755,2.367362,0.589197,0.843382,-0.096959,-0.456693,-1.357755,2.270403,,,,
7,214,214.000000,agent_1,actor_logits,3,1,4,2.270404,-1.357756,2.367362,0.589197,0.843382,-0.096959,-0.456693,-1.357756,2.270404,,,,
7,214,214.000000,agent_2,actor_logits,3,1,4,2.270403,-1.357755,2.367362,0.589197,0.843382,-0.096959,-0.456693,-1.357755,2.270403,,,,
7,214,214.000000,agent_3,actor_logits,3,1,4,2.270403,-1.357756,2.367362,0.589197,0.843382,-0.096958,-0.456693,-1.357756,2.270403,,,,
7,214,214.000000,agent_4,actor_logits,3,1,4,2.270403,-1.357756,2.367362,0.589197,0.843382,-0.096958,-0.456693,-1.357756,2.270403,,,,
7,214,214.000000,agent_5,actor_logits,3,1,4,2.270403,-1.357755,2.367362,0.589197,0.843382,-0.096958,-0.456693,-1.357755,2.270403,,,,
7,216,216.000000,agent_0,actor_logits,0,1,4,3.028985,-2.914879,1.527007,0.523161,0.813789,3.028985,-1.680158,-2.914879,1.501977,,,,
7,216,216.000000,agent_1,actor_logits,0,1,4,3.028985,-2.914879,1.527007,0.523161,0.813789,3.028985,-1.680158,-2.914879,1.501978,,,,
7,216,216.000000,agent_2,actor_logits,0,1,4,3.028985,-2.914879,1.527008,0.523161,0.813790,3.028985,-1.680158,-2.914879,1.501977,,,,
7,216,216.000000,agent_3,actor_logits,0,1,4,3.028985,-2.914879,1.527008,0.523161,0.813790,3.028985,-1.680158,-2.914879,1.501977,,,,
7,216,216.000000,agent_4,actor_logits,0,1,4,3.028985,-2.914878,1.527007,0.523161,0.813789,3.028985,-1.680158,-2.914878,1.501977,,,,
7,216,216.000000,agent_5,actor_logits,0,1,4,3.028985,-2.914879,1.527007,0.523161,0.813789,3.028985,-1.680159,-2.914879,1.501978,,,,
7,218,218.000000,agent_0,actor_logits,3,1,4,1.920629,-1.666826,2.088090,0.721527,0.786601,-0.167461,-1.666826,-0.202140,1.920629,,,,
7,218,218.000000,agent_1,actor_logits,3,1,4,1.920629,-1.666826,2.088090,0.721527,0.786601,-0.167461,-1.666826,-0.202140,1.920629,,,,
7,218,218.000000,agent_2,actor_logits,3,1,4,1.920629,-1.666826,2.088091,0.721527,0.786601,-0.167461,-1.666826,-0.202139,1.920629,,,,
7,218,218.000000,agent_3,actor_logits,3,1,4,1.920629,-1.666826,2.088090,0.721527,0.786601,-0.167461,-1.666826,-0.202139,1.920629,,,,
7,218,218.000000,agent_4,actor_logits,3,1,4,1.920629,-1.666826,2.088090,0.721527,0.786601,-0.167461,-1.666826,-0.202139,1.920629,,,,
7,218,218.000000,agent_5,actor_logits,3,1,4,1.920630,-1.666826,2.088090,0.721527,0.786601,-0.167461,-1.666826,-0.202140,1.920630,,,,
7,220,220.000000,agent_0,actor_logits,1,1,4,2.064883,-3.108881,0.398939,0.827437,0.574143,-3.108881,2.064883,-0.667992,1.665943,,,,
7,220,220.000000,agent_1,actor_logits,1,1,4,2.064883,-3.108882,0.398940,0.827437,0.574143,-3.108882,2.064883,-0.667992,1.665943,,,,
7,220,220.000000,agent_2,actor_logits,1,1,4,2.064882,-3.108881,0.398939,0.827437,0.574143,-3.108881,2.064882,-0.667991,1.665943,,,,
7,220,220.000000,agent_3,actor_logits,1,1,4,2.064883,-3.108881,0.398941,0.827437,0.574143,-3.108881,2.064883,-0.667992,1.665942,,,,
7,220,220.000000,agent_4,actor_logits,1,1,4,2.064883,-3.108881,0.398940,0.827437,0.574143,-3.108881,2.064883,-0.667992,1.665943,,,,
7,220,220.000000,agent_5,actor_logits,1,1,4,2.064883,-3.108881,0.398940,0.827437,0.574143,-3.108881,2.064883,-0.667992,1.665943,,,,
7,222,222.000000,agent_0,actor_logits,0,1,4,9.185722,-17.044065,2.177728,0.334811,0.897563,9.185722,7.007994,-17.044065,2.090596,,,,
7,222,222.000000,agent_1,actor_logits,0,1,4,9.185722,-17.044065,2.177728,0.334811,0.897563,9.185722,7.007994,-17.044065,2.090595,,,,
7,222,222.000000,agent_2,actor_logits,0,1,4,9.185724,-17.044065,2.177732,0.334810,0.897563,9.185724,7.007993,-17.044065,2.090595,,,,
7,222,222.000000,agent_3,actor_logits,0,1,4,9.185723,-17.044065,2.177729,0.334811,0.897563,9.185723,7.007995,-17.044065,2.090595,,,,
7,222,222.000000,agent_4,actor_logits,0,1,4,9.185723,-17.044065,2.177730,0.334811,0.897563,9.185723,7.007994,-17.044065,2.090596,,,,
7,222,222.000000,agent_5,actor_logits,0,1,4,9.185723,-17.044065,2.177729,0.334811,0.897563,9.185723,7.007994,-17.044065,2.090596,,,,
7,224,224.000000,agent_0,actor_logits,0,1,4,15.926647,-20.386026,13.172430,0.000053,0.999996,15.926647,2.710760,-20.386026,2.754218,,,,
7,224,224.000000,agent_1,actor_logits,0,1,4,15.926647,-20.386026,13.172428,0.000053,0.999996,15.926647,2.710760,-20.386026,2.754219,,,,
7,224,224.000000,agent_2,actor_logits,0,1,4,15.926647,-20.386026,13.172429,0.000053,0.999996,15.926647,2.710759,-20.386026,2.754218,,,,
7,224,224.000000,agent_3,actor_logits,0,1,4,15.926647,-20.386028,13.172428,0.000053,0.999996,15.926647,2.710761,-20.386028,2.754219,,,,
7,224,224.000000,agent_4,actor_logits,0,1,4,15.926647,-20.386028,13.172428,0.000053,0.999996,15.926647,2.710759,-20.386028,2.754219,,,,
7,224,224.000000,agent_5,actor_logits,0,1,4,15.926647,-20.386028,13.172429,0.000053,0.999996,15.926647,2.710760,-20.386028,2.754218,,,,
7,226,226.000000,agent_0,actor_logits,0,1,4,5.788372,-9.803340,2.598204,0.311157,0.920140,5.788372,1.397014,-9.803340,3.190168,,,,
7,226,226.000000,agent_1,actor_logits,0,1,4,5.788372,-9.803339,2.598203,0.311157,0.920140,5.788372,1.397013,-9.803339,3.190168,,,,
7,226,226.000000,agent_2,actor_logits,0,1,4,5.788373,-9.803340,2.598205,0.311157,0.920140,5.788373,1.397014,-9.803340,3.190168,,,,
7,226,226.000000,agent_3,actor_logits,0,1,4,5.788373,-9.803340,2.598205,0.311157,0.920140,5.788373,1.397014,-9.803340,3.190167,,,,
7,226,226.000000,agent_4,actor_logits,0,1,4,5.788372,-9.803340,2.598203,0.311157,0.920140,5.788372,1.397014,-9.803340,3.190169,,,,
7,226,226.000000,agent_5,actor_logits,0,1,4,5.788372,-9.803340,2.598203,0.311157,0.920140,5.788372,1.397014,-9.803340,3.190168,,,,
7,228,228.000000,agent_0,actor_logits,0,1,3,17.024466,-16.411959,22.065529,0.000000,1.000000,17.024466,-5.041064,-16.411959,,,,,
7,228,228.000000,agent_1,actor_logits,0,1,3,17.024466,-16.411957,22.065529,0.000000,1.000000,17.024466,-5.041063,-16.411957,,,,,
7,228,228.000000,agent_2,actor_logits,0,1,3,17.024464,-16.411957,22.065527,0.000000,1.000000,17.024464,-5.041063,-16.411957,,,,,
7,228,228.000000,agent_3,actor_logits,0,1,3,17.024464,-16.411957,22.065527,0.000000,1.000000,17.024464,-5.041063,-16.411957,,,,,
7,228,228.000000,agent_4,actor_logits,0,1,3,17.024464,-16.411957,22.065527,0.000000,1.000000,17.024464,-5.041063,-16.411957,,,,,
7,228,228.000000,agent_5,actor_logits,0,1,3,17.024464,-16.411957,22.065527,0.000000,1.000000,17.024464,-5.041063,-16.411957,,,,,
7,230,230.000000,agent_0,actor_logits,1,1,2,-7.123124,-7.581166,0.458043,0.667594,0.612550,-7.581166,-7.123124,,,,,,
7,230,230.000000,agent_1,actor_logits,1,1,2,-7.123124,-7.581166,0.458043,0.667594,0.612550,-7.581166,-7.123124,,,,,,
7,230,230.000000,agent_2,actor_logits,1,1,2,-7.123123,-7.581166,0.458044,0.667594,0.612550,-7.581166,-7.123123,,,,,,
7,230,230.000000,agent_3,actor_logits,1,1,2,-7.123123,-7.581166,0.458043,0.667594,0.612550,-7.581166,-7.123123,,,,,,
7,230,230.000000,agent_4,actor_logits,1,1,2,-7.123124,-7.581167,0.458043,0.667594,0.612550,-7.581167,-7.123124,,,,,,
7,230,230.000000,agent_5,actor_logits,1,1,2,-7.123123,-7.581167,0.458044,0.667594,0.612550,-7.581167,-7.123123,,,,,,
7,232,232.000000,agent_0,actor_logits,2,1,3,3.914280,-9.792555,6.417336,0.012110,0.998369,-9.792555,-2.503056,3.914280,,,,,
7,232,232.000000,agent_1,actor_logits,2,1,3,3.914280,-9.792556,6.417336,0.012110,0.998369,-9.792556,-2.503056,3.914280,,,,,
7,232,232.000000,agent_2,actor_logits,2,1,3,3.914280,-9.792555,6.417336,0.012110,0.998369,-9.792555,-2.503056,3.914280,,,,,
7,232,232.000000,agent_3,actor_logits,2,1,3,3.914280,-9.792555,6.417336,0.012110,0.998369,-9.792555,-2.503056,3.914280,,,,,
7,232,232.000000,agent_4,actor_logits,2,1,3,3.914280,-9.792555,6.417336,0.012110,0.998369,-9.792555,-2.503056,3.914280,,,,,
7,232,232.000000,agent_5,actor_logits,2,1,3,3.914280,-9.792555,6.417336,0.012110,0.998369,-9.792555,-2.503056,3.914280,,,,,
7,234,234.000000,agent_0,actor_logits,2,1,3,7.212506,-7.987214,12.063735,0.000079,0.999994,-7.987214,-4.851229,7.212506,,,,,
7,234,234.000000,agent_1,actor_logits,2,1,3,7.212505,-7.987215,12.063734,0.000079,0.999994,-7.987215,-4.851229,7.212505,,,,,
7,234,234.000000,agent_2,actor_logits,2,1,3,7.212506,-7.987215,12.063735,0.000079,0.999994,-7.987215,-4.851229,7.212506,,,,,
7,234,234.000000,agent_3,actor_logits,2,1,3,7.212505,-7.987214,12.063734,0.000079,0.999994,-7.987214,-4.851229,7.212505,,,,,
7,234,234.000000,agent_4,actor_logits,2,1,3,7.212505,-7.987214,12.063734,0.000079,0.999994,-7.987214,-4.851229,7.212505,,,,,
7,234,234.000000,agent_5,actor_logits,2,1,3,7.212505,-7.987214,12.063734,0.000079,0.999994,-7.987214,-4.851229,7.212505,,,,,
7,236,236.000000,agent_0,actor_logits,2,1,3,6.053069,-6.904531,8.627550,0.001757,0.999819,-6.904531,-2.574481,6.053069,,,,,
7,236,236.000000,agent_1,actor_logits,2,1,3,6.053069,-6.904531,8.627550,0.001757,0.999819,-6.904531,-2.574481,6.053069,,,,,
7,236,236.000000,agent_2,actor_logits,2,1,3,6.053069,-6.904531,8.627550,0.001757,0.999819,-6.904531,-2.574481,6.053069,,,,,
7,236,236.000000,agent_3,actor_logits,2,1,3,6.053069,-6.904531,8.627550,0.001757,0.999819,-6.904531,-2.574481,6.053069,,,,,
7,236,236.000000,agent_4,actor_logits,2,1,3,6.053069,-6.904531,8.627550,0.001757,0.999819,-6.904531,-2.574481,6.053069,,,,,
7,236,236.000000,agent_5,actor_logits,2,1,3,6.053069,-6.904531,8.627550,0.001757,0.999819,-6.904531,-2.574481,6.053069,,,,,
7,238,238.000000,agent_0,actor_logits,2,1,3,0.979323,-3.290178,0.918918,0.647403,0.707744,0.060405,-3.290178,0.979323,,,,,
7,238,238.000000,agent_1,actor_logits,2,1,3,0.979323,-3.290177,0.918917,0.647403,0.707744,0.060405,-3.290177,0.979323,,,,,
7,238,238.000000,agent_2,actor_logits,2,1,3,0.979322,-3.290178,0.918917,0.647403,0.707744,0.060405,-3.290178,0.979322,,,,,
7,238,238.000000,agent_3,actor_logits,2,1,3,0.979323,-3.290177,0.918917,0.647403,0.707744,0.060405,-3.290177,0.979323,,,,,
7,238,238.000000,agent_4,actor_logits,2,1,3,0.979323,-3.290178,0.918917,0.647403,0.707744,0.060406,-3.290178,0.979323,,,,,
7,238,238.000000,agent_5,actor_logits,2,1,3,0.979323,-3.290177,0.918917,0.647403,0.707744,0.060406,-3.290177,0.979323,,,,,
7,240,240.000000,agent_0,actor_logits,0,1,3,2.333632,-3.456715,0.353500,0.689680,0.586413,2.333632,1.980132,-3.456715,,,,,
7,240,240.000000,agent_1,actor_logits,0,1,3,2.333633,-3.456716,0.353500,0.689680,0.586413,2.333633,1.980133,-3.456716,,,,,
7,240,240.000000,agent_2,actor_logits,0,1,3,2.333632,-3.456716,0.353499,0.689680,0.586413,2.333632,1.980133,-3.456716,,,,,
7,240,240.000000,agent_3,actor_logits,0,1,3,2.333633,-3.456715,0.353501,0.689680,0.586413,2.333633,1.980132,-3.456715,,,,,
7,240,240.000000,agent_4,actor_logits,0,1,3,2.333632,-3.456715,0.353500,0.689680,0.586413,2.333632,1.980132,-3.456715,,,,,
7,240,240.000000,agent_5,actor_logits,0,1,3,2.333633,-3.456716,0.353500,0.689680,0.586413,2.333633,1.980132,-3.456716,,,,,
7,242,242.000000,agent_0,actor_logits,0,1,3,5.574682,-5.418853,7.566724,0.004632,0.999466,5.574682,-1.992042,-5.418853,,,,,
7,242,242.000000,agent_1,actor_logits,0,1,3,5.574681,-5.418853,7.566723,0.004632,0.999466,5.574681,-1.992042,-5.418853,,,,,
7,242,242.000000,agent_2,actor_logits,0,1,3,5.574680,-5.418853,7.566721,0.004632,0.999466,5.574680,-1.992041,-5.418853,,,,,
7,242,242.000000,agent_3,actor_logits,0,1,3,5.574681,-5.418852,7.566722,0.004632,0.999466,5.574681,-1.992042,-5.418852,,,,,
7,242,242.000000,agent_4,actor_logits,0,1,3,5.574681,-5.418852,7.566722,0.004632,0.999466,5.574681,-1.992042,-5.418852,,,,,
7,242,242.000000,agent_5,actor_logits,0,1,3,5.574681,-5.418853,7.566722,0.004632,0.999466,5.574681,-1.992042,-5.418853,,,,,
7,244,244.000000,agent_0,actor_logits,0,1,3,4.871382,-7.396330,3.672219,0.116196,0.975206,4.871382,1.199163,-7.396330,,,,,
7,244,244.000000,agent_1,actor_logits,0,1,3,4.871383,-7.396331,3.672219,0.116196,0.975206,4.871383,1.199164,-7.396331,,,,,
7,244,244.000000,agent_2,actor_logits,0,1,3,4.871382,-7.396331,3.672218,0.116197,0.975206,4.871382,1.199164,-7.396331,,,,,
7,244,244.000000,agent_3,actor_logits,0,1,3,4.871382,-7.396330,3.672219,0.116196,0.975206,4.871382,1.199164,-7.396330,,,,,
7,244,244.000000,agent_4,actor_logits,0,1,3,4.871383,-7.396330,3.672219,0.116196,0.975206,4.871383,1.199164,-7.396330,,,,,
7,244,244.000000,agent_5,actor_logits,0,1,3,4.871382,-7.396331,3.672219,0.116196,0.975206,4.871382,1.199163,-7.396331,,,,,
7,246,246.000000,agent_0,actor_logits,0,1,3,7.255711,-7.727642,7.920953,0.003243,0.999637,7.255711,-0.665242,-7.727642,,,,,
7,246,246.000000,agent_1,actor_logits,0,1,3,7.255711,-7.727641,7.920954,0.003243,0.999637,7.255711,-0.665242,-7.727641,,,,,
7,246,246.000000,agent_2,actor_logits,0,1,3,7.255710,-7.727641,7.920951,0.003243,0.999637,7.255710,-0.665242,-7.727641,,,,,
7,246,246.000000,agent_3,actor_logits,0,1,3,7.255710,-7.727641,7.920952,0.003243,0.999637,7.255710,-0.665242,-7.727641,,,,,
7,246,246.000000,agent_4,actor_logits,0,1,3,7.255711,-7.727640,7.920953,0.003243,0.999637,7.255711,-0.665242,-7.727640,,,,,
7,246,246.000000,agent_5,actor_logits,0,1,3,7.255710,-7.727641,7.920952,0.003243,0.999637,7.255710,-0.665242,-7.727641,,,,,
7,248,248.000000,agent_0,actor_logits,0,1,3,13.256100,-15.732914,12.060170,0.000076,0.999994,13.256100,1.195929,-15.732914,,,,,
7,248,248.000000,agent_1,actor_logits,0,1,3,13.256100,-15.732914,12.060170,0.000076,0.999994,13.256100,1.195929,-15.732914,,,,,
7,248,248.000000,agent_2,actor_logits,0,1,3,13.256099,-15.732915,12.060169,0.000076,0.999994,13.256099,1.195929,-15.732915,,,,,
7,248,248.000000,agent_3,actor_logits,0,1,3,13.256100,-15.732914,12.060171,0.000076,0.999994,13.256100,1.195929,-15.732914,,,,,
7,248,248.000000,agent_4,actor_logits,0,1,3,13.256100,-15.732915,12.060171,0.000076,0.999994,13.256100,1.195929,-15.732915,,,,,
7,248,248.000000,agent_5,actor_logits,0,1,3,13.256100,-15.732914,12.060171,0.000076,0.999994,13.256100,1.195928,-15.732914,,,,,
7,250,250.000000,agent_0,actor_logits,0,1,2,-4.415979,-11.572961,7.156981,0.006353,0.999221,-4.415979,-11.572961,,,,,,
7,250,250.000000,agent_1,actor_logits,0,1,2,-4.415979,-11.572962,7.156983,0.006353,0.999221,-4.415979,-11.572962,,,,,,
7,250,250.000000,agent_2,actor_logits,0,1,2,-4.415979,-11.572962,7.156982,0.006353,0.999221,-4.415979,-11.572962,,,,,,
7,250,250.000000,agent_3,actor_logits,0,1,2,-4.415980,-11.572962,7.156982,0.006353,0.999221,-4.415980,-11.572962,,,,,,
7,250,250.000000,agent_4,actor_logits,0,1,2,-4.415979,-11.572962,7.156982,0.006353,0.999221,-4.415979,-11.572962,,,,,,
7,250,250.000000,agent_5,actor_logits,0,1,2,-4.415980,-11.572961,7.156981,0.006353,0.999221,-4.415980,-11.572961,,,,,,
7,252,252.000000,agent_0,actor_logits,1,1,3,3.272101,-7.029557,6.834806,0.008798,0.998892,-7.029557,3.272101,-3.562706,,,,,
7,252,252.000000,agent_1,actor_logits,1,1,3,3.272101,-7.029557,6.834807,0.008798,0.998892,-7.029557,3.272101,-3.562706,,,,,
7,252,252.000000,agent_2,actor_logits,1,1,3,3.272101,-7.029557,6.834806,0.008798,0.998892,-7.029557,3.272101,-3.562705,,,,,
7,252,252.000000,agent_3,actor_logits,1,1,3,3.272101,-7.029557,6.834806,0.008798,0.998892,-7.029557,3.272101,-3.562705,,,,,
7,252,252.000000,agent_4,actor_logits,1,1,3,3.272101,-7.029557,6.834806,0.008798,0.998892,-7.029557,3.272101,-3.562705,,,,,
7,252,252.000000,agent_5,actor_logits,1,1,3,3.272101,-7.029558,6.834806,0.008798,0.998892,-7.029558,3.272101,-3.562705,,,,,
7,254,254.000000,agent_0,actor_logits,1,1,3,7.102353,-17.289534,9.070147,0.001158,0.999885,-17.289534,7.102353,-1.967794,,,,,
7,254,254.000000,agent_1,actor_logits,1,1,3,7.102353,-17.289534,9.070147,0.001158,0.999885,-17.289534,7.102353,-1.967794,,,,,
7,254,254.000000,agent_2,actor_logits,1,1,3,7.102353,-17.289532,9.070147,0.001158,0.999885,-17.289532,7.102353,-1.967794,,,,,
7,254,254.000000,agent_3,actor_logits,1,1,3,7.102354,-17.289532,9.070148,0.001158,0.999885,-17.289532,7.102354,-1.967794,,,,,
7,254,254.000000,agent_4,actor_logits,1,1,3,7.102354,-17.289534,9.070148,0.001158,0.999885,-17.289534,7.102354,-1.967794,,,,,
7,254,254.000000,agent_5,actor_logits,1,1,3,7.102353,-17.289534,9.070147,0.001158,0.999885,-17.289534,7.102353,-1.967794,,,,,
7,256,256.000000,agent_0,actor_logits,1,1,3,6.385086,-22.524824,2.939386,0.199223,0.949759,-22.524824,6.385086,3.445699,,,,,
7,256,256.000000,agent_1,actor_logits,1,1,3,6.385086,-22.524824,2.939387,0.199223,0.949759,-22.524824,6.385086,3.445699,,,,,
7,256,256.000000,agent_2,actor_logits,1,1,3,6.385086,-22.524824,2.939386,0.199223,0.949759,-22.524824,6.385086,3.445699,,,,,
7,256,256.000000,agent_3,actor_logits,1,1,3,6.385086,-22.524824,2.939387,0.199223,0.949759,-22.524824,6.385086,3.445699,,,,,
7,256,256.000000,agent_4,actor_logits,1,1,3,6.385086,-22.524824,2.939387,0.199223,0.949759,-22.524824,6.385086,3.445699,,,,,
7,256,256.000000,agent_5,actor_logits,1,1,3,6.385085,-22.524824,2.939385,0.199223,0.949759,-22.524824,6.385085,3.445700,,,,,
7,258,258.000000,agent_0,actor_logits,1,1,3,5.293547,-21.504469,0.401364,0.673409,0.599015,-21.504469,5.293547,4.892183,,,,,
7,258,258.000000,agent_1,actor_logits,1,1,3,5.293547,-21.504469,0.401364,0.673409,0.599015,-21.504469,5.293547,4.892183,,,,,
7,258,258.000000,agent_2,actor_logits,1,1,3,5.293546,-21.504471,0.401363,0.673409,0.599015,-21.504471,5.293546,4.892183,,,,,
7,258,258.000000,agent_3,actor_logits,1,1,3,5.293547,-21.504471,0.401364,0.673409,0.599015,-21.504471,5.293547,4.892183,,,,,
7,258,258.000000,agent_4,actor_logits,1,1,3,5.293548,-21.504469,0.401365,0.673409,0.599016,-21.504469,5.293548,4.892183,,,,,
7,258,258.000000,agent_5,actor_logits,1,1,3,5.293546,-21.504471,0.401362,0.673409,0.599015,-21.504471,5.293546,4.892184,,,,,
7,260,260.000000,agent_0,actor_logits,2,1,3,6.966480,-22.413683,0.922613,0.597085,0.715574,-22.413683,6.043867,6.966480,,,,,
7,260,260.000000,agent_1,actor_logits,2,1,3,6.966480,-22.413683,0.922612,0.597085,0.715574,-22.413683,6.043868,6.966480,,,,,
7,260,260.000000,agent_2,actor_logits,2,1,3,6.966480,-22.413681,0.922612,0.597085,0.715574,-22.413681,6.043868,6.966480,,,,,
7,260,260.000000,agent_3,actor_logits,2,1,3,6.966480,-22.413683,0.922613,0.597085,0.715574,-22.413683,6.043867,6.966480,,,,,
7,260,260.000000,agent_4,actor_logits,2,1,3,6.966480,-22.413683,0.922612,0.597085,0.715574,-22.413683,6.043868,6.966480,,,,,
7,260,260.000000,agent_5,actor_logits,2,1,3,6.966480,-22.413681,0.922613,0.597085,0.715574,-22.413681,6.043867,6.966480,,,,,
7,262,262.000000,agent_0,actor_logits,3,1,4,10.589973,-13.300498,3.547803,0.127791,0.972007,-13.300498,-0.810065,7.042170,10.589973,,,,
7,262,262.000000,agent_1,actor_logits,3,1,4,10.589973,-13.300496,3.547804,0.127791,0.972007,-13.300496,-0.810065,7.042169,10.589973,,,,
7,262,262.000000,agent_2,actor_logits,3,1,4,10.589973,-13.300497,3.547804,0.127791,0.972007,-13.300497,-0.810065,7.042169,10.589973,,,,
7,262,262.000000,agent_3,actor_logits,3,1,4,10.589972,-13.300497,3.547803,0.127791,0.972007,-13.300497,-0.810065,7.042169,10.589972,,,,
7,262,262.000000,agent_4,actor_logits,3,1,4,10.589973,-13.300497,3.547804,0.127791,0.972007,-13.300497,-0.810065,7.042170,10.589973,,,,
7,262,262.000000,agent_5,actor_logits,3,1,4,10.589972,-13.300497,3.547803,0.127791,0.972007,-13.300497,-0.810065,7.042169,10.589972,,,,
7,264,264.000000,agent_0,actor_logits,2,1,4,5.295024,-7.198732,4.117774,0.133888,0.974884,-7.198732,1.177250,5.295024,0.636296,,,,
7,264,264.000000,agent_1,actor_logits,2,1,4,5.295025,-7.198732,4.117775,0.133887,0.974884,-7.198732,1.177250,5.295025,0.636296,,,,
7,264,264.000000,agent_2,actor_logits,2,1,4,5.295024,-7.198732,4.117774,0.133888,0.974884,-7.198732,1.177251,5.295024,0.636296,,,,
7,264,264.000000,agent_3,actor_logits,2,1,4,5.295025,-7.198732,4.117775,0.133887,0.974884,-7.198732,1.177251,5.295025,0.636296,,,,
7,264,264.000000,agent_4,actor_logits,2,1,4,5.295025,-7.198732,4.117775,0.133887,0.974884,-7.198732,1.177250,5.295025,0.636296,,,,
7,264,264.000000,agent_5,actor_logits,2,1,4,5.295025,-7.198732,4.117775,0.133888,0.974884,-7.198732,1.177250,5.295025,0.636296,,,,
7,266,266.000000,agent_0,actor_logits,0,1,4,9.356964,-6.251433,10.207642,0.000456,0.999960,9.356964,-6.251433,-0.850678,-3.386692,,,,
7,266,266.000000,agent_1,actor_logits,0,1,4,9.356964,-6.251433,10.207642,0.000456,0.999960,9.356964,-6.251433,-0.850678,-3.386691,,,,
7,266,266.000000,agent_2,actor_logits,0,1,4,9.356964,-6.251433,10.207643,0.000456,0.999960,9.356964,-6.251433,-0.850679,-3.386692,,,,
7,266,266.000000,agent_3,actor_logits,0,1,4,9.356964,-6.251433,10.207642,0.000456,0.999960,9.356964,-6.251433,-0.850678,-3.386692,,,,
7,266,266.000000,agent_4,actor_logits,0,1,4,9.356964,-6.251433,10.207643,0.000456,0.999960,9.356964,-6.251433,-0.850678,-3.386692,,,,
7,266,266.000000,agent_5,actor_logits,0,1,4,9.356964,-6.251433,10.207642,0.000456,0.999960,9.356964,-6.251433,-0.850678,-3.386692,,,,
7,268,268.000000,agent_0,actor_logits,0,1,4,8.509019,-13.531344,4.387419,0.078368,0.986087,8.509019,-13.531344,2.118241,4.121600,,,,
7,268,268.000000,agent_1,actor_logits,0,1,4,8.509018,-13.531343,4.387419,0.078368,0.986087,8.509018,-13.531343,2.118241,4.121599,,,,
7,268,268.000000,agent_2,actor_logits,0,1,4,8.509018,-13.531343,4.387419,0.078368,0.986087,8.509018,-13.531343,2.118241,4.121599,,,,
7,268,268.000000,agent_3,actor_logits,0,1,4,8.509019,-13.531343,4.387420,0.078368,0.986087,8.509019,-13.531343,2.118241,4.121599,,,,
7,268,268.000000,agent_4,actor_logits,0,1,4,8.509019,-13.531343,4.387420,0.078368,0.986087,8.509019,-13.531343,2.118241,4.121599,,,,
7,268,268.000000,agent_5,actor_logits,0,1,4,8.509019,-13.531343,4.387420,0.078368,0.986087,8.509019,-13.531343,2.118241,4.121599,,,,
7,270,270.000000,agent_0,actor_logits,1,1,3,5.975664,-14.447420,4.431040,0.063950,0.988238,-14.447420,5.975664,1.544624,,,,,
7,270,270.000000,agent_1,actor_logits,1,1,3,5.975664,-14.447420,4.431039,0.063950,0.988238,-14.447420,5.975664,1.544625,,,,,
7,270,270.000000,agent_2,actor_logits,1,1,3,5.975664,-14.447420,4.431040,0.063950,0.988238,-14.447420,5.975664,1.544624,,,,,
7,270,270.000000,agent_3,actor_logits,1,1,3,5.975664,-14.447419,4.431040,0.063950,0.988238,-14.447419,5.975664,1.544624,,,,,
7,270,270.000000,agent_4,actor_logits,1,1,3,5.975665,-14.447420,4.431040,0.063950,0.988238,-14.447420,5.975665,1.544625,,,,,
7,270,270.000000,agent_5,actor_logits,1,1,3,5.975665,-14.447420,4.431041,0.063950,0.988238,-14.447420,5.975665,1.544624,,,,,
7,272,272.000000,agent_0,actor_logits,2,1,4,6.244188,-4.799906,4.808066,0.048147,0.991801,-4.799906,-3.101800,6.244188,1.436122,,,,
7,272,272.000000,agent_1,actor_logits,2,1,4,6.244188,-4.799907,4.808066,0.048147,0.991801,-4.799907,-3.101800,6.244188,1.436122,,,,
7,272,272.000000,agent_2,actor_logits,2,1,4,6.244188,-4.799907,4.808066,0.048147,0.991801,-4.799907,-3.101800,6.244188,1.436122,,,,
7,272,272.000000,agent_3,actor_logits,2,1,4,6.244188,-4.799907,4.808066,0.048147,0.991801,-4.799907,-3.101799,6.244188,1.436121,,,,
7,272,272.000000,agent_4,actor_logits,2,1,4,6.244189,-4.799907,4.808067,0.048147,0.991801,-4.799907,-3.101800,6.244189,1.436121,,,,
7,272,272.000000,agent_5,actor_logits,2,1,4,6.244188,-4.799907,4.808066,0.048147,0.991801,-4.799907,-3.101800,6.244188,1.436122,,,,
7,274,274.000000,agent_0,actor_logits,0,1,4,4.422392,-5.565396,4.302658,0.093334,0.983342,4.422392,-1.272865,0.119734,-5.565396,,,,
7,274,274.000000,agent_1,actor_logits,0,1,4,4.422393,-5.565396,4.302659,0.093334,0.983342,4.422393,-1.272865,0.119734,-5.565396,,,,
7,274,274.000000,agent_2,actor_logits,0,1,4,4.422392,-5.565396,4.302658,0.093334,0.983342,4.422392,-1.272865,0.119734,-5.565396,,,,
7,274,274.000000,agent_3,actor_logits,0,1,4,4.422393,-5.565396,4.302660,0.093333,0.983342,4.422393,-1.272864,0.119734,-5.565396,,,,
7,274,274.000000,agent_4,actor_logits,0,1,4,4.422393,-5.565397,4.302659,0.093334,0.983342,4.422393,-1.272864,0.119734,-5.565397,,,,
7,274,274.000000,agent_5,actor_logits,0,1,4,4.422393,-5.565396,4.302659,0.093334,0.983342,4.422393,-1.272865,0.119734,-5.565396,,,,
7,276,276.000000,agent_0,actor_logits,0,1,4,7.914322,-5.116703,5.346272,0.030192,0.995251,7.914322,-5.116703,-4.639106,2.568050,,,,
7,276,276.000000,agent_1,actor_logits,0,1,4,7.914322,-5.116702,5.346272,0.030192,0.995251,7.914322,-5.116702,-4.639106,2.568050,,,,
7,276,276.000000,agent_2,actor_logits,0,1,4,7.914322,-5.116703,5.346272,0.030192,0.995251,7.914322,-5.116703,-4.639106,2.568051,,,,
7,276,276.000000,agent_3,actor_logits,0,1,4,7.914322,-5.116702,5.346272,0.030192,0.995251,7.914322,-5.116702,-4.639106,2.568050,,,,
7,276,276.000000,agent_4,actor_logits,0,1,4,7.914322,-5.116702,5.346272,0.030192,0.995251,7.914322,-5.116702,-4.639106,2.568050,,,,
7,276,276.000000,agent_5,actor_logits,0,1,4,7.914323,-5.116703,5.346272,0.030192,0.995251,7.914323,-5.116703,-4.639106,2.568050,,,,
7,278,278.000000,agent_0,actor_logits,2,1,3,6.341499,-10.447237,5.738218,0.021637,0.996790,0.603281,-10.447237,6.341499,,,,,
7,278,278.000000,agent_1,actor_logits,2,1,3,6.341500,-10.447237,5.738219,0.021637,0.996790,0.603281,-10.447237,6.341500,,,,,
7,278,278.000000,agent_2,actor_logits,2,1,3,6.341499,-10.447237,5.738219,0.021637,0.996790,0.603281,-10.447237,6.341499,,,,,
7,278,278.000000,agent_3,actor_logits,2,1,3,6.341499,-10.447237,5.738218,0.021637,0.996790,0.603281,-10.447237,6.341499,,,,,
7,278,278.000000,agent_4,actor_logits,2,1,3,6.341499,-10.447236,5.738218,0.021637,0.996790,0.603281,-10.447236,6.341499,,,,,
7,278,278.000000,agent_5,actor_logits,2,1,3,6.341500,-10.447237,5.738219,0.021637,0.996790,0.603281,-10.447237,6.341500,,,,,
7,284,284.000000,agent_0,actor_logits,0,1,7,6.176219,-5.864835,0.338354,0.701492,0.581929,6.176219,-5.453227,-5.864835,5.837865,0.431143,-0.392496,-0.877444,
7,284,284.000000,agent_1,actor_logits,0,1,7,6.176220,-5.864836,0.338356,0.701492,0.581929,6.176220,-5.453227,-5.864836,5.837864,0.431144,-0.392496,-0.877444,
7,284,284.000000,agent_2,actor_logits,0,1,7,6.176219,-5.864835,0.338355,0.701492,0.581929,6.176219,-5.453228,-5.864835,5.837864,0.431144,-0.392496,-0.877444,
7,284,284.000000,agent_3,actor_logits,0,1,7,6.176219,-5.864836,0.338353,0.701492,0.581928,6.176219,-5.453227,-5.864836,5.837865,0.431144,-0.392496,-0.877445,
7,284,284.000000,agent_4,actor_logits,0,1,7,6.176220,-5.864837,0.338356,0.701492,0.581929,6.176220,-5.453227,-5.864837,5.837864,0.431144,-0.392496,-0.877444,
7,284,284.000000,agent_5,actor_logits,0,1,7,6.176219,-5.864835,0.338355,0.701492,0.581929,6.176219,-5.453228,-5.864835,5.837864,0.431144,-0.392496,-0.877444,
7,290,290.000000,agent_0,actor_logits,2,1,3,2.834552,-8.121284,9.324319,0.001130,0.999893,-6.489767,-8.121284,2.834552,,,,,
7,290,290.000000,agent_1,actor_logits,2,1,3,2.834551,-8.121284,9.324318,0.001130,0.999893,-6.489767,-8.121284,2.834551,,,,,
7,290,290.000000,agent_2,actor_logits,2,1,3,2.834552,-8.121284,9.324320,0.001130,0.999893,-6.489768,-8.121284,2.834552,,,,,
7,290,290.000000,agent_3,actor_logits,2,1,3,2.834551,-8.121283,9.324319,0.001130,0.999893,-6.489768,-8.121283,2.834551,,,,,
7,290,290.000000,agent_4,actor_logits,2,1,3,2.834551,-8.121284,9.324317,0.001130,0.999893,-6.489766,-8.121284,2.834551,,,,,
7,290,290.000000,agent_5,actor_logits,2,1,3,2.834551,-8.121283,9.324318,0.001130,0.999893,-6.489767,-8.121283,2.834551,,,,,
7,296,296.000000,agent_0,actor_logits,3,1,7,11.796405,-9.681776,5.224491,0.034403,0.994551,-9.681776,-0.593403,2.143455,11.796405,6.571914,1.126418,-0.536856,
7,296,296.000000,agent_1,actor_logits,3,1,7,11.796405,-9.681776,5.224490,0.034403,0.994551,-9.681776,-0.593403,2.143454,11.796405,6.571915,1.126418,-0.536856,
7,296,296.000000,agent_2,actor_logits,3,1,7,11.796405,-9.681776,5.224490,0.034403,0.994551,-9.681776,-0.593403,2.143454,11.796405,6.571915,1.126418,-0.536856,
7,296,296.000000,agent_3,actor_logits,3,1,7,11.796405,-9.681777,5.224490,0.034403,0.994551,-9.681777,-0.593403,2.143454,11.796405,6.571915,1.126418,-0.536856,
7,296,296.000000,agent_4,actor_logits,3,1,7,11.796405,-9.681777,5.224491,0.034403,0.994551,-9.681777,-0.593402,2.143454,11.796405,6.571914,1.126418,-0.536856,
7,296,296.000000,agent_5,actor_logits,3,1,7,11.796405,-9.681776,5.224490,0.034403,0.994551,-9.681776,-0.593403,2.143454,11.796405,6.571915,1.126418,-0.536856,
7,298,298.000000,agent_0,actor_logits,2,1,4,7.490946,-10.609260,3.140972,0.172535,0.958551,-6.290099,4.349974,7.490946,-10.609260,,,,
7,298,298.000000,agent_1,actor_logits,2,1,4,7.490946,-10.609260,3.140972,0.172535,0.958551,-6.290099,4.349974,7.490946,-10.609260,,,,
7,298,298.000000,agent_2,actor_logits,2,1,4,7.490946,-10.609260,3.140972,0.172535,0.958551,-6.290099,4.349974,7.490946,-10.609260,,,,
7,298,298.000000,agent_3,actor_logits,2,1,4,7.490946,-10.609260,3.140972,0.172535,0.958551,-6.290098,4.349974,7.490946,-10.609260,,,,
7,298,298.000000,agent_4,actor_logits,2,1,4,7.490947,-10.609260,3.140973,0.172535,0.958551,-6.290099,4.349974,7.490947,-10.609260,,,,
7,298,298.000000,agent_5,actor_logits,2,1,4,7.490946,-10.609260,3.140971,0.172535,0.958551,-6.290099,4.349975,7.490946,-10.609260,,,,
7,300,300.000000,agent_0,actor_logits,1,1,4,7.703519,-11.225326,3.905307,0.097034,0.980261,-5.844258,7.703519,3.798213,-11.225326,,,,
7,300,300.000000,agent_1,actor_logits,1,1,4,7.703520,-11.225327,3.905308,0.097034,0.980261,-5.844258,7.703520,3.798212,-11.225327,,,,
7,300,300.000000,agent_2,actor_logits,1,1,4,7.703520,-11.225327,3.905307,0.097034,0.980261,-5.844258,7.703520,3.798213,-11.225327,,,,
7,300,300.000000,agent_3,actor_logits,1,1,4,7.703519,-11.225327,3.905308,0.097034,0.980261,-5.844258,7.703519,3.798212,-11.225327,,,,
7,300,300.000000,agent_4,actor_logits,1,1,4,7.703519,-11.225327,3.905308,0.097034,0.980261,-5.844258,7.703519,3.798212,-11.225327,,,,
7,300,300.000000,agent_5,actor_logits,1,1,4,7.703520,-11.225327,3.905308,0.097034,0.980261,-5.844258,7.703520,3.798212,-11.225327,,,,
7,302,302.000000,agent_0,actor_logits,1,1,4,5.572497,-6.318323,4.639821,0.073065,0.987675,-0.301080,5.572497,-6.318323,0.932677,,,,
7,302,302.000000,agent_1,actor_logits,1,1,4,5.572497,-6.318322,4.639821,0.073065,0.987675,-0.301080,5.572497,-6.318322,0.932677,,,,
7,302,302.000000,agent_2,actor_logits,1,1,4,5.572497,-6.318322,4.639820,0.073065,0.987675,-0.301080,5.572497,-6.318322,0.932677,,,,
7,302,302.000000,agent_3,actor_logits,1,1,4,5.572497,-6.318323,4.639820,0.073065,0.987675,-0.301079,5.572497,-6.318323,0.932677,,,,
7,302,302.000000,agent_4,actor_logits,1,1,4,5.572497,-6.318323,4.639820,0.073065,0.987675,-0.301079,5.572497,-6.318323,0.932677,,,,
7,302,302.000000,agent_5,actor_logits,1,1,4,5.572497,-6.318323,4.639821,0.073065,0.987675,-0.301080,5.572497,-6.318323,0.932677,,,,
7,304,304.000000,agent_0,actor_logits,3,1,4,4.264954,-9.336792,1.240572,0.905493,0.637945,2.985948,3.024382,-9.336792,4.264954,,,,
7,304,304.000000,agent_1,actor_logits,3,1,4,4.264955,-9.336792,1.240573,0.905492,0.637945,2.985947,3.024382,-9.336792,4.264955,,,,
7,304,304.000000,agent_2,actor_logits,3,1,4,4.264955,-9.336793,1.240573,0.905492,0.637945,2.985947,3.024382,-9.336793,4.264955,,,,
7,304,304.000000,agent_3,actor_logits,3,1,4,4.264955,-9.336793,1.240573,0.905492,0.637945,2.985948,3.024381,-9.336793,4.264955,,,,
7,304,304.000000,agent_4,actor_logits,3,1,4,4.264955,-9.336793,1.240573,0.905492,0.637945,2.985947,3.024382,-9.336793,4.264955,,,,
7,304,304.000000,agent_5,actor_logits,3,1,4,4.264955,-9.336791,1.240572,0.905493,0.637945,2.985947,3.024382,-9.336791,4.264955,,,,
7,306,306.000000,agent_0,actor_logits,1,1,4,5.025055,-3.212208,4.412902,0.069842,0.987490,-3.212208,5.025055,-3.143416,0.612153,,,,
7,306,306.000000,agent_1,actor_logits,1,1,4,5.025056,-3.212208,4.412903,0.069842,0.987490,-3.212208,5.025056,-3.143417,0.612154,,,,
7,306,306.000000,agent_2,actor_logits,1,1,4,5.025056,-3.212208,4.412903,0.069842,0.987490,-3.212208,5.025056,-3.143416,0.612153,,,,
7,306,306.000000,agent_3,actor_logits,1,1,4,5.025056,-3.212208,4.412903,0.069842,0.987490,-3.212208,5.025056,-3.143417,0.612153,,,,
7,306,306.000000,agent_4,actor_logits,1,1,4,5.025056,-3.212208,4.412904,0.069842,0.987490,-3.212208,5.025056,-3.143416,0.612153,,,,
7,306,306.000000,agent_5,actor_logits,1,1,4,5.025056,-3.212208,4.412903,0.069842,0.987490,-3.212208,5.025056,-3.143417,0.612153,,,,
7,308,308.000000,agent_0,actor_logits,1,1,4,6.299567,-10.779920,3.521078,0.187949,0.960913,2.778490,6.299567,-10.779920,1.799568,,,,
7,308,308.000000,agent_1,actor_logits,1,1,4,6.299567,-10.779919,3.521079,0.187948,0.960913,2.778488,6.299567,-10.779919,1.799568,,,,
7,308,308.000000,agent_2,actor_logits,1,1,4,6.299568,-10.779919,3.521079,0.187948,0.960913,2.778489,6.299568,-10.779919,1.799568,,,,
7,308,308.000000,agent_3,actor_logits,1,1,4,6.299568,-10.779920,3.521078,0.187949,0.960913,2.778490,6.299568,-10.779920,1.799567,,,,
7,308,308.000000,agent_4,actor_logits,1,1,4,6.299567,-10.779919,3.521077,0.187949,0.960913,2.778490,6.299567,-10.779919,1.799568,,,,
7,308,308.000000,agent_5,actor_logits,1,1,4,6.299567,-10.779920,3.521077,0.187949,0.960913,2.778490,6.299567,-10.779920,1.799568,,,,
7,310,310.000000,agent_0,actor_logits,1,1,4,6.501554,-9.698592,3.708869,0.120085,0.975195,2.792685,6.501554,-9.698592,-0.478274,,,,
7,310,310.000000,agent_1,actor_logits,1,1,4,6.501554,-9.698592,3.708870,0.120085,0.975195,2.792684,6.501554,-9.698592,-0.478274,,,,
7,310,310.000000,agent_2,actor_logits,1,1,4,6.501554,-9.698591,3.708870,0.120085,0.975195,2.792684,6.501554,-9.698591,-0.478274,,,,
7,310,310.000000,agent_3,actor_logits,1,1,4,6.501554,-9.698593,3.708869,0.120085,0.975195,2.792686,6.501554,-9.698593,-0.478274,,,,
7,310,310.000000,agent_4,actor_logits,1,1,4,6.501553,-9.698592,3.708868,0.120085,0.975195,2.792686,6.501553,-9.698592,-0.478274,,,,
7,310,310.000000,agent_5,actor_logits,1,1,4,6.501554,-9.698592,3.708868,0.120085,0.975195,2.792686,6.501554,-9.698592,-0.478274,,,,
7,312,312.000000,agent_0,actor_logits,0,1,4,4.231596,-4.580299,0.662340,0.648887,0.659113,4.231596,-2.341527,-4.580299,3.569256,,,,
7,312,312.000000,agent_1,actor_logits,0,1,4,4.231596,-4.580300,0.662340,0.648887,0.659113,4.231596,-2.341527,-4.580300,3.569256,,,,
7,312,312.000000,agent_2,actor_logits,0,1,4,4.231595,-4.580299,0.662339,0.648887,0.659113,4.231595,-2.341526,-4.580299,3.569256,,,,
7,312,312.000000,agent_3,actor_logits,0,1,4,4.231597,-4.580299,0.662342,0.648887,0.659114,4.231597,-2.341527,-4.580299,3.569256,,,,
7,312,312.000000,agent_4,actor_logits,0,1,4,4.231597,-4.580299,0.662341,0.648887,0.659114,4.231597,-2.341527,-4.580299,3.569256,,,,
7,312,312.000000,agent_5,actor_logits,0,1,4,4.231596,-4.580299,0.662341,0.648887,0.659114,4.231596,-2.341527,-4.580299,3.569256,,,,
7,314,314.000000,agent_0,actor_logits,3,1,4,5.403740,-12.733597,0.301225,0.887825,0.534513,3.370794,-12.733597,5.102516,5.403740,,,,
7,314,314.000000,agent_1,actor_logits,3,1,4,5.403739,-12.733599,0.301224,0.887825,0.534513,3.370795,-12.733599,5.102516,5.403739,,,,
7,314,314.000000,agent_2,actor_logits,3,1,4,5.403739,-12.733597,0.301224,0.887825,0.534513,3.370794,-12.733597,5.102516,5.403739,,,,
7,314,314.000000,agent_3,actor_logits,3,1,4,5.403739,-12.733597,0.301224,0.887825,0.534513,3.370795,-12.733597,5.102515,5.403739,,,,
7,314,314.000000,agent_4,actor_logits,3,1,4,5.403739,-12.733597,0.301224,0.887825,0.534513,3.370794,-12.733597,5.102516,5.403739,,,,
7,314,314.000000,agent_5,actor_logits,3,1,4,5.403739,-12.733597,0.301224,0.887825,0.534513,3.370794,-12.733597,5.102515,5.403739,,,,
7,316,316.000000,agent_0,actor_logits,0,1,4,4.952983,-7.630099,2.668669,0.363107,0.908408,4.952983,1.494565,-7.630099,2.284314,,,,
7,316,316.000000,agent_1,actor_logits,0,1,4,4.952984,-7.630101,2.668672,0.363106,0.908408,4.952984,1.494564,-7.630101,2.284312,,,,
7,316,316.000000,agent_2,actor_logits,0,1,4,4.952984,-7.630101,2.668671,0.363106,0.908408,4.952984,1.494564,-7.630101,2.284313,,,,
7,316,316.000000,agent_3,actor_logits,0,1,4,4.952984,-7.630100,2.668671,0.363106,0.908408,4.952984,1.494564,-7.630100,2.284313,,,,
7,316,316.000000,agent_4,actor_logits,0,1,4,4.952984,-7.630101,2.668670,0.363106,0.908408,4.952984,1.494565,-7.630101,2.284313,,,,
7,316,316.000000,agent_5,actor_logits,0,1,4,4.952984,-7.630101,2.668671,0.363106,0.908408,4.952984,1.494564,-7.630101,2.284313,,,,
7,318,318.000000,agent_0,actor_logits,0,1,4,4.947454,-10.942211,0.080144,0.723855,0.517024,4.947454,-10.942211,4.867310,0.452253,,,,
7,318,318.000000,agent_1,actor_logits,0,1,4,4.947454,-10.942211,0.080144,0.723855,0.517024,4.947454,-10.942211,4.867311,0.452252,,,,
7,318,318.000000,agent_2,actor_logits,0,1,4,4.947455,-10.942212,0.080145,0.723855,0.517024,4.947455,-10.942212,4.867310,0.452252,,,,
7,318,318.000000,agent_3,actor_logits,0,1,4,4.947454,-10.942211,0.080144,0.723855,0.517024,4.947454,-10.942211,4.867310,0.452253,,,,
7,318,318.000000,agent_4,actor_logits,0,1,4,4.947454,-10.942211,0.080143,0.723855,0.517024,4.947454,-10.942211,4.867311,0.452253,,,,
7,318,318.000000,agent_5,actor_logits,0,1,4,4.947455,-10.942211,0.080145,0.723855,0.517024,4.947455,-10.942211,4.867310,0.452252,,,,
7,320,320.000000,agent_0,actor_logits,0,1,4,4.692639,-8.039310,0.131684,0.719107,0.530199,4.692639,0.032153,-8.039310,4.560955,,,,
7,320,320.000000,agent_1,actor_logits,0,1,4,4.692640,-8.039310,0.131684,0.719106,0.530199,4.692640,0.032152,-8.039310,4.560956,,,,
7,320,320.000000,agent_2,actor_logits,0,1,4,4.692640,-8.039310,0.131685,0.719107,0.530200,4.692640,0.032153,-8.039310,4.560955,,,,
7,320,320.000000,agent_3,actor_logits,0,1,4,4.692638,-8.039310,0.131683,0.719107,0.530199,4.692638,0.032153,-8.039310,4.560955,,,,
7,320,320.000000,agent_4,actor_logits,0,1,4,4.692639,-8.039310,0.131684,0.719107,0.530199,4.692639,0.032153,-8.039310,4.560956,,,,
7,320,320.000000,agent_5,actor_logits,0,1,4,4.692639,-8.039310,0.131685,0.719107,0.530200,4.692639,0.032153,-8.039310,4.560955,,,,
7,322,322.000000,agent_0,actor_logits,0,1,4,13.649858,-7.730071,12.001539,0.000080,0.999994,13.649858,-7.730071,-7.310847,1.648319,,,,
7,322,322.000000,agent_1,actor_logits,0,1,4,13.649858,-7.730071,12.001539,0.000080,0.999994,13.649858,-7.730071,-7.310846,1.648319,,,,
7,322,322.000000,agent_2,actor_logits,0,1,4,13.649858,-7.730070,12.001540,0.000080,0.999994,13.649858,-7.730070,-7.310846,1.648319,,,,
7,322,322.000000,agent_3,actor_logits,0,1,4,13.649858,-7.730071,12.001538,0.000080,0.999994,13.649858,-7.730071,-7.310846,1.648320,,,,
7,322,322.000000,agent_4,actor_logits,0,1,4,13.649858,-7.730072,12.001539,0.000080,0.999994,13.649858,-7.730072,-7.310846,1.648320,,,,
7,322,322.000000,agent_5,actor_logits,0,1,4,13.649858,-7.730071,12.001539,0.000080,0.999994,13.649858,-7.730071,-7.310846,1.648319,,,,
7,324,324.000000,agent_0,actor_logits,1,1,4,2.077602,-2.911642,2.964076,0.397061,0.905382,-0.886475,2.077602,-0.999627,-2.911642,,,,
7,324,324.000000,agent_1,actor_logits,1,1,4,2.077601,-2.911643,2.964076,0.397061,0.905382,-0.886475,2.077601,-0.999627,-2.911643,,,,
7,324,324.000000,agent_2,actor_logits,1,1,4,2.077602,-2.911642,2.964077,0.397061,0.905382,-0.886475,2.077602,-0.999627,-2.911642,,,,
7,324,324.000000,agent_3,actor_logits,1,1,4,2.077602,-2.911642,2.964078,0.397061,0.905382,-0.886476,2.077602,-0.999627,-2.911642,,,,
7,324,324.000000,agent_4,actor_logits,1,1,4,2.077601,-2.911642,2.964076,0.397061,0.905382,-0.886475,2.077601,-0.999627,-2.911642,,,,
7,324,324.000000,agent_5,actor_logits,1,1,4,2.077601,-2.911643,2.964076,0.397061,0.905382,-0.886475,2.077601,-0.999627,-2.911643,,,,
7,326,326.000000,agent_0,actor_logits,0,1,3,8.042435,-13.257819,6.719634,0.009307,0.998794,8.042435,1.322801,-13.257819,,,,,
7,326,326.000000,agent_1,actor_logits,0,1,3,8.042435,-13.257819,6.719634,0.009307,0.998794,8.042435,1.322801,-13.257819,,,,,
7,326,326.000000,agent_2,actor_logits,0,1,3,8.042434,-13.257819,6.719633,0.009307,0.998794,8.042434,1.322801,-13.257819,,,,,
7,326,326.000000,agent_3,actor_logits,0,1,3,8.042434,-13.257819,6.719633,0.009307,0.998794,8.042434,1.322800,-13.257819,,,,,
7,326,326.000000,agent_4,actor_logits,0,1,3,8.042435,-13.257819,6.719635,0.009307,0.998794,8.042435,1.322800,-13.257819,,,,,
7,326,326.000000,agent_5,actor_logits,0,1,3,8.042435,-13.257819,6.719635,0.009307,0.998794,8.042435,1.322800,-13.257819,,,,,
7,328,328.000000,agent_0,actor_logits,0,1,2,-4.052485,-9.708155,5.655670,0.023204,0.996515,-4.052485,-9.708155,,,,,,
7,328,328.000000,agent_1,actor_logits,0,1,2,-4.052485,-9.708153,5.655668,0.023204,0.996515,-4.052485,-9.708153,,,,,,
7,328,328.000000,agent_2,actor_logits,0,1,2,-4.052485,-9.708155,5.655670,0.023204,0.996515,-4.052485,-9.708155,,,,,,
7,328,328.000000,agent_3,actor_logits,0,1,2,-4.052485,-9.708155,5.655670,0.023204,0.996515,-4.052485,-9.708155,,,,,,
7,328,328.000000,agent_4,actor_logits,0,1,2,-4.052485,-9.708153,5.655668,0.023204,0.996515,-4.052485,-9.708153,,,,,,
7,328,328.000000,agent_5,actor_logits,0,1,2,-4.052484,-9.708155,5.655671,0.023204,0.996515,-4.052484,-9.708155,,,,,,
7,330,330.000000,agent_0,actor_logits,1,1,3,5.840337,-6.666129,11.746006,0.000151,0.999988,-5.905668,5.840337,-6.666129,,,,,
7,330,330.000000,agent_1,actor_logits,1,1,3,5.840337,-6.666128,11.746006,0.000151,0.999988,-5.905669,5.840337,-6.666128,,,,,
7,330,330.000000,agent_2,actor_logits,1,1,3,5.840337,-6.666127,11.746006,0.000151,0.999988,-5.905669,5.840337,-6.666127,,,,,
7,330,330.000000,agent_3,actor_logits,1,1,3,5.840337,-6.666128,11.746006,0.000151,0.999988,-5.905669,5.840337,-6.666128,,,,,
7,330,330.000000,agent_4,actor_logits,1,1,3,5.840337,-6.666127,11.746006,0.000151,0.999988,-5.905669,5.840337,-6.666127,,,,,
7,330,330.000000,agent_5,actor_logits,1,1,3,5.840337,-6.666128,11.746006,0.000151,0.999988,-5.905668,5.840337,-6.666128,,,,,
7,332,332.000000,agent_0,actor_logits,1,1,3,9.236054,-19.839357,11.197874,0.000167,0.999986,-19.839357,9.236054,-1.961820,,,,,
7,332,332.000000,agent_1,actor_logits,1,1,3,9.236054,-19.839357,11.197874,0.000167,0.999986,-19.839357,9.236054,-1.961820,,,,,
7,332,332.000000,agent_2,actor_logits,1,1,3,9.236053,-19.839357,11.197873,0.000167,0.999986,-19.839357,9.236053,-1.961819,,,,,
7,332,332.000000,agent_3,actor_logits,1,1,3,9.236054,-19.839357,11.197874,0.000167,0.999986,-19.839357,9.236054,-1.961820,,,,,
7,332,332.000000,agent_4,actor_logits,1,1,3,9.236053,-19.839357,11.197873,0.000167,0.999986,-19.839357,9.236053,-1.961820,,,,,
7,332,332.000000,agent_5,actor_logits,1,1,3,9.236054,-19.839357,11.197874,0.000167,0.999986,-19.839357,9.236054,-1.961820,,,,,
7,334,334.000000,agent_0,actor_logits,1,1,3,6.791646,-21.520403,3.516781,0.130681,0.971161,-21.520403,6.791646,3.274865,,,,,
7,334,334.000000,agent_1,actor_logits,1,1,3,6.791646,-21.520401,3.516780,0.130681,0.971161,-21.520401,6.791646,3.274866,,,,,
7,334,334.000000,agent_2,actor_logits,1,1,3,6.791645,-21.520401,3.516778,0.130682,0.971161,-21.520401,6.791645,3.274867,,,,,
7,334,334.000000,agent_3,actor_logits,1,1,3,6.791646,-21.520401,3.516781,0.130681,0.971161,-21.520401,6.791646,3.274865,,,,,
7,334,334.000000,agent_4,actor_logits,1,1,3,6.791646,-21.520401,3.516780,0.130681,0.971161,-21.520401,6.791646,3.274866,,,,,
7,334,334.000000,agent_5,actor_logits,1,1,3,6.791646,-21.520403,3.516780,0.130681,0.971161,-21.520403,6.791646,3.274866,,,,,
7,336,336.000000,agent_0,actor_logits,2,1,3,6.396626,-21.244081,1.780329,0.412626,0.855738,-21.244081,4.616298,6.396626,,,,,
7,336,336.000000,agent_1,actor_logits,2,1,3,6.396627,-21.244081,1.780330,0.412626,0.855738,-21.244081,4.616297,6.396627,,,,,
7,336,336.000000,agent_2,actor_logits,2,1,3,6.396628,-21.244081,1.780332,0.412626,0.855738,-21.244081,4.616296,6.396628,,,,,
7,336,336.000000,agent_3,actor_logits,2,1,3,6.396627,-21.244081,1.780330,0.412626,0.855738,-21.244081,4.616297,6.396627,,,,,
7,336,336.000000,agent_4,actor_logits,2,1,3,6.396627,-21.244081,1.780330,0.412626,0.855738,-21.244081,4.616297,6.396627,,,,,
7,336,336.000000,agent_5,actor_logits,2,1,3,6.396627,-21.244081,1.780331,0.412626,0.855738,-21.244081,4.616297,6.396627,,,,,
7,338,338.000000,agent_0,actor_logits,3,1,4,11.239626,-16.333052,5.839446,0.023189,0.996723,-16.333052,3.358164,5.400180,11.239626,,,,
7,338,338.000000,agent_1,actor_logits,3,1,4,11.239626,-16.333052,5.839446,0.023189,0.996723,-16.333052,3.358164,5.400180,11.239626,,,,
7,338,338.000000,agent_2,actor_logits,3,1,4,11.239627,-16.333052,5.839446,0.023189,0.996723,-16.333052,3.358163,5.400181,11.239627,,,,
7,338,338.000000,agent_3,actor_logits,3,1,4,11.239626,-16.333052,5.839446,0.023189,0.996723,-16.333052,3.358163,5.400180,11.239626,,,,
7,338,338.000000,agent_4,actor_logits,3,1,4,11.239626,-16.333052,5.839446,0.023189,0.996723,-16.333052,3.358164,5.400180,11.239626,,,,
7,338,338.000000,agent_5,actor_logits,3,1,4,11.239626,-16.333052,5.839446,0.023189,0.996723,-16.333052,3.358164,5.400180,11.239626,,,,
7,340,340.000000,agent_0,actor_logits,3,1,4,7.025106,-2.878116,7.672554,0.007474,0.999165,-2.878116,-0.647448,-1.020757,7.025106,,,,
7,340,340.000000,agent_1,actor_logits,3,1,4,7.025107,-2.878116,7.672555,0.007474,0.999165,-2.878116,-0.647449,-1.020757,7.025107,,,,
7,340,340.000000,agent_2,actor_logits,3,1,4,7.025107,-2.878116,7.672556,0.007474,0.999165,-2.878116,-0.647449,-1.020757,7.025107,,,,
7,340,340.000000,agent_3,actor_logits,3,1,4,7.025106,-2.878115,7.672554,0.007474,0.999165,-2.878115,-0.647448,-1.020757,7.025106,,,,
7,340,340.000000,agent_4,actor_logits,3,1,4,7.025106,-2.878116,7.672554,0.007474,0.999165,-2.878116,-0.647448,-1.020757,7.025106,,,,
7,340,340.000000,agent_5,actor_logits,3,1,4,7.025106,-2.878115,7.672555,0.007474,0.999165,-2.878115,-0.647449,-1.020758,7.025106,,,,
7,342,342.000000,agent_0,actor_logits,1,1,4,6.334859,-2.987897,8.214787,0.005113,0.999464,-1.879927,6.334859,-2.987897,-2.309136,,,,
7,342,342.000000,agent_1,actor_logits,1,1,4,6.334858,-2.987897,8.214786,0.005113,0.999464,-1.879927,6.334858,-2.987897,-2.309137,,,,
7,342,342.000000,agent_2,actor_logits,1,1,4,6.334858,-2.987897,8.214785,0.005113,0.999464,-1.879927,6.334858,-2.987897,-2.309136,,,,
7,342,342.000000,agent_3,actor_logits,1,1,4,6.334858,-2.987898,8.214786,0.005113,0.999464,-1.879928,6.334858,-2.987898,-2.309136,,,,
7,342,342.000000,agent_4,actor_logits,1,1,4,6.334858,-2.987897,8.214786,0.005113,0.999464,-1.879927,6.334858,-2.987897,-2.309137,,,,
7,342,342.000000,agent_5,actor_logits,1,1,4,6.334858,-2.987897,8.214786,0.005113,0.999464,-1.879927,6.334858,-2.987897,-2.309137,,,,
7,344,344.000000,agent_0,actor_logits,0,1,4,12.519753,-13.113924,8.528679,0.001889,0.999802,12.519753,-13.113924,-2.342014,3.991074,,,,
7,344,344.000000,agent_1,actor_logits,0,1,4,12.519753,-13.113924,8.528679,0.001889,0.999802,12.519753,-13.113924,-2.342014,3.991075,,,,
7,344,344.000000,agent_2,actor_logits,0,1,4,12.519753,-13.113924,8.528679,0.001889,0.999802,12.519753,-13.113924,-2.342014,3.991074,,,,
7,344,344.000000,agent_3,actor_logits,0,1,4,12.519753,-13.113924,8.528679,0.001889,0.999802,12.519753,-13.113924,-2.342014,3.991075,,,,
7,344,344.000000,agent_4,actor_logits,0,1,4,12.519753,-13.113924,8.528679,0.001889,0.999802,12.519753,-13.113924,-2.342014,3.991074,,,,
7,344,344.000000,agent_5,actor_logits,0,1,4,12.519754,-13.113925,8.528680,0.001889,0.999802,12.519754,-13.113925,-2.342014,3.991075,,,,
7,346,346.000000,agent_0,actor_logits,0,1,4,14.087612,-16.712410,8.516495,0.001910,0.999800,14.087612,-16.712410,-0.656640,5.571117,,,,
7,346,346.000000,agent_1,actor_logits,0,1,4,14.087611,-16.712410,8.516495,0.001910,0.999800,14.087611,-16.712410,-0.656639,5.571117,,,,
7,346,346.000000,agent_2,actor_logits,0,1,4,14.087611,-16.712410,8.516494,0.001910,0.999800,14.087611,-16.712410,-0.656640,5.571117,,,,
7,346,346.000000,agent_3,actor_logits,0,1,4,14.087612,-16.712410,8.516495,0.001910,0.999800,14.087612,-16.712410,-0.656640,5.571117,,,,
7,346,346.000000,agent_4,actor_logits,0,1,4,14.087612,-16.712410,8.516496,0.001910,0.999800,14.087612,-16.712410,-0.656640,5.571116,,,,
7,346,346.000000,agent_5,actor_logits,0,1,4,14.087612,-16.712410,8.516495,0.001910,0.999800,14.087612,-16.712410,-0.656639,5.571117,,,,
7,348,348.000000,agent_0,actor_logits,3,1,4,3.136129,-5.334543,0.778988,0.697955,0.674024,-5.334543,-0.571033,2.357141,3.136129,,,,
7,348,348.000000,agent_1,actor_logits,3,1,4,3.136129,-5.334544,0.778988,0.697955,0.674024,-5.334544,-0.571033,2.357141,3.136129,,,,
7,348,348.000000,agent_2,actor_logits,3,1,4,3.136130,-5.334543,0.778989,0.697955,0.674024,-5.334543,-0.571033,2.357141,3.136130,,,,
7,348,348.000000,agent_3,actor_logits,3,1,4,3.136129,-5.334543,0.778989,0.697955,0.674024,-5.334543,-0.571032,2.357141,3.136129,,,,
7,348,348.000000,agent_4,actor_logits,3,1,4,3.136129,-5.334543,0.778988,0.697955,0.674024,-5.334543,-0.571033,2.357141,3.136129,,,,
7,348,348.000000,agent_5,actor_logits,3,1,4,3.136129,-5.334543,0.778987,0.697955,0.674024,-5.334543,-0.571033,2.357141,3.136129,,,,
7,350,350.000000,agent_0,actor_logits,0,1,4,9.427437,-9.174901,5.934006,0.018387,0.997354,9.427437,-9.174901,-2.690722,3.493431,,,,
7,350,350.000000,agent_1,actor_logits,0,1,4,9.427437,-9.174902,5.934006,0.018387,0.997354,9.427437,-9.174902,-2.690721,3.493431,,,,
7,350,350.000000,agent_2,actor_logits,0,1,4,9.427437,-9.174902,5.934005,0.018387,0.997354,9.427437,-9.174902,-2.690722,3.493432,,,,
7,350,350.000000,agent_3,actor_logits,0,1,4,9.427437,-9.174901,5.934005,0.018387,0.997354,9.427437,-9.174901,-2.690722,3.493432,,,,
7,350,350.000000,agent_4,actor_logits,0,1,4,9.427437,-9.174900,5.934005,0.018387,0.997354,9.427437,-9.174900,-2.690722,3.493432,,,,
7,350,350.000000,agent_5,actor_logits,0,1,4,9.427437,-9.174902,5.934005,0.018387,0.997354,9.427437,-9.174902,-2.690722,3.493432,,,,
7,352,352.000000,agent_0,actor_logits,1,1,4,1.301066,-2.118516,0.447597,0.960785,0.553675,-2.118516,1.301066,-0.707171,0.853469,,,,
7,352,352.000000,agent_1,actor_logits,1,1,4,1.301066,-2.118515,0.447597,0.960785,0.553675,-2.118515,1.301066,-0.707171,0.853469,,,,
7,352,352.000000,agent_2,actor_logits,1,1,4,1.301066,-2.118516,0.447597,0.960785,0.553675,-2.118516,1.301066,-0.707170,0.853469,,,,
7,352,352.000000,agent_3,actor_logits,1,1,4,1.301065,-2.118515,0.447596,0.960785,0.553675,-2.118515,1.301065,-0.707171,0.853469,,,,
7,352,352.000000,agent_4,actor_logits,1,1,4,1.301065,-2.118516,0.447596,0.960785,0.553675,-2.118516,1.301065,-0.707171,0.853469,,,,
7,352,352.000000,agent_5,actor_logits,1,1,4,1.301065,-2.118515,0.447596,0.960785,0.553675,-2.118515,1.301065,-0.707171,0.853469,,,,
7,354,354.000000,agent_0,actor_logits,3,1,4,3.574065,-5.472227,1.561278,0.611702,0.793410,2.012787,0.586253,-5.472227,3.574065,,,,
7,354,354.000000,agent_1,actor_logits,3,1,4,3.574064,-5.472227,1.561276,0.611702,0.793409,2.012787,0.586253,-5.472227,3.574064,,,,
7,354,354.000000,agent_2,actor_logits,3,1,4,3.574064,-5.472228,1.561277,0.611702,0.793409,2.012787,0.586253,-5.472228,3.574064,,,,
7,354,354.000000,agent_3,actor_logits,3,1,4,3.574064,-5.472228,1.561277,0.611702,0.793409,2.012787,0.586253,-5.472228,3.574064,,,,
7,354,354.000000,agent_4,actor_logits,3,1,4,3.574065,-5.472227,1.561279,0.611702,0.793410,2.012786,0.586253,-5.472227,3.574065,,,,
7,354,354.000000,agent_5,actor_logits,3,1,4,3.574064,-5.472228,1.561277,0.611702,0.793409,2.012787,0.586253,-5.472228,3.574064,,,,
7,356,356.000000,agent_0,actor_logits,0,1,4,9.700251,-6.629757,7.237112,0.005929,0.999281,9.700251,-6.629757,-5.024869,2.463139,,,,
7,356,356.000000,agent_1,actor_logits,0,1,4,9.700250,-6.629757,7.237111,0.005929,0.999281,9.700250,-6.629757,-5.024868,2.463139,,,,
7,356,356.000000,agent_2,actor_logits,0,1,4,9.700249,-6.629756,7.237110,0.005929,0.999281,9.700249,-6.629756,-5.024868,2.463139,,,,
7,356,356.000000,agent_3,actor_logits,0,1,4,9.700250,-6.629756,7.237111,0.005929,0.999281,9.700250,-6.629756,-5.024869,2.463139,,,,
7,356,356.000000,agent_4,actor_logits,0,1,4,9.700249,-6.629757,7.237110,0.005929,0.999281,9.700249,-6.629757,-5.024868,2.463139,,,,
7,356,356.000000,agent_5,actor_logits,0,1,4,9.700249,-6.629756,7.237110,0.005929,0.999281,9.700249,-6.629756,-5.024869,2.463139,,,,
7,358,358.000000,agent_0,actor_logits,1,1,4,3.405477,-3.538006,2.392558,0.302922,0.914442,1.012919,3.405477,-3.538006,-3.317748,,,,
7,358,358.000000,agent_1,actor_logits,1,1,4,3.405477,-3.538006,2.392558,0.302922,0.914442,1.012919,3.405477,-3.538006,-3.317747,,,,
7,358,358.000000,agent_2,actor_logits,1,1,4,3.405477,-3.538006,2.392558,0.302922,0.914442,1.012919,3.405477,-3.538006,-3.317747,,,,
7,358,358.000000,agent_3,actor_logits,1,1,4,3.405477,-3.538006,2.392558,0.302922,0.914442,1.012919,3.405477,-3.538006,-3.317747,,,,
7,358,358.000000,agent_4,actor_logits,1,1,4,3.405477,-3.538006,2.392558,0.302922,0.914442,1.012919,3.405477,-3.538006,-3.317748,,,,
7,358,358.000000,agent_5,actor_logits,1,1,4,3.405477,-3.538006,2.392558,0.302922,0.914442,1.012919,3.405477,-3.538006,-3.317748,,,,
7,360,360.000000,agent_0,actor_logits,0,1,4,6.913328,-10.533364,3.812434,0.116209,0.976785,6.913328,0.519596,-10.533364,3.100894,,,,
7,360,360.000000,agent_1,actor_logits,0,1,4,6.913328,-10.533364,3.812434,0.116209,0.976785,6.913328,0.519595,-10.533364,3.100894,,,,
7,360,360.000000,agent_2,actor_logits,0,1,4,6.913329,-10.533364,3.812434,0.116209,0.976785,6.913329,0.519595,-10.533364,3.100895,,,,
7,360,360.000000,agent_3,actor_logits,0,1,4,6.913328,-10.533364,3.812433,0.116209,0.976785,6.913328,0.519595,-10.533364,3.100895,,,,
7,360,360.000000,agent_4,actor_logits,0,1,4,6.913329,-10.533364,3.812434,0.116209,0.976785,6.913329,0.519594,-10.533364,3.100894,,,,
7,360,360.000000,agent_5,actor_logits,0,1,4,6.913329,-10.533365,3.812434,0.116209,0.976785,6.913329,0.519595,-10.533365,3.100895,,,,
7,362,362.000000,agent_0,actor_logits,0,1,3,10.138752,-16.583479,8.755445,0.001537,0.999842,10.138752,1.383307,-16.583479,,,,,
7,362,362.000000,agent_1,actor_logits,0,1,3,10.138752,-16.583479,8.755445,0.001537,0.999842,10.138752,1.383307,-16.583479,,,,,
7,362,362.000000,agent_2,actor_logits,0,1,3,10.138751,-16.583479,8.755444,0.001537,0.999842,10.138751,1.383307,-16.583479,,,,,
7,362,362.000000,agent_3,actor_logits,0,1,3,10.138751,-16.583479,8.755444,0.001537,0.999842,10.138751,1.383308,-16.583479,,,,,
7,362,362.000000,agent_4,actor_logits,0,1,3,10.138751,-16.583479,8.755444,0.001537,0.999842,10.138751,1.383307,-16.583479,,,,,
7,362,362.000000,agent_5,actor_logits,0,1,3,10.138751,-16.583479,8.755444,0.001537,0.999842,10.138751,1.383307,-16.583479,,,,,
7,364,364.000000,agent_0,actor_logits,0,1,2,-6.346082,-9.590167,3.244085,0.160046,0.962460,-6.346082,-9.590167,,,,,,
7,364,364.000000,agent_1,actor_logits,0,1,2,-6.346083,-9.590167,3.244084,0.160046,0.962460,-6.346083,-9.590167,,,,,,
7,364,364.000000,agent_2,actor_logits,0,1,2,-6.346083,-9.590167,3.244084,0.160046,0.962460,-6.346083,-9.590167,,,,,,
7,364,364.000000,agent_3,actor_logits,0,1,2,-6.346083,-9.590168,3.244085,0.160046,0.962460,-6.346083,-9.590168,,,,,,
7,364,364.000000,agent_4,actor_logits,0,1,2,-6.346083,-9.590167,3.244084,0.160046,0.962460,-6.346083,-9.590167,,,,,,
7,364,364.000000,agent_5,actor_logits,0,1,2,-6.346082,-9.590167,3.244085,0.160046,0.962460,-6.346082,-9.590167,,,,,,
7,366,366.000000,agent_0,actor_logits,1,1,3,2.937214,-6.042305,7.197541,0.007386,0.999126,-4.260327,2.937214,-6.042305,,,,,
7,366,366.000000,agent_1,actor_logits,1,1,3,2.937214,-6.042305,7.197542,0.007386,0.999126,-4.260328,2.937214,-6.042305,,,,,
7,366,366.000000,agent_2,actor_logits,1,1,3,2.937214,-6.042305,7.197541,0.007386,0.999126,-4.260327,2.937214,-6.042305,,,,,
7,366,366.000000,agent_3,actor_logits,1,1,3,2.937214,-6.042306,7.197540,0.007386,0.999126,-4.260326,2.937214,-6.042306,,,,,
7,366,366.000000,agent_4,actor_logits,1,1,3,2.937214,-6.042305,7.197542,0.007386,0.999126,-4.260328,2.937214,-6.042305,,,,,
7,366,366.000000,agent_5,actor_logits,1,1,3,2.937215,-6.042306,7.197542,0.007386,0.999126,-4.260328,2.937215,-6.042306,,,,,
7,368,368.000000,agent_0,actor_logits,1,1,3,7.738688,-15.840570,11.706860,0.000105,0.999992,-15.840570,7.738688,-3.968172,,,,,
7,368,368.000000,agent_1,actor_logits,1,1,3,7.738687,-15.840571,11.706859,0.000105,0.999992,-15.840571,7.738687,-3.968172,,,,,
7,368,368.000000,agent_2,actor_logits,1,1,3,7.738687,-15.840570,11.706859,0.000105,0.999992,-15.840570,7.738687,-3.968171,,,,,
7,368,368.000000,agent_3,actor_logits,1,1,3,7.738688,-15.840570,11.706861,0.000105,0.999992,-15.840570,7.738688,-3.968173,,,,,
7,368,368.000000,agent_4,actor_logits,1,1,3,7.738688,-15.840571,11.706860,0.000105,0.999992,-15.840571,7.738688,-3.968172,,,,,
7,368,368.000000,agent_5,actor_logits,1,1,3,7.738688,-15.840571,11.706860,0.000105,0.999992,-15.840571,7.738688,-3.968171,,,,,
7,370,370.000000,agent_0,actor_logits,1,1,3,7.262914,-20.635607,7.344644,0.005388,0.999354,-20.635607,7.262914,-0.081730,,,,,
7,370,370.000000,agent_1,actor_logits,1,1,3,7.262914,-20.635607,7.344643,0.005388,0.999354,-20.635607,7.262914,-0.081730,,,,,
7,370,370.000000,agent_2,actor_logits,1,1,3,7.262914,-20.635607,7.344643,0.005388,0.999354,-20.635607,7.262914,-0.081729,,,,,
7,370,370.000000,agent_3,actor_logits,1,1,3,7.262914,-20.635605,7.344645,0.005388,0.999354,-20.635605,7.262914,-0.081730,,,,,
7,370,370.000000,agent_4,actor_logits,1,1,3,7.262914,-20.635607,7.344644,0.005388,0.999354,-20.635607,7.262914,-0.081730,,,,,
7,370,370.000000,agent_5,actor_logits,1,1,3,7.262913,-20.635607,7.344642,0.005388,0.999354,-20.635607,7.262913,-0.081729,,,,,
7,372,372.000000,agent_0,actor_logits,1,1,3,7.269520,-22.184240,4.101808,0.083158,0.983726,-22.184240,7.269520,3.167713,,,,,
7,372,372.000000,agent_1,actor_logits,1,1,3,7.269520,-22.184244,4.101807,0.083158,0.983726,-22.184244,7.269520,3.167713,,,,,
7,372,372.000000,agent_2,actor_logits,1,1,3,7.269519,-22.184242,4.101806,0.083158,0.983726,-22.184242,7.269519,3.167713,,,,,
7,372,372.000000,agent_3,actor_logits,1,1,3,7.269520,-22.184242,4.101808,0.083158,0.983726,-22.184242,7.269520,3.167713,,,,,
7,372,372.000000,agent_4,actor_logits,1,1,3,7.269520,-22.184240,4.101807,0.083158,0.983726,-22.184240,7.269520,3.167713,,,,,
7,372,372.000000,agent_5,actor_logits,1,1,3,7.269519,-22.184242,4.101806,0.083158,0.983726,-22.184242,7.269519,3.167714,,,,,
7,374,374.000000,agent_0,actor_logits,2,1,3,9.455441,-18.452814,10.036366,0.000483,0.999956,-18.452814,-0.580925,9.455441,,,,,
7,374,374.000000,agent_1,actor_logits,2,1,3,9.455441,-18.452814,10.036366,0.000483,0.999956,-18.452814,-0.580925,9.455441,,,,,
7,374,374.000000,agent_2,actor_logits,2,1,3,9.455441,-18.452814,10.036367,0.000483,0.999956,-18.452814,-0.580926,9.455441,,,,,
7,374,374.000000,agent_3,actor_logits,2,1,3,9.455441,-18.452814,10.036366,0.000483,0.999956,-18.452814,-0.580925,9.455441,,,,,
7,374,374.000000,agent_4,actor_logits,2,1,3,9.455441,-18.452814,10.036366,0.000483,0.999956,-18.452814,-0.580925,9.455441,,,,,
7,374,374.000000,agent_5,actor_logits,2,1,3,9.455441,-18.452812,10.036366,0.000483,0.999956,-18.452812,-0.580926,9.455441,,,,,
7,376,376.000000,agent_0,actor_logits,3,1,4,8.834150,-6.874563,6.328249,0.013318,0.998196,-6.874563,2.505901,-1.901335,8.834150,,,,
7,376,376.000000,agent_1,actor_logits,3,1,4,8.834150,-6.874563,6.328249,0.013318,0.998196,-6.874563,2.505901,-1.901335,8.834150,,,,
7,376,376.000000,agent_2,actor_logits,3,1,4,8.834150,-6.874563,6.328250,0.013318,0.998196,-6.874563,2.505901,-1.901334,8.834150,,,,
7,376,376.000000,agent_3,actor_logits,3,1,4,8.834150,-6.874563,6.328249,0.013318,0.998196,-6.874563,2.505901,-1.901335,8.834150,,,,
7,376,376.000000,agent_4,actor_logits,3,1,4,8.834151,-6.874563,6.328250,0.013318,0.998196,-6.874563,2.505901,-1.901335,8.834151,,,,
7,376,376.000000,agent_5,actor_logits,3,1,4,8.834150,-6.874563,6.328250,0.013318,0.998196,-6.874563,2.505900,-1.901334,8.834150,,,,
7,378,378.000000,agent_0,actor_logits,3,1,4,5.698453,-3.324697,5.296511,0.041086,0.993812,-1.116619,0.401942,-3.324697,5.698453,,,,
7,378,378.000000,agent_1,actor_logits,3,1,4,5.698453,-3.324697,5.296511,0.041086,0.993812,-1.116619,0.401942,-3.324697,5.698453,,,,
7,378,378.000000,agent_2,actor_logits,3,1,4,5.698453,-3.324697,5.296512,0.041086,0.993812,-1.116619,0.401942,-3.324697,5.698453,,,,
7,378,378.000000,agent_3,actor_logits,3,1,4,5.698453,-3.324697,5.296511,0.041086,0.993812,-1.116619,0.401943,-3.324697,5.698453,,,,
7,378,378.000000,agent_4,actor_logits,3,1,4,5.698453,-3.324696,5.296511,0.041086,0.993812,-1.116619,0.401942,-3.324696,5.698453,,,,
7,378,378.000000,agent_5,actor_logits,3,1,4,5.698454,-3.324697,5.296512,0.041086,0.993812,-1.116619,0.401942,-3.324697,5.698454,,,,
7,380,380.000000,agent_0,actor_logits,1,1,4,3.807899,-5.966308,2.624358,0.467648,0.873545,1.183541,3.807899,-5.966308,1.179826,,,,
7,380,380.000000,agent_1,actor_logits,1,1,4,3.807899,-5.966307,2.624358,0.467649,0.873545,1.183541,3.807899,-5.966307,1.179827,,,,
7,380,380.000000,agent_2,actor_logits,1,1,4,3.807898,-5.966307,2.624357,0.467649,0.873545,1.183541,3.807898,-5.966307,1.179827,,,,
7,380,380.000000,agent_3,actor_logits,1,1,4,3.807899,-5.966308,2.624357,0.467649,0.873545,1.183541,3.807899,-5.966308,1.179827,,,,
7,380,380.000000,agent_4,actor_logits,1,1,4,3.807899,-5.966307,2.624357,0.467649,0.873545,1.183541,3.807899,-5.966307,1.179826,,,,
7,380,380.000000,agent_5,actor_logits,1,1,4,3.807898,-5.966307,2.624357,0.467649,0.873545,1.183541,3.807898,-5.966307,1.179827,,,,
7,382,382.000000,agent_0,actor_logits,0,1,4,7.076458,-10.341908,4.717752,0.071069,0.988150,7.076458,2.358707,-10.341908,1.286263,,,,
7,382,382.000000,agent_1,actor_logits,0,1,4,7.076459,-10.341908,4.717752,0.071069,0.988150,7.076459,2.358706,-10.341908,1.286263,,,,
7,382,382.000000,agent_2,actor_logits,0,1,4,7.076458,-10.341908,4.717752,0.071069,0.988150,7.076458,2.358706,-10.341908,1.286263,,,,
7,382,382.000000,agent_3,actor_logits,0,1,4,7.076458,-10.341908,4.717752,0.071069,0.988150,7.076458,2.358706,-10.341908,1.286263,,,,
7,382,382.000000,agent_4,actor_logits,0,1,4,7.076459,-10.341908,4.717752,0.071069,0.988150,7.076459,2.358707,-10.341908,1.286263,,,,
7,382,382.000000,agent_5,actor_logits,0,1,4,7.076459,-10.341908,4.717753,0.071069,0.988150,7.076459,2.358706,-10.341908,1.286263,,,,
7,384,384.000000,agent_0,actor_logits,0,1,4,10.539557,-11.586422,6.752076,0.009088,0.998830,10.539557,-11.586422,-2.217046,3.787480,,,,
7,384,384.000000,agent_1,actor_logits,0,1,4,10.539557,-11.586422,6.752077,0.009088,0.998830,10.539557,-11.586422,-2.217047,3.787481,,,,
7,384,384.000000,agent_2,actor_logits,0,1,4,10.539557,-11.586422,6.752077,0.009088,0.998830,10.539557,-11.586422,-2.217046,3.787480,,,,
7,384,384.000000,agent_3,actor_logits,0,1,4,10.539557,-11.586422,6.752077,0.009088,0.998830,10.539557,-11.586422,-2.217047,3.787480,,,,
7,384,384.000000,agent_4,actor_logits,0,1,4,10.539557,-11.586422,6.752076,0.009088,0.998830,10.539557,-11.586422,-2.217046,3.787480,,,,
7,384,384.000000,agent_5,actor_logits,0,1,4,10.539557,-11.586422,6.752077,0.009088,0.998830,10.539557,-11.586422,-2.217046,3.787480,,,,
7,386,386.000000,agent_0,actor_logits,3,1,4,4.049204,-4.736596,0.521825,0.666804,0.627044,-4.736596,-2.679590,3.527379,4.049204,,,,
7,386,386.000000,agent_1,actor_logits,3,1,4,4.049204,-4.736597,0.521825,0.666804,0.627044,-4.736597,-2.679590,3.527379,4.049204,,,,
7,386,386.000000,agent_2,actor_logits,3,1,4,4.049205,-4.736596,0.521826,0.666804,0.627044,-4.736596,-2.679590,3.527379,4.049205,,,,
7,386,386.000000,agent_3,actor_logits,3,1,4,4.049204,-4.736597,0.521825,0.666804,0.627043,-4.736597,-2.679589,3.527379,4.049204,,,,
7,386,386.000000,agent_4,actor_logits,3,1,4,4.049204,-4.736596,0.521825,0.666804,0.627044,-4.736596,-2.679590,3.527379,4.049204,,,,
7,386,386.000000,agent_5,actor_logits,3,1,4,4.049204,-4.736596,0.521824,0.666804,0.627043,-4.736596,-2.679590,3.527380,4.049204,,,,
7,388,388.000000,agent_0,actor_logits,0,1,4,7.560338,-7.455149,5.132248,0.036521,0.994085,7.560338,-2.405314,-7.455149,2.428089,,,,
7,388,388.000000,agent_1,actor_logits,0,1,4,7.560338,-7.455149,5.132248,0.036521,0.994085,7.560338,-2.405314,-7.455149,2.428090,,,,
7,388,388.000000,agent_2,actor_logits,0,1,4,7.560338,-7.455149,5.132247,0.036521,0.994085,7.560338,-2.405314,-7.455149,2.428090,,,,
7,388,388.000000,agent_3,actor_logits,0,1,4,7.560337,-7.455149,5.132247,0.036521,0.994085,7.560337,-2.405314,-7.455149,2.428090,,,,
7,388,388.000000,agent_4,actor_logits,0,1,4,7.560338,-7.455149,5.132247,0.036521,0.994085,7.560338,-2.405315,-7.455149,2.428090,,,,
7,388,388.000000,agent_5,actor_logits,0,1,4,7.560338,-7.455149,5.132249,0.036521,0.994085,7.560338,-2.405315,-7.455149,2.428090,,,,
7,390,390.000000,agent_0,actor_logits,2,1,4,2.661294,-2.857750,1.789434,0.488326,0.844435,-1.669356,-2.857750,2.661294,0.871860,,,,
7,390,390.000000,agent_1,actor_logits,2,1,4,2.661294,-2.857750,1.789433,0.488326,0.844435,-1.669356,-2.857750,2.661294,0.871860,,,,
7,390,390.000000,agent_2,actor_logits,2,1,4,2.661294,-2.857751,1.789434,0.488326,0.844435,-1.669356,-2.857751,2.661294,0.871860,,,,
7,390,390.000000,agent_3,actor_logits,2,1,4,2.661293,-2.857750,1.789433,0.488326,0.844435,-1.669355,-2.857750,2.661293,0.871861,,,,
7,390,390.000000,agent_4,actor_logits,2,1,4,2.661294,-2.857751,1.789433,0.488326,0.844435,-1.669356,-2.857751,2.661294,0.871861,,,,
7,390,390.000000,agent_5,actor_logits,2,1,4,2.661295,-2.857751,1.789435,0.488326,0.844435,-1.669356,-2.857751,2.661295,0.871860,,,,
7,392,392.000000,agent_0,actor_logits,0,1,4,13.444401,-10.843525,13.133743,0.000029,0.999998,13.444401,-10.843525,-3.188542,0.310658,,,,
7,392,392.000000,agent_1,actor_logits,0,1,4,13.444401,-10.843525,13.133743,0.000029,0.999998,13.444401,-10.843525,-3.188543,0.310657,,,,
7,392,392.000000,agent_2,actor_logits,0,1,4,13.444401,-10.843523,13.133743,0.000029,0.999998,13.444401,-10.843523,-3.188542,0.310657,,,,
7,392,392.000000,agent_3,actor_logits,0,1,4,13.444401,-10.843525,13.133743,0.000029,0.999998,13.444401,-10.843525,-3.188543,0.310657,,,,
7,392,392.000000,agent_4,actor_logits,0,1,4,13.444399,-10.843524,13.133741,0.000029,0.999998,13.444399,-10.843524,-3.188542,0.310658,,,,
7,392,392.000000,agent_5,actor_logits,0,1,4,13.444401,-10.843525,13.133743,0.000029,0.999998,13.444401,-10.843525,-3.188542,0.310658,,,,
7,394,394.000000,agent_0,actor_logits,1,1,3,9.082466,-7.437289,15.714726,0.000004,1.000000,-7.437289,9.082466,-6.632260,,,,,
7,394,394.000000,agent_1,actor_logits,1,1,3,9.082466,-7.437289,15.714726,0.000004,1.000000,-7.437289,9.082466,-6.632260,,,,,
7,394,394.000000,agent_2,actor_logits,1,1,3,9.082466,-7.437289,15.714725,0.000004,1.000000,-7.437289,9.082466,-6.632260,,,,,
7,394,394.000000,agent_3,actor_logits,1,1,3,9.082465,-7.437289,15.714725,0.000004,1.000000,-7.437289,9.082465,-6.632260,,,,,
7,394,394.000000,agent_4,actor_logits,1,1,3,9.082467,-7.437290,15.714727,0.000004,1.000000,-7.437290,9.082467,-6.632260,,,,,
7,394,394.000000,agent_5,actor_logits,1,1,3,9.082466,-7.437289,15.714725,0.000004,1.000000,-7.437289,9.082466,-6.632259,,,,,
7,396,396.000000,agent_0,actor_logits,1,1,3,10.826258,-13.363622,17.410025,0.000000,1.000000,-13.363622,10.826258,-6.583766,,,,,
7,396,396.000000,agent_1,actor_logits,1,1,3,10.826259,-13.363622,17.410025,0.000000,1.000000,-13.363622,10.826259,-6.583766,,,,,
7,396,396.000000,agent_2,actor_logits,1,1,3,10.826259,-13.363622,17.410025,0.000000,1.000000,-13.363622,10.826259,-6.583766,,,,,
7,396,396.000000,agent_3,actor_logits,1,1,3,10.826258,-13.363622,17.410023,0.000000,1.000000,-13.363622,10.826258,-6.583766,,,,,
7,396,396.000000,agent_4,actor_logits,1,1,3,10.826259,-13.363623,17.410025,0.000000,1.000000,-13.363623,10.826259,-6.583766,,,,,
7,396,396.000000,agent_5,actor_logits,1,1,3,10.826259,-13.363622,17.410025,0.000000,1.000000,-13.363622,10.826259,-6.583766,,,,,
7,398,398.000000,agent_0,actor_logits,2,1,4,7.412296,-4.538865,9.163799,0.001564,0.999852,-2.788464,-4.538865,7.412296,-1.751503,,,,
7,398,398.000000,agent_1,actor_logits,2,1,4,7.412296,-4.538866,9.163800,0.001564,0.999852,-2.788464,-4.538866,7.412296,-1.751504,,,,
7,398,398.000000,agent_2,actor_logits,2,1,4,7.412296,-4.538866,9.163799,0.001564,0.999852,-2.788464,-4.538866,7.412296,-1.751504,,,,
7,398,398.000000,agent_3,actor_logits,2,1,4,7.412296,-4.538865,9.163800,0.001564,0.999852,-2.788464,-4.538865,7.412296,-1.751504,,,,
7,398,398.000000,agent_4,actor_logits,2,1,4,7.412296,-4.538865,9.163800,0.001564,0.999852,-2.788464,-4.538865,7.412296,-1.751504,,,,
7,398,398.000000,agent_5,actor_logits,2,1,4,7.412296,-4.538865,9.163800,0.001564,0.999852,-2.788464,-4.538865,7.412296,-1.751504,,,,
7,400,400.000000,agent_0,actor_logits,1,1,4,5.124635,-9.313542,1.437546,0.490158,0.807977,-3.686232,5.124635,3.687089,-9.313542,,,,
7,400,400.000000,agent_1,actor_logits,1,1,4,5.124635,-9.313542,1.437546,0.490158,0.807977,-3.686233,5.124635,3.687089,-9.313542,,,,
7,400,400.000000,agent_2,actor_logits,1,1,4,5.124635,-9.313542,1.437546,0.490158,0.807977,-3.686232,5.124635,3.687089,-9.313542,,,,
7,400,400.000000,agent_3,actor_logits,1,1,4,5.124636,-9.313543,1.437547,0.490158,0.807977,-3.686232,5.124636,3.687088,-9.313543,,,,
7,400,400.000000,agent_4,actor_logits,1,1,4,5.124637,-9.313543,1.437549,0.490158,0.807977,-3.686232,5.124637,3.687088,-9.313543,,,,
7,400,400.000000,agent_5,actor_logits,1,1,4,5.124635,-9.313543,1.437547,0.490158,0.807977,-3.686232,5.124635,3.687088,-9.313543,,,,
7,402,402.000000,agent_0,actor_logits,0,1,4,9.145432,-6.432041,6.632211,0.010065,0.998683,9.145432,-4.302120,-6.432041,2.513221,,,,
7,402,402.000000,agent_1,actor_logits,0,1,4,9.145432,-6.432041,6.632211,0.010065,0.998683,9.145432,-4.302120,-6.432041,2.513221,,,,
7,402,402.000000,agent_2,actor_logits,0,1,4,9.145432,-6.432041,6.632211,0.010065,0.998683,9.145432,-4.302120,-6.432041,2.513221,,,,
7,402,402.000000,agent_3,actor_logits,0,1,4,9.145432,-6.432040,6.632211,0.010065,0.998683,9.145432,-4.302120,-6.432040,2.513221,,,,
7,402,402.000000,agent_4,actor_logits,0,1,4,9.145432,-6.432041,6.632211,0.010065,0.998683,9.145432,-4.302119,-6.432041,2.513221,,,,
7,402,402.000000,agent_5,actor_logits,0,1,4,9.145432,-6.432041,6.632211,0.010065,0.998683,9.145432,-4.302120,-6.432041,2.513220,,,,
7,404,404.000000,agent_0,actor_logits,0,1,4,10.489532,-10.457411,8.073728,0.002882,0.999684,10.489532,-10.457411,-1.913503,2.415804,,,,
7,404,404.000000,agent_1,actor_logits,0,1,4,10.489532,-10.457411,8.073729,0.002882,0.999684,10.489532,-10.457411,-1.913502,2.415804,,,,
7,404,404.000000,agent_2,actor_logits,0,1,4,10.489532,-10.457411,8.073729,0.002882,0.999684,10.489532,-10.457411,-1.913503,2.415804,,,,
7,404,404.000000,agent_3,actor_logits,0,1,4,10.489532,-10.457411,8.073729,0.002882,0.999684,10.489532,-10.457411,-1.913502,2.415804,,,,
7,404,404.000000,agent_4,actor_logits,0,1,4,10.489532,-10.457411,8.073729,0.002882,0.999684,10.489532,-10.457411,-1.913503,2.415804,,,,
7,404,404.000000,agent_5,actor_logits,0,1,4,10.489532,-10.457411,8.073729,0.002882,0.999684,10.489532,-10.457411,-1.913503,2.415804,,,,
7,406,406.000000,agent_0,actor_logits,0,1,3,1.272117,-6.985832,0.355293,0.679002,0.587811,1.272117,0.916824,-6.985832,,,,,
7,406,406.000000,agent_1,actor_logits,0,1,3,1.272118,-6.985832,0.355294,0.679002,0.587811,1.272118,0.916824,-6.985832,,,,,
7,406,406.000000,agent_2,actor_logits,0,1,3,1.272118,-6.985832,0.355294,0.679002,0.587811,1.272118,0.916824,-6.985832,,,,,
7,406,406.000000,agent_3,actor_logits,0,1,3,1.272118,-6.985832,0.355294,0.679002,0.587811,1.272118,0.916823,-6.985832,,,,,
7,406,406.000000,agent_4,actor_logits,0,1,3,1.272118,-6.985832,0.355294,0.679002,0.587811,1.272118,0.916824,-6.985832,,,,,
7,406,406.000000,agent_5,actor_logits,0,1,3,1.272118,-6.985832,0.355294,0.679002,0.587811,1.272118,0.916824,-6.985832,,,,,
7,408,408.000000,agent_0,actor_logits,0,1,3,5.622556,-6.270394,9.215221,0.001105,0.999894,5.622556,-3.592666,-6.270394,,,,,
7,408,408.000000,agent_1,actor_logits,0,1,3,5.622555,-6.270393,9.215220,0.001105,0.999894,5.622555,-3.592665,-6.270393,,,,,
7,408,408.000000,agent_2,actor_logits,0,1,3,5.622555,-6.270393,9.215221,0.001105,0.999894,5.622555,-3.592666,-6.270393,,,,,
7,408,408.000000,agent_3,actor_logits,0,1,3,5.622556,-6.270393,9.215221,0.001105,0.999894,5.622556,-3.592666,-6.270393,,,,,
7,408,408.000000,agent_4,actor_logits,0,1,3,5.622556,-6.270393,9.215222,0.001105,0.999894,5.622556,-3.592666,-6.270393,,,,,
7,408,408.000000,agent_5,actor_logits,0,1,3,5.622555,-6.270393,9.215221,0.001105,0.999894,5.622555,-3.592666,-6.270393,,,,,
7,410,410.000000,agent_0,actor_logits,0,1,3,3.339480,-4.004940,5.756824,0.026657,0.996207,3.339480,-4.004940,-2.417344,,,,,
7,410,410.000000,agent_1,actor_logits,0,1,3,3.339480,-4.004940,5.756824,0.026657,0.996207,3.339480,-4.004940,-2.417344,,,,,
7,410,410.000000,agent_2,actor_logits,0,1,3,3.339479,-4.004941,5.756824,0.026657,0.996207,3.339479,-4.004941,-2.417344,,,,,
7,410,410.000000,agent_3,actor_logits,0,1,3,3.339480,-4.004940,5.756824,0.026657,0.996207,3.339480,-4.004940,-2.417344,,,,,
7,410,410.000000,agent_4,actor_logits,0,1,3,3.339480,-4.004941,5.756824,0.026657,0.996207,3.339480,-4.004941,-2.417344,,,,,
7,410,410.000000,agent_5,actor_logits,0,1,3,3.339479,-4.004941,5.756824,0.026657,0.996207,3.339479,-4.004941,-2.417344,,,,,
7,412,412.000000,agent_0,actor_logits,1,1,3,2.268236,-7.121553,2.341107,0.298136,0.912155,-0.072871,2.268236,-7.121553,,,,,
7,412,412.000000,agent_1,actor_logits,1,1,3,2.268237,-7.121554,2.341107,0.298136,0.912155,-0.072870,2.268237,-7.121554,,,,,
7,412,412.000000,agent_2,actor_logits,1,1,3,2.268237,-7.121554,2.341108,0.298136,0.912155,-0.072872,2.268237,-7.121554,,,,,
7,412,412.000000,agent_3,actor_logits,1,1,3,2.268237,-7.121554,2.341108,0.298136,0.912155,-0.072871,2.268237,-7.121554,,,,,
7,412,412.000000,agent_4,actor_logits,1,1,3,2.268237,-7.121554,2.341107,0.298136,0.912155,-0.072870,2.268237,-7.121554,,,,,
7,412,412.000000,agent_5,actor_logits,1,1,3,2.268237,-7.121553,2.341109,0.298136,0.912155,-0.072872,2.268237,-7.121553,,,,,
7,414,414.000000,agent_0,actor_logits,2,1,3,-0.364147,-3.571738,0.970983,0.700613,0.704640,-3.571738,-1.335129,-0.364147,,,,,
7,414,414.000000,agent_1,actor_logits,2,1,3,-0.364146,-3.571739,0.970983,0.700613,0.704640,-3.571739,-1.335129,-0.364146,,,,,
7,414,414.000000,agent_2,actor_logits,2,1,3,-0.364147,-3.571739,0.970982,0.700614,0.704640,-3.571739,-1.335129,-0.364147,,,,,
7,414,414.000000,agent_3,actor_logits,2,1,3,-0.364147,-3.571739,0.970982,0.700613,0.704640,-3.571739,-1.335128,-0.364147,,,,,
7,414,414.000000,agent_4,actor_logits,2,1,3,-0.364147,-3.571738,0.970982,0.700614,0.704640,-3.571738,-1.335129,-0.364147,,,,,
7,414,414.000000,agent_5,actor_logits,2,1,3,-0.364147,-3.571739,0.970982,0.700613,0.704640,-3.571739,-1.335129,-0.364147,,,,,
7,416,416.000000,agent_0,actor_logits,3,1,4,3.662488,-6.131490,2.332704,0.556394,0.837684,-6.131490,1.326126,1.329784,3.662488,,,,
7,416,416.000000,agent_1,actor_logits,3,1,4,3.662489,-6.131491,2.332704,0.556394,0.837684,-6.131491,1.326125,1.329785,3.662489,,,,
7,416,416.000000,agent_2,actor_logits,3,1,4,3.662489,-6.131492,2.332704,0.556394,0.837684,-6.131492,1.326125,1.329786,3.662489,,,,
7,416,416.000000,agent_3,actor_logits,3,1,4,3.662490,-6.131491,2.332705,0.556394,0.837684,-6.131491,1.326125,1.329785,3.662490,,,,
7,416,416.000000,agent_4,actor_logits,3,1,4,3.662488,-6.131491,2.332704,0.556394,0.837684,-6.131491,1.326126,1.329785,3.662488,,,,
7,416,416.000000,agent_5,actor_logits,3,1,4,3.662489,-6.131491,2.332703,0.556394,0.837684,-6.131491,1.326125,1.329786,3.662489,,,,
7,418,418.000000,agent_0,actor_logits,0,1,4,5.849986,-6.971155,2.069605,0.355635,0.887390,5.849986,-6.971155,-1.471358,3.780381,,,,
7,418,418.000000,agent_1,actor_logits,0,1,4,5.849985,-6.971156,2.069604,0.355635,0.887390,5.849985,-6.971156,-1.471357,3.780381,,,,
7,418,418.000000,agent_2,actor_logits,0,1,4,5.849985,-6.971156,2.069602,0.355636,0.887390,5.849985,-6.971156,-1.471357,3.780383,,,,
7,418,418.000000,agent_3,actor_logits,0,1,4,5.849985,-6.971156,2.069603,0.355635,0.887390,5.849985,-6.971156,-1.471357,3.780382,,,,
7,418,418.000000,agent_4,actor_logits,0,1,4,5.849986,-6.971156,2.069604,0.355635,0.887390,5.849986,-6.971156,-1.471358,3.780382,,,,
7,418,418.000000,agent_5,actor_logits,0,1,4,5.849985,-6.971156,2.069602,0.355635,0.887390,5.849985,-6.971156,-1.471357,3.780382,,,,
7,420,420.000000,agent_0,actor_logits,2,1,4,3.489856,-5.484313,2.516996,0.401215,0.895194,-5.484313,0.172492,3.489856,0.972860,,,,
7,420,420.000000,agent_1,actor_logits,2,1,4,3.489857,-5.484313,2.516998,0.401215,0.895194,-5.484313,0.172492,3.489857,0.972859,,,,
7,420,420.000000,agent_2,actor_logits,2,1,4,3.489858,-5.484313,2.516999,0.401215,0.895194,-5.484313,0.172491,3.489858,0.972859,,,,
7,420,420.000000,agent_3,actor_logits,2,1,4,3.489856,-5.484313,2.516998,0.401215,0.895194,-5.484313,0.172492,3.489856,0.972859,,,,
7,420,420.000000,agent_4,actor_logits,2,1,4,3.489856,-5.484312,2.516996,0.401215,0.895194,-5.484312,0.172493,3.489856,0.972860,,,,
7,420,420.000000,agent_5,actor_logits,2,1,4,3.489857,-5.484313,2.516998,0.401215,0.895194,-5.484313,0.172492,3.489857,0.972859,,,,
7,422,422.000000,agent_0,actor_logits,0,1,4,6.358044,-9.860520,3.402466,0.162602,0.964838,6.358044,-9.860520,0.598336,2.955579,,,,
7,422,422.000000,agent_1,actor_logits,0,1,4,6.358043,-9.860519,3.402465,0.162602,0.964838,6.358043,-9.860519,0.598336,2.955578,,,,
7,422,422.000000,agent_2,actor_logits,0,1,4,6.358043,-9.860519,3.402466,0.162602,0.964838,6.358043,-9.860519,0.598337,2.955577,,,,
7,422,422.000000,agent_3,actor_logits,0,1,4,6.358044,-9.860519,3.402466,0.162602,0.964838,6.358044,-9.860519,0.598336,2.955578,,,,
7,422,422.000000,agent_4,actor_logits,0,1,4,6.358045,-9.860519,3.402466,0.162602,0.964838,6.358045,-9.860519,0.598336,2.955579,,,,
7,422,422.000000,agent_5,actor_logits,0,1,4,6.358044,-9.860519,3.402466,0.162602,0.964838,6.358044,-9.860519,0.598336,2.955578,,,,
7,424,424.000000,agent_0,actor_logits,1,1,3,6.020148,-6.995150,12.096533,0.000104,0.999992,-6.995150,6.020148,-6.076384,,,,,
7,424,424.000000,agent_1,actor_logits,1,1,3,6.020149,-6.995150,12.096532,0.000104,0.999992,-6.995150,6.020149,-6.076383,,,,,
7,424,424.000000,agent_2,actor_logits,1,1,3,6.020148,-6.995150,12.096533,0.000104,0.999992,-6.995150,6.020148,-6.076384,,,,,
7,424,424.000000,agent_3,actor_logits,1,1,3,6.020149,-6.995149,12.096533,0.000104,0.999992,-6.995149,6.020149,-6.076384,,,,,
7,424,424.000000,agent_4,actor_logits,1,1,3,6.020149,-6.995150,12.096534,0.000104,0.999992,-6.995150,6.020149,-6.076385,,,,,
7,424,424.000000,agent_5,actor_logits,1,1,3,6.020149,-6.995149,12.096533,0.000104,0.999992,-6.995149,6.020149,-6.076384,,,,,
7,426,426.000000,agent_0,actor_logits,1,1,3,9.264711,-13.574733,14.426214,0.000008,0.999999,-13.574733,9.264711,-5.161503,,,,,
7,426,426.000000,agent_1,actor_logits,1,1,3,9.264711,-13.574733,14.426214,0.000008,0.999999,-13.574733,9.264711,-5.161502,,,,,
7,426,426.000000,agent_2,actor_logits,1,1,3,9.264712,-13.574734,14.426216,0.000008,0.999999,-13.574734,9.264712,-5.161503,,,,,
7,426,426.000000,agent_3,actor_logits,1,1,3,9.264710,-13.574731,14.426212,0.000008,0.999999,-13.574731,9.264710,-5.161502,,,,,
7,426,426.000000,agent_4,actor_logits,1,1,3,9.264711,-13.574733,14.426214,0.000008,0.999999,-13.574733,9.264711,-5.161503,,,,,
7,426,426.000000,agent_5,actor_logits,1,1,3,9.264711,-13.574733,14.426214,0.000008,0.999999,-13.574733,9.264711,-5.161502,,,,,
7,428,428.000000,agent_0,actor_logits,1,1,3,9.078728,-17.195107,11.206780,0.000166,0.999986,-17.195107,9.078728,-2.128052,,,,,
7,428,428.000000,agent_1,actor_logits,1,1,3,9.078728,-17.195107,11.206780,0.000166,0.999986,-17.195107,9.078728,-2.128052,,,,,
7,428,428.000000,agent_2,actor_logits,1,1,3,9.078729,-17.195105,11.206781,0.000166,0.999986,-17.195105,9.078729,-2.128053,,,,,
7,428,428.000000,agent_3,actor_logits,1,1,3,9.078728,-17.195107,11.206779,0.000166,0.999986,-17.195107,9.078728,-2.128052,,,,,
7,428,428.000000,agent_4,actor_logits,1,1,3,9.078728,-17.195105,11.206779,0.000166,0.999986,-17.195105,9.078728,-2.128052,,,,,
7,428,428.000000,agent_5,actor_logits,1,1,3,9.078729,-17.195107,11.206781,0.000166,0.999986,-17.195107,9.078729,-2.128053,,,,,
7,430,430.000000,agent_0,actor_logits,2,1,4,7.760660,-6.531042,4.417756,0.064709,0.988077,-4.504454,-6.531042,7.760660,3.342904,,,,
7,430,430.000000,agent_1,actor_logits,2,1,4,7.760661,-6.531043,4.417757,0.064709,0.988077,-4.504454,-6.531043,7.760661,3.342904,,,,
7,430,430.000000,agent_2,actor_logits,2,1,4,7.760660,-6.531042,4.417756,0.064709,0.988077,-4.504454,-6.531042,7.760660,3.342904,,,,
7,430,430.000000,agent_3,actor_logits,2,1,4,7.760661,-6.531043,4.417758,0.064709,0.988077,-4.504455,-6.531043,7.760661,3.342904,,,,
7,430,430.000000,agent_4,actor_logits,2,1,4,7.760660,-6.531042,4.417756,0.064709,0.988077,-4.504455,-6.531042,7.760660,3.342904,,,,
7,430,430.000000,agent_5,actor_logits,2,1,4,7.760660,-6.531042,4.417755,0.064709,0.988077,-4.504454,-6.531042,7.760660,3.342904,,,,
7,432,432.000000,agent_0,actor_logits,2,1,4,6.470054,-6.602608,4.826760,0.046883,0.992003,-6.602608,1.643294,6.470054,-3.501234,,,,
7,432,432.000000,agent_1,actor_logits,2,1,4,6.470055,-6.602609,4.826761,0.046883,0.992003,-6.602609,1.643294,6.470055,-3.501234,,,,
7,432,432.000000,agent_2,actor_logits,2,1,4,6.470055,-6.602609,4.826761,0.046883,0.992003,-6.602609,1.643294,6.470055,-3.501234,,,,
7,432,432.000000,agent_3,actor_logits,2,1,4,6.470056,-6.602609,4.826763,0.046883,0.992003,-6.602609,1.643293,6.470056,-3.501234,,,,
7,432,432.000000,agent_4,actor_logits,2,1,4,6.470055,-6.602609,4.826761,0.046883,0.992003,-6.602609,1.643294,6.470055,-3.501234,,,,
7,432,432.000000,agent_5,actor_logits,2,1,4,6.470054,-6.602609,4.826760,0.046883,0.992003,-6.602609,1.643294,6.470054,-3.501234,,,,
7,434,434.000000,agent_0,actor_logits,2,1,4,3.794095,-9.516473,2.458835,0.380303,0.899666,0.143927,1.335259,3.794095,-9.516473,,,,
7,434,434.000000,agent_1,actor_logits,2,1,4,3.794095,-9.516473,2.458836,0.380303,0.899667,0.143927,1.335259,3.794095,-9.516473,,,,
7,434,434.000000,agent_2,actor_logits,2,1,4,3.794095,-9.516473,2.458836,0.380303,0.899667,0.143927,1.335259,3.794095,-9.516473,,,,
7,434,434.000000,agent_3,actor_logits,2,1,4,3.794096,-9.516473,2.458838,0.380303,0.899667,0.143927,1.335258,3.794096,-9.516473,,,,
7,434,434.000000,agent_4,actor_logits,2,1,4,3.794095,-9.516473,2.458835,0.380303,0.899667,0.143927,1.335260,3.794095,-9.516473,,,,
7,434,434.000000,agent_5,actor_logits,2,1,4,3.794094,-9.516473,2.458835,0.380304,0.899666,0.143928,1.335259,3.794094,-9.516473,,,,
7,436,436.000000,agent_0,actor_logits,0,1,4,3.042723,-12.978694,0.399507,1.011260,0.499207,3.042723,2.643216,1.941691,-12.978694,,,,
7,436,436.000000,agent_1,actor_logits,0,1,4,3.042724,-12.978693,0.399508,1.011260,0.499207,3.042724,2.643216,1.941691,-12.978693,,,,
7,436,436.000000,agent_2,actor_logits,0,1,4,3.042724,-12.978694,0.399508,1.011260,0.499207,3.042724,2.643216,1.941691,-12.978694,,,,
7,436,436.000000,agent_3,actor_logits,0,1,4,3.042724,-12.978694,0.399508,1.011260,0.499207,3.042724,2.643216,1.941692,-12.978694,,,,
7,436,436.000000,agent_4,actor_logits,0,1,4,3.042724,-12.978693,0.399508,1.011260,0.499207,3.042724,2.643216,1.941691,-12.978693,,,,
7,436,436.000000,agent_5,actor_logits,0,1,4,3.042724,-12.978693,0.399508,1.011259,0.499207,3.042724,2.643216,1.941691,-12.978693,,,,
7,438,438.000000,agent_0,actor_logits,1,1,4,9.886553,-10.745996,10.333168,0.000396,0.999966,-0.446615,9.886553,-3.256636,-10.745996,,,,
7,438,438.000000,agent_1,actor_logits,1,1,4,9.886553,-10.745996,10.333167,0.000396,0.999966,-0.446615,9.886553,-3.256636,-10.745996,,,,
7,438,438.000000,agent_2,actor_logits,1,1,4,9.886553,-10.745996,10.333166,0.000396,0.999966,-0.446614,9.886553,-3.256636,-10.745996,,,,
7,438,438.000000,agent_3,actor_logits,1,1,4,9.886553,-10.745997,10.333166,0.000396,0.999966,-0.446613,9.886553,-3.256637,-10.745997,,,,
7,438,438.000000,agent_4,actor_logits,1,1,4,9.886553,-10.745996,10.333167,0.000396,0.999966,-0.446614,9.886553,-3.256636,-10.745996,,,,
7,438,438.000000,agent_5,actor_logits,1,1,4,9.886553,-10.745996,10.333167,0.000396,0.999966,-0.446614,9.886553,-3.256636,-10.745996,,,,
7,440,440.000000,agent_0,actor_logits,0,1,4,8.238143,-16.875566,1.562731,0.516854,0.817575,8.238143,6.675412,-16.875566,3.937947,,,,
7,440,440.000000,agent_1,actor_logits,0,1,4,8.238142,-16.875566,1.562731,0.516855,0.817575,8.238142,6.675411,-16.875566,3.937947,,,,
7,440,440.000000,agent_2,actor_logits,0,1,4,8.238143,-16.875566,1.562731,0.516854,0.817575,8.238143,6.675412,-16.875566,3.937948,,,,
7,440,440.000000,agent_3,actor_logits,0,1,4,8.238145,-16.875568,1.562734,0.516854,0.817576,8.238145,6.675411,-16.875568,3.937947,,,,
7,440,440.000000,agent_4,actor_logits,0,1,4,8.238143,-16.875566,1.562732,0.516854,0.817575,8.238143,6.675411,-16.875566,3.937947,,,,
7,440,440.000000,agent_5,actor_logits,0,1,4,8.238144,-16.875566,1.562733,0.516854,0.817576,8.238144,6.675411,-16.875566,3.937947,,,,
7,442,442.000000,agent_0,actor_logits,3,1,4,6.390213,-6.243073,2.182464,0.328663,0.898608,-3.239727,4.207749,-6.243073,6.390213,,,,
7,442,442.000000,agent_1,actor_logits,3,1,4,6.390213,-6.243072,2.182464,0.328663,0.898608,-3.239727,4.207749,-6.243072,6.390213,,,,
7,442,442.000000,agent_2,actor_logits,3,1,4,6.390213,-6.243072,2.182464,0.328663,0.898608,-3.239726,4.207749,-6.243072,6.390213,,,,
7,442,442.000000,agent_3,actor_logits,3,1,4,6.390213,-6.243072,2.182464,0.328663,0.898608,-3.239725,4.207749,-6.243072,6.390213,,,,
7,442,442.000000,agent_4,actor_logits,3,1,4,6.390213,-6.243072,2.182464,0.328663,0.898608,-3.239726,4.207749,-6.243072,6.390213,,,,
7,442,442.000000,agent_5,actor_logits,3,1,4,6.390213,-6.243072,2.182464,0.328663,0.898608,-3.239726,4.207749,-6.243072,6.390213,,,,
7,444,444.000000,agent_0,actor_logits,1,1,4,11.839886,-15.827065,6.630095,0.010216,0.998669,0.570095,11.839886,-15.827065,5.209790,,,,
7,444,444.000000,agent_1,actor_logits,1,1,4,11.839886,-15.827065,6.630095,0.010216,0.998669,0.570095,11.839886,-15.827065,5.209791,,,,
7,444,444.000000,agent_2,actor_logits,1,1,4,11.839886,-15.827065,6.630095,0.010216,0.998669,0.570095,11.839886,-15.827065,5.209791,,,,
7,444,444.000000,agent_3,actor_logits,1,1,4,11.839885,-15.827065,6.630094,0.010216,0.998669,0.570097,11.839885,-15.827065,5.209791,,,,
7,444,444.000000,agent_4,actor_logits,1,1,4,11.839886,-15.827065,6.630095,0.010216,0.998669,0.570096,11.839886,-15.827065,5.209791,,,,
7,444,444.000000,agent_5,actor_logits,1,1,4,11.839886,-15.827065,6.630095,0.010216,0.998669,0.570097,11.839886,-15.827065,5.209791,,,,
7,446,446.000000,agent_0,actor_logits,1,1,4,15.925134,-19.694796,11.210161,0.000171,0.999986,1.030151,15.925134,-19.694796,4.714972,,,,
7,446,446.000000,agent_1,actor_logits,1,1,4,15.925135,-19.694796,11.210162,0.000171,0.999986,1.030151,15.925135,-19.694796,4.714972,,,,
7,446,446.000000,agent_2,actor_logits,1,1,4,15.925134,-19.694796,11.210161,0.000171,0.999986,1.030151,15.925134,-19.694796,4.714973,,,,
7,446,446.000000,agent_3,actor_logits,1,1,4,15.925133,-19.694796,11.210161,0.000171,0.999986,1.030152,15.925133,-19.694796,4.714972,,,,
7,446,446.000000,agent_4,actor_logits,1,1,4,15.925134,-19.694796,11.210161,0.000171,0.999986,1.030151,15.925134,-19.694796,4.714973,,,,
7,446,446.000000,agent_5,actor_logits,1,1,4,15.925134,-19.694796,11.210161,0.000171,0.999986,1.030152,15.925134,-19.694796,4.714972,,,,
7,448,448.000000,agent_0,actor_logits,3,1,4,9.000965,-8.349563,7.279409,0.006529,0.999232,-0.447071,1.721556,-8.349563,9.000965,,,,
7,448,448.000000,agent_1,actor_logits,3,1,4,9.000965,-8.349563,7.279409,0.006529,0.999232,-0.447072,1.721556,-8.349563,9.000965,,,,
7,448,448.000000,agent_2,actor_logits,3,1,4,9.000965,-8.349563,7.279409,0.006529,0.999232,-0.447072,1.721556,-8.349563,9.000965,,,,
7,448,448.000000,agent_3,actor_logits,3,1,4,9.000964,-8.349562,7.279409,0.006529,0.999232,-0.447071,1.721555,-8.349562,9.000964,,,,
7,448,448.000000,agent_4,actor_logits,3,1,4,9.000964,-8.349563,7.279408,0.006529,0.999232,-0.447071,1.721555,-8.349563,9.000964,,,,
7,448,448.000000,agent_5,actor_logits,3,1,4,9.000965,-8.349563,7.279410,0.006529,0.999232,-0.447071,1.721555,-8.349563,9.000965,,,,
7,450,450.000000,agent_0,actor_logits,1,1,4,13.409799,-7.311852,16.078054,0.000002,1.000000,-5.473111,13.409799,-7.311852,-2.668256,,,,
7,450,450.000000,agent_1,actor_logits,1,1,4,13.409799,-7.311851,16.078054,0.000002,1.000000,-5.473112,13.409799,-7.311851,-2.668256,,,,
7,450,450.000000,agent_2,actor_logits,1,1,4,13.409800,-7.311852,16.078056,0.000002,1.000000,-5.473111,13.409800,-7.311852,-2.668256,,,,
7,450,450.000000,agent_3,actor_logits,1,1,4,13.409798,-7.311852,16.078054,0.000002,1.000000,-5.473110,13.409798,-7.311852,-2.668257,,,,
7,450,450.000000,agent_4,actor_logits,1,1,4,13.409798,-7.311851,16.078054,0.000002,1.000000,-5.473110,13.409798,-7.311851,-2.668256,,,,
7,450,450.000000,agent_5,actor_logits,1,1,4,13.409798,-7.311852,16.078053,0.000002,1.000000,-5.473110,13.409798,-7.311852,-2.668256,,,,
7,452,452.000000,agent_0,actor_logits,0,1,4,9.584477,-10.393564,5.686257,0.022676,0.996614,9.584477,-10.393564,-2.618588,3.898221,,,,
7,452,452.000000,agent_1,actor_logits,0,1,4,9.584478,-10.393564,5.686257,0.022676,0.996614,9.584478,-10.393564,-2.618588,3.898221,,,,
7,452,452.000000,agent_2,actor_logits,0,1,4,9.584477,-10.393564,5.686256,0.022677,0.996614,9.584477,-10.393564,-2.618588,3.898221,,,,
7,452,452.000000,agent_3,actor_logits,0,1,4,9.584478,-10.393564,5.686258,0.022676,0.996614,9.584478,-10.393564,-2.618588,3.898221,,,,
7,452,452.000000,agent_4,actor_logits,0,1,4,9.584478,-10.393565,5.686258,0.022676,0.996614,9.584478,-10.393565,-2.618588,3.898220,,,,
7,452,452.000000,agent_5,actor_logits,0,1,4,9.584477,-10.393564,5.686257,0.022676,0.996614,9.584477,-10.393564,-2.618588,3.898220,,,,
7,454,454.000000,agent_0,actor_logits,3,1,4,7.887229,-2.451348,9.362355,0.001896,0.999822,-1.840565,-1.475126,-2.451348,7.887229,,,,
7,454,454.000000,agent_1,actor_logits,3,1,4,7.887229,-2.451348,9.362355,0.001896,0.999822,-1.840564,-1.475126,-2.451348,7.887229,,,,
7,454,454.000000,agent_2,actor_logits,3,1,4,7.887229,-2.451348,9.362355,0.001896,0.999822,-1.840565,-1.475126,-2.451348,7.887229,,,,
7,454,454.000000,agent_3,actor_logits,3,1,4,7.887229,-2.451348,9.362355,0.001896,0.999822,-1.840564,-1.475126,-2.451348,7.887229,,,,
7,454,454.000000,agent_4,actor_logits,3,1,4,7.887228,-2.451349,9.362354,0.001896,0.999822,-1.840564,-1.475126,-2.451349,7.887228,,,,
7,454,454.000000,agent_5,actor_logits,3,1,4,7.887228,-2.451348,9.362354,0.001896,0.999822,-1.840564,-1.475126,-2.451348,7.887228,,,,
7,456,456.000000,agent_0,actor_logits,0,1,4,7.188733,-5.581365,4.342240,0.068851,0.987146,7.188733,-4.238543,-5.581365,2.846493,,,,
7,456,456.000000,agent_1,actor_logits,0,1,4,7.188735,-5.581365,4.342243,0.068851,0.987146,7.188735,-4.238543,-5.581365,2.846492,,,,
7,456,456.000000,agent_2,actor_logits,0,1,4,7.188735,-5.581365,4.342242,0.068851,0.987146,7.188735,-4.238543,-5.581365,2.846492,,,,
7,456,456.000000,agent_3,actor_logits,0,1,4,7.188735,-5.581365,4.342243,0.068851,0.987146,7.188735,-4.238543,-5.581365,2.846492,,,,
7,456,456.000000,agent_4,actor_logits,0,1,4,7.188735,-5.581365,4.342243,0.068851,0.987146,7.188735,-4.238543,-5.581365,2.846492,,,,
7,456,456.000000,agent_5,actor_logits,0,1,4,7.188734,-5.581366,4.342242,0.068851,0.987146,7.188734,-4.238543,-5.581366,2.846492,,,,
7,458,458.000000,agent_0,actor_logits,3,1,4,4.591612,-3.689777,4.597891,0.103899,0.981948,-0.006279,-0.229560,-3.689777,4.591612,,,,
7,458,458.000000,agent_1,actor_logits,3,1,4,4.591612,-3.689778,4.597890,0.103899,0.981948,-0.006278,-0.229560,-3.689778,4.591612,,,,
7,458,458.000000,agent_2,actor_logits,3,1,4,4.591612,-3.689778,4.597890,0.103899,0.981948,-0.006278,-0.229560,-3.689778,4.591612,,,,
7,458,458.000000,agent_3,actor_logits,3,1,4,4.591612,-3.689778,4.597890,0.103899,0.981948,-0.006278,-0.229561,-3.689778,4.591612,,,,
7,458,458.000000,agent_4,actor_logits,3,1,4,4.591612,-3.689778,4.597891,0.103899,0.981948,-0.006278,-0.229560,-3.689778,4.591612,,,,
7,458,458.000000,agent_5,actor_logits,3,1,4,4.591612,-3.689777,4.597890,0.103899,0.981948,-0.006278,-0.229561,-3.689777,4.591612,,,,
7,460,460.000000,agent_0,actor_logits,0,1,4,4.649395,-5.815748,3.162462,0.190135,0.956483,4.649395,-1.111894,-5.815748,1.486933,,,,
7,460,460.000000,agent_1,actor_logits,0,1,4,4.649395,-5.815748,3.162463,0.190135,0.956483,4.649395,-1.111894,-5.815748,1.486932,,,,
7,460,460.000000,agent_2,actor_logits,0,1,4,4.649395,-5.815748,3.162463,0.190135,0.956483,4.649395,-1.111894,-5.815748,1.486932,,,,
7,460,460.000000,agent_3,actor_logits,0,1,4,4.649395,-5.815749,3.162462,0.190135,0.956483,4.649395,-1.111894,-5.815749,1.486933,,,,
7,460,460.000000,agent_4,actor_logits,0,1,4,4.649396,-5.815749,3.162464,0.190135,0.956483,4.649396,-1.111894,-5.815749,1.486932,,,,
7,460,460.000000,agent_5,actor_logits,0,1,4,4.649395,-5.815748,3.162462,0.190135,0.956483,4.649395,-1.111893,-5.815748,1.486932,,,,
7,462,462.000000,agent_0,actor_logits,3,1,4,1.824994,-4.938561,0.242172,1.047041,0.452578,1.582821,0.965762,-4.938561,1.824994,,,,
7,462,462.000000,agent_1,actor_logits,3,1,4,1.824993,-4.938561,0.242172,1.047041,0.452578,1.582821,0.965764,-4.938561,1.824993,,,,
7,462,462.000000,agent_2,actor_logits,3,1,4,1.824994,-4.938561,0.242173,1.047041,0.452578,1.582821,0.965762,-4.938561,1.824994,,,,
7,462,462.000000,agent_3,actor_logits,3,1,4,1.824994,-4.938561,0.242173,1.047041,0.452578,1.582821,0.965762,-4.938561,1.824994,,,,
7,462,462.000000,agent_4,actor_logits,3,1,4,1.824994,-4.938562,0.242172,1.047041,0.452578,1.582821,0.965763,-4.938562,1.824994,,,,
7,462,462.000000,agent_5,actor_logits,3,1,4,1.824994,-4.938562,0.242173,1.047041,0.452578,1.582821,0.965763,-4.938562,1.824994,,,,
7,464,464.000000,agent_0,actor_logits,3,1,4,1.980080,-4.210084,0.834138,0.971490,0.578999,0.745027,1.145942,-4.210084,1.980080,,,,
7,464,464.000000,agent_1,actor_logits,3,1,4,1.980081,-4.210085,0.834138,0.971490,0.578999,0.745027,1.145943,-4.210085,1.980081,,,,
7,464,464.000000,agent_2,actor_logits,3,1,4,1.980079,-4.210084,0.834137,0.971490,0.578999,0.745027,1.145943,-4.210084,1.980079,,,,
7,464,464.000000,agent_3,actor_logits,3,1,4,1.980080,-4.210084,0.834137,0.971490,0.578999,0.745026,1.145943,-4.210084,1.980080,,,,
7,464,464.000000,agent_4,actor_logits,3,1,4,1.980081,-4.210085,0.834138,0.971490,0.578999,0.745027,1.145943,-4.210085,1.980081,,,,
7,464,464.000000,agent_5,actor_logits,3,1,4,1.980080,-4.210084,0.834137,0.971490,0.578999,0.745027,1.145943,-4.210084,1.980080,,,,
7,466,466.000000,agent_0,actor_logits,0,1,4,8.805365,-9.535864,7.690130,0.004317,0.999513,8.805365,1.115235,-9.535864,-1.600522,,,,
7,466,466.000000,agent_1,actor_logits,0,1,4,8.805365,-9.535865,7.690130,0.004317,0.999513,8.805365,1.115235,-9.535865,-1.600522,,,,
7,466,466.000000,agent_2,actor_logits,0,1,4,8.805365,-9.535863,7.690130,0.004317,0.999513,8.805365,1.115235,-9.535863,-1.600523,,,,
7,466,466.000000,agent_3,actor_logits,0,1,4,8.805365,-9.535864,7.690130,0.004317,0.999513,8.805365,1.115235,-9.535864,-1.600522,,,,
7,466,466.000000,agent_4,actor_logits,0,1,4,8.805365,-9.535865,7.690130,0.004317,0.999513,8.805365,1.115235,-9.535865,-1.600522,,,,
7,466,466.000000,agent_5,actor_logits,0,1,4,8.805365,-9.535865,7.690129,0.004317,0.999513,8.805365,1.115235,-9.535865,-1.600522,,,,
7,468,468.000000,agent_0,actor_logits,0,1,4,2.313550,-3.588516,2.149312,0.611791,0.817539,2.313550,-3.588516,0.164238,0.049084,,,,
7,468,468.000000,agent_1,actor_logits,0,1,4,2.313550,-3.588516,2.149312,0.611791,0.817539,2.313550,-3.588516,0.164238,0.049085,,,,
7,468,468.000000,agent_2,actor_logits,0,1,4,2.313550,-3.588517,2.149312,0.611791,0.817539,2.313550,-3.588517,0.164238,0.049085,,,,
7,468,468.000000,agent_3,actor_logits,0,1,4,2.313550,-3.588517,2.149313,0.611791,0.817539,2.313550,-3.588517,0.164237,0.049085,,,,
7,468,468.000000,agent_4,actor_logits,0,1,4,2.313550,-3.588516,2.149312,0.611791,0.817539,2.313550,-3.588516,0.164238,0.049085,,,,
7,468,468.000000,agent_5,actor_logits,0,1,4,2.313550,-3.588516,2.149313,0.611791,0.817539,2.313550,-3.588516,0.164237,0.049085,,,,
7,470,470.000000,agent_0,actor_logits,1,1,4,3.536892,-8.532413,2.070562,0.428277,0.873529,-0.444427,3.536892,1.466330,-8.532413,,,,
7,470,470.000000,agent_1,actor_logits,1,1,4,3.536892,-8.532412,2.070562,0.428277,0.873529,-0.444427,3.536892,1.466330,-8.532412,,,,
7,470,470.000000,agent_2,actor_logits,1,1,4,3.536892,-8.532413,2.070563,0.428277,0.873529,-0.444427,3.536892,1.466330,-8.532413,,,,
7,470,470.000000,agent_3,actor_logits,1,1,4,3.536892,-8.532412,2.070562,0.428277,0.873529,-0.444427,3.536892,1.466329,-8.532412,,,,
7,470,470.000000,agent_4,actor_logits,1,1,4,3.536892,-8.532412,2.070563,0.428277,0.873529,-0.444427,3.536892,1.466329,-8.532412,,,,
7,470,470.000000,agent_5,actor_logits,1,1,4,3.536892,-8.532413,2.070563,0.428277,0.873529,-0.444427,3.536892,1.466329,-8.532413,,,,
7,472,472.000000,agent_0,actor_logits,0,1,4,11.777958,-22.290524,2.703840,0.237412,0.936937,11.777958,9.074118,-22.290524,3.847239,,,,
7,472,472.000000,agent_1,actor_logits,0,1,4,11.777958,-22.290522,2.703839,0.237412,0.936937,11.777958,9.074119,-22.290522,3.847239,,,,
7,472,472.000000,agent_2,actor_logits,0,1,4,11.777958,-22.290522,2.703840,0.237412,0.936937,11.777958,9.074118,-22.290522,3.847239,,,,
7,472,472.000000,agent_3,actor_logits,0,1,4,11.777958,-22.290522,2.703840,0.237412,0.936937,11.777958,9.074118,-22.290522,3.847239,,,,
7,472,472.000000,agent_4,actor_logits,0,1,4,11.777958,-22.290524,2.703839,0.237412,0.936937,11.777958,9.074119,-22.290524,3.847239,,,,
7,472,472.000000,agent_5,actor_logits,0,1,4,11.777958,-22.290524,2.703840,0.237412,0.936937,11.777958,9.074118,-22.290524,3.847239,,,,
7,474,474.000000,agent_0,actor_logits,3,1,4,6.408146,-6.270309,5.756813,0.035406,0.994903,0.172651,0.651333,-6.270309,6.408146,,,,
7,474,474.000000,agent_1,actor_logits,3,1,4,6.408147,-6.270309,5.756814,0.035406,0.994903,0.172650,0.651333,-6.270309,6.408147,,,,
7,474,474.000000,agent_2,actor_logits,3,1,4,6.408147,-6.270309,5.756814,0.035406,0.994903,0.172650,0.651333,-6.270309,6.408147,,,,
7,474,474.000000,agent_3,actor_logits,3,1,4,6.408146,-6.270309,5.756813,0.035406,0.994903,0.172651,0.651333,-6.270309,6.408146,,,,
7,474,474.000000,agent_4,actor_logits,3,1,4,6.408146,-6.270309,5.756813,0.035406,0.994903,0.172650,0.651334,-6.270309,6.408146,,,,
7,474,474.000000,agent_5,actor_logits,3,1,4,6.408146,-6.270310,5.756813,0.035406,0.994903,0.172650,0.651334,-6.270310,6.408146,,,,
7,476,476.000000,agent_0,actor_logits,1,1,4,12.687845,-20.113337,6.221099,0.015661,0.997882,3.782336,12.687845,-20.113337,6.466746,,,,
7,476,476.000000,agent_1,actor_logits,1,1,4,12.687845,-20.113335,6.221098,0.015661,0.997882,3.782335,12.687845,-20.113335,6.466747,,,,
7,476,476.000000,agent_2,actor_logits,1,1,4,12.687844,-20.113335,6.221098,0.015661,0.997882,3.782336,12.687844,-20.113335,6.466746,,,,
7,476,476.000000,agent_3,actor_logits,1,1,4,12.687845,-20.113337,6.221099,0.015661,0.997882,3.782336,12.687845,-20.113337,6.466746,,,,
7,476,476.000000,agent_4,actor_logits,1,1,4,12.687845,-20.113335,6.221099,0.015661,0.997882,3.782336,12.687845,-20.113335,6.466746,,,,
7,476,476.000000,agent_5,actor_logits,1,1,4,12.687845,-20.113335,6.221099,0.015661,0.997882,3.782335,12.687845,-20.113335,6.466746,,,,
7,478,478.000000,agent_0,actor_logits,0,1,3,6.714163,-12.141048,7.581827,0.004372,0.999491,6.714163,-12.141048,-0.867664,,,,,
7,478,478.000000,agent_1,actor_logits,0,1,3,6.714163,-12.141047,7.581828,0.004372,0.999491,6.714163,-12.141047,-0.867665,,,,,
7,478,478.000000,agent_2,actor_logits,0,1,3,6.714165,-12.141048,7.581829,0.004372,0.999491,6.714165,-12.141048,-0.867664,,,,,
7,478,478.000000,agent_3,actor_logits,0,1,3,6.714164,-12.141048,7.581829,0.004372,0.999491,6.714164,-12.141048,-0.867664,,,,,
7,478,478.000000,agent_4,actor_logits,0,1,3,6.714164,-12.141048,7.581828,0.004372,0.999491,6.714164,-12.141048,-0.867664,,,,,
7,478,478.000000,agent_5,actor_logits,0,1,3,6.714164,-12.141047,7.581829,0.004372,0.999491,6.714164,-12.141047,-0.867665,,,,,
7,480,480.000000,agent_0,actor_logits,0,1,3,3.932209,-5.841209,7.345454,0.005997,0.999298,3.932209,-3.413244,-5.841209,,,,,
7,480,480.000000,agent_1,actor_logits,0,1,3,3.932209,-5.841208,7.345453,0.005997,0.999298,3.932209,-3.413245,-5.841208,,,,,
7,480,480.000000,agent_2,actor_logits,0,1,3,3.932210,-5.841209,7.345454,0.005997,0.999298,3.932210,-3.413244,-5.841209,,,,,
7,480,480.000000,agent_3,actor_logits,0,1,3,3.932209,-5.841208,7.345454,0.005997,0.999298,3.932209,-3.413245,-5.841208,,,,,
7,480,480.000000,agent_4,actor_logits,0,1,3,3.932209,-5.841208,7.345453,0.005997,0.999298,3.932209,-3.413245,-5.841208,,,,,
7,480,480.000000,agent_5,actor_logits,0,1,3,3.932209,-5.841208,7.345454,0.005997,0.999298,3.932209,-3.413245,-5.841208,,,,,
7,482,482.000000,agent_0,actor_logits,0,1,3,5.126423,-10.030287,4.925082,0.042749,0.992790,5.126423,0.201341,-10.030287,,,,,
7,482,482.000000,agent_1,actor_logits,0,1,3,5.126422,-10.030286,4.925081,0.042749,0.992790,5.126422,0.201341,-10.030286,,,,,
7,482,482.000000,agent_2,actor_logits,0,1,3,5.126423,-10.030287,4.925082,0.042749,0.992790,5.126423,0.201341,-10.030287,,,,,
7,482,482.000000,agent_3,actor_logits,0,1,3,5.126423,-10.030287,4.925082,0.042749,0.992790,5.126423,0.201341,-10.030287,,,,,
7,482,482.000000,agent_4,actor_logits,0,1,3,5.126423,-10.030287,4.925081,0.042749,0.992790,5.126423,0.201341,-10.030287,,,,,
7,482,482.000000,agent_5,actor_logits,0,1,3,5.126423,-10.030287,4.925081,0.042749,0.992790,5.126423,0.201341,-10.030287,,,,,
7,484,484.000000,agent_0,actor_logits,1,1,2,-7.948763,-8.755877,0.807113,0.617900,0.691494,-8.755877,-7.948763,,,,,,
7,484,484.000000,agent_1,actor_logits,1,1,2,-7.948764,-8.755877,0.807112,0.617900,0.691494,-8.755877,-7.948764,,,,,,
7,484,484.000000,agent_2,actor_logits,1,1,2,-7.948763,-8.755877,0.807113,0.617900,0.691494,-8.755877,-7.948763,,,,,,
7,484,484.000000,agent_3,actor_logits,1,1,2,-7.948764,-8.755877,0.807112,0.617900,0.691494,-8.755877,-7.948764,,,,,,
7,484,484.000000,agent_4,actor_logits,1,1,2,-7.948763,-8.755877,0.807113,0.617900,0.691494,-8.755877,-7.948763,,,,,,
7,484,484.000000,agent_5,actor_logits,1,1,2,-7.948763,-8.755877,0.807113,0.617900,0.691494,-8.755877,-7.948763,,,,,,
7,486,486.000000,agent_0,actor_logits,2,1,3,2.116590,-11.750270,0.919669,0.597647,0.714974,-11.750270,1.196921,2.116590,,,,,
7,486,486.000000,agent_1,actor_logits,2,1,3,2.116589,-11.750269,0.919669,0.597647,0.714974,-11.750269,1.196920,2.116589,,,,,
7,486,486.000000,agent_2,actor_logits,2,1,3,2.116590,-11.750270,0.919670,0.597647,0.714974,-11.750270,1.196921,2.116590,,,,,
7,486,486.000000,agent_3,actor_logits,2,1,3,2.116590,-11.750271,0.919669,0.597647,0.714974,-11.750271,1.196921,2.116590,,,,,
7,486,486.000000,agent_4,actor_logits,2,1,3,2.116590,-11.750271,0.919669,0.597647,0.714974,-11.750271,1.196921,2.116590,,,,,
7,486,486.000000,agent_5,actor_logits,2,1,3,2.116589,-11.750270,0.919668,0.597647,0.714974,-11.750270,1.196921,2.116589,,,,,
7,488,488.000000,agent_0,actor_logits,2,1,3,6.554865,-10.614136,10.239285,0.000402,0.999964,-10.614136,-3.684420,6.554865,,,,,
7,488,488.000000,agent_1,actor_logits,2,1,3,6.554865,-10.614136,10.239285,0.000402,0.999964,-10.614136,-3.684420,6.554865,,,,,
7,488,488.000000,agent_2,actor_logits,2,1,3,6.554864,-10.614136,10.239285,0.000402,0.999964,-10.614136,-3.684420,6.554864,,,,,
7,488,488.000000,agent_3,actor_logits,2,1,3,6.554864,-10.614136,10.239285,0.000402,0.999964,-10.614136,-3.684420,6.554864,,,,,
7,488,488.000000,agent_4,actor_logits,2,1,3,6.554865,-10.614136,10.239285,0.000402,0.999964,-10.614136,-3.684420,6.554865,,,,,
7,488,488.000000,agent_5,actor_logits,2,1,3,6.554865,-10.614136,10.239285,0.000402,0.999964,-10.614136,-3.684420,6.554865,,,,,
7,490,490.000000,agent_0,actor_logits,2,1,3,5.955671,-6.216034,12.012579,0.000147,0.999989,-6.056908,-6.216034,5.955671,,,,,
7,490,490.000000,agent_1,actor_logits,2,1,3,5.955670,-6.216033,12.012578,0.000147,0.999989,-6.056908,-6.216033,5.955670,,,,,
7,490,490.000000,agent_2,actor_logits,2,1,3,5.955670,-6.216034,12.012577,0.000147,0.999989,-6.056907,-6.216034,5.955670,,,,,
7,490,490.000000,agent_3,actor_logits,2,1,3,5.955670,-6.216034,12.012579,0.000147,0.999989,-6.056908,-6.216034,5.955670,,,,,
7,490,490.000000,agent_4,actor_logits,2,1,3,5.955671,-6.216034,12.012579,0.000147,0.999989,-6.056909,-6.216034,5.955671,,,,,
7,490,490.000000,agent_5,actor_logits,2,1,3,5.955671,-6.216033,12.012579,0.000147,0.999989,-6.056909,-6.216033,5.955671,,,,,
7,492,492.000000,agent_0,actor_logits,2,1,3,5.504880,-6.639377,8.456018,0.002080,0.999782,-6.639377,-2.951138,5.504880,,,,,
7,492,492.000000,agent_1,actor_logits,2,1,3,5.504879,-6.639377,8.456017,0.002080,0.999782,-6.639377,-2.951138,5.504879,,,,,
7,492,492.000000,agent_2,actor_logits,2,1,3,5.504880,-6.639377,8.456018,0.002080,0.999782,-6.639377,-2.951138,5.504880,,,,,
7,492,492.000000,agent_3,actor_logits,2,1,3,5.504879,-6.639377,8.456018,0.002080,0.999782,-6.639377,-2.951138,5.504879,,,,,
7,492,492.000000,agent_4,actor_logits,2,1,3,5.504879,-6.639377,8.456018,0.002080,0.999782,-6.639377,-2.951138,5.504879,,,,,
7,492,492.000000,agent_5,actor_logits,2,1,3,5.504879,-6.639377,8.456017,0.002080,0.999782,-6.639377,-2.951138,5.504879,,,,,
7,494,494.000000,agent_0,actor_logits,2,1,3,1.640383,-4.108637,2.582356,0.273769,0.926972,-0.941973,-4.108637,1.640383,,,,,
7,494,494.000000,agent_1,actor_logits,2,1,3,1.640382,-4.108636,2.582355,0.273769,0.926972,-0.941973,-4.108636,1.640382,,,,,
7,494,494.000000,agent_2,actor_logits,2,1,3,1.640383,-4.108636,2.582355,0.273769,0.926972,-0.941973,-4.108636,1.640383,,,,,
7,494,494.000000,agent_3,actor_logits,2,1,3,1.640382,-4.108636,2.582355,0.273769,0.926972,-0.941973,-4.108636,1.640382,,,,,
7,494,494.000000,agent_4,actor_logits,2,1,3,1.640383,-4.108636,2.582357,0.273769,0.926972,-0.941973,-4.108636,1.640383,,,,,
7,494,494.000000,agent_5,actor_logits,2,1,3,1.640383,-4.108636,2.582356,0.273769,0.926972,-0.941973,-4.108636,1.640383,,,,,
7,496,496.000000,agent_0,actor_logits,0,1,2,3.994939,-3.494933,7.489872,0.004741,0.999442,3.994939,-3.494933,,,,,,
7,496,496.000000,agent_1,actor_logits,0,1,2,3.994938,-3.494932,7.489871,0.004741,0.999442,3.994938,-3.494932,,,,,,
7,496,496.000000,agent_2,actor_logits,0,1,2,3.994939,-3.494933,7.489872,0.004741,0.999442,3.994939,-3.494933,,,,,,
7,496,496.000000,agent_3,actor_logits,0,1,2,3.994938,-3.494933,7.489871,0.004741,0.999442,3.994938,-3.494933,,,,,,
7,496,496.000000,agent_4,actor_logits,0,1,2,3.994938,-3.494933,7.489871,0.004741,0.999442,3.994938,-3.494933,,,,,,
7,496,496.000000,agent_5,actor_logits,0,1,2,3.994938,-3.494933,7.489871,0.004741,0.999442,3.994938,-3.494933,,,,,,
7,498,498.000000,agent_0,actor_logits,0,1,3,4.850363,-4.551453,7.516246,0.005490,0.999374,4.850363,-4.551453,-2.665883,,,,,
7,498,498.000000,agent_1,actor_logits,0,1,3,4.850362,-4.551454,7.516245,0.005490,0.999374,4.850362,-4.551454,-2.665883,,,,,
7,498,498.000000,agent_2,actor_logits,0,1,3,4.850363,-4.551454,7.516245,0.005490,0.999374,4.850363,-4.551454,-2.665882,,,,,
7,498,498.000000,agent_3,actor_logits,0,1,3,4.850362,-4.551454,7.516244,0.005490,0.999374,4.850362,-4.551454,-2.665882,,,,,
7,498,498.000000,agent_4,actor_logits,0,1,3,4.850362,-4.551454,7.516244,0.005490,0.999374,4.850362,-4.551454,-2.665882,,,,,
7,498,498.000000,agent_5,actor_logits,0,1,3,4.850363,-4.551454,7.516245,0.005490,0.999374,4.850363,-4.551454,-2.665883,,,,,
8,0,0.000000,agent_0,actor_logits,0,1,2,1.750134,-2.708004,4.458138,0.062569,0.988549,1.750134,-2.708004,,,,,,
8,0,0.000000,agent_1,actor_logits,3,1,4,4.275782,-4.192782,0.598823,0.658950,0.644635,3.676959,-2.163707,-4.192782,4.275782,,,,
8,0,0.000000,agent_2,actor_logits,3,1,4,4.275782,-4.192782,0.598823,0.658950,0.644635,3.676959,-2.163707,-4.192782,4.275782,,,,
8,0,0.000000,agent_3,actor_logits,3,1,4,4.275782,-4.192782,0.598823,0.658950,0.644635,3.676959,-2.163707,-4.192782,4.275782,,,,
8,0,0.000000,agent_4,actor_logits,3,1,4,4.275782,-4.192782,0.598823,0.658950,0.644635,3.676959,-2.163707,-4.192782,4.275782,,,,
8,0,0.000000,agent_5,actor_logits,3,1,4,4.275782,-4.192782,0.598823,0.658950,0.644635,3.676959,-2.163707,-4.192782,4.275782,,,,
8,2,2.000000,agent_0,actor_logits,0,1,3,8.712852,-10.546273,11.830924,0.000093,0.999993,8.712852,-3.118073,-10.546273,,,,,
8,2,2.000000,agent_1,actor_logits,0,1,4,9.283766,-10.214175,1.782147,0.412253,0.855960,9.283766,-3.726804,-10.214175,7.501619,,,,
8,2,2.000000,agent_2,actor_logits,0,1,4,9.283766,-10.214175,1.782147,0.412253,0.855960,9.283766,-3.726804,-10.214175,7.501619,,,,
8,2,2.000000,agent_3,actor_logits,0,1,4,9.283766,-10.214175,1.782147,0.412253,0.855960,9.283766,-3.726804,-10.214175,7.501619,,,,
8,2,2.000000,agent_4,actor_logits,0,1,4,9.283766,-10.214175,1.782147,0.412253,0.855960,9.283766,-3.726804,-10.214175,7.501619,,,,
8,2,2.000000,agent_5,actor_logits,0,1,3,9.015912,-10.135222,13.051483,0.000030,0.999998,9.015912,-4.035571,-10.135222,,,,,
8,4,4.000000,agent_0,actor_logits,0,1,2,2.494239,-0.016915,2.511154,0.266585,0.924920,2.494239,-0.016915,,,,,,
8,4,4.000000,agent_1,actor_logits,3,1,4,7.876810,-10.040870,4.281576,0.084309,0.984723,3.595234,1.495948,-10.040870,7.876810,,,,
8,4,4.000000,agent_2,actor_logits,3,1,4,8.646394,-11.595740,0.576625,0.653459,0.640279,8.069769,-1.802688,-11.595740,8.646394,,,,
8,4,4.000000,agent_3,actor_logits,3,1,4,8.646394,-11.595740,0.576625,0.653459,0.640279,8.069769,-1.802688,-11.595740,8.646394,,,,
8,4,4.000000,agent_4,actor_logits,3,1,4,8.646394,-11.595740,0.576625,0.653459,0.640279,8.069769,-1.802688,-11.595740,8.646394,,,,
8,4,4.000000,agent_5,actor_logits,3,1,4,8.457970,-11.825717,0.017014,0.693308,0.504245,8.440956,-1.811011,-11.825717,8.457970,,,,
8,6,6.000000,agent_0,actor_logits,0,1,3,10.263895,-11.435867,13.089073,0.000029,0.999998,10.263895,-2.825178,-11.435867,,,,,
8,6,6.000000,agent_1,actor_logits,0,1,4,8.756479,-10.080455,2.843277,0.213207,0.944959,8.756479,-2.565063,-10.080455,5.913203,,,,
8,6,6.000000,agent_2,actor_logits,0,1,4,9.162502,-11.534616,3.006512,0.190295,0.952841,9.162502,-1.291708,-11.534616,6.155991,,,,
8,6,6.000000,agent_3,actor_logits,0,1,4,9.162502,-11.534616,3.006512,0.190295,0.952841,9.162502,-1.291708,-11.534616,6.155991,,,,
8,6,6.000000,agent_4,actor_logits,0,1,4,9.162502,-11.534616,3.006512,0.190295,0.952841,9.162502,-1.291708,-11.534616,6.155991,,,,
8,6,6.000000,agent_5,actor_logits,0,1,3,7.807025,-9.489247,10.019696,0.000491,0.999956,7.807025,-2.212671,-9.489247,,,,,
8,8,8.000000,agent_0,actor_logits,0,1,2,3.660542,0.089232,3.571311,0.125406,0.972650,3.660542,0.089232,,,,,,
8,8,8.000000,agent_1,actor_logits,3,1,4,4.097706,-7.639593,1.631742,0.786326,0.720466,2.449498,2.465964,-7.639593,4.097706,,,,
8,8,8.000000,agent_2,actor_logits,0,1,4,9.866840,-11.012746,2.477314,0.272556,0.922534,9.866840,-3.307977,-11.012746,7.389526,,,,
8,8,8.000000,agent_3,actor_logits,0,1,4,9.866840,-11.012746,2.477314,0.272556,0.922534,9.866840,-3.307977,-11.012746,7.389526,,,,
8,8,8.000000,agent_4,actor_logits,0,1,4,9.866840,-11.012746,2.477314,0.272556,0.922534,9.866840,-3.307977,-11.012746,7.389526,,,,
8,8,8.000000,agent_5,actor_logits,0,1,4,10.412739,-10.990374,3.169433,0.169009,0.959667,10.412739,-3.796030,-10.990374,7.243306,,,,
8,10,10.000000,agent_0,actor_logits,0,1,3,10.113424,-11.402928,12.746233,0.000040,0.999997,10.113424,-2.632808,-11.402928,,,,,
8,10,10.000000,agent_1,actor_logits,0,1,4,7.503531,-9.375761,1.926673,0.381353,0.872841,7.503531,-2.369144,-9.375761,5.576858,,,,
8,10,10.000000,agent_2,actor_logits,0,1,4,8.924381,-9.503350,3.597423,0.123060,0.973327,8.924381,-9.503350,-2.660438,5.326958,,,,
8,10,10.000000,agent_3,actor_logits,0,1,4,8.924381,-9.503350,3.597423,0.123060,0.973327,8.924381,-9.503350,-2.660438,5.326958,,,,
8,10,10.000000,agent_4,actor_logits,0,1,4,8.924381,-9.503350,3.597423,0.123060,0.973327,8.924381,-9.503350,-2.660438,5.326958,,,,
8,10,10.000000,agent_5,actor_logits,0,1,4,9.451141,-9.422253,4.218692,0.075848,0.985492,9.451141,-9.422253,-3.078888,5.232450,,,,
8,12,12.000000,agent_0,actor_logits,0,1,2,0.700005,-2.263186,2.963192,0.195906,0.950883,0.700005,-2.263186,,,,,,
8,12,12.000000,agent_1,actor_logits,1,1,4,5.370199,-4.249525,6.241550,0.026371,0.996438,-1.091555,5.370199,-4.249525,-0.871351,,,,
8,12,12.000000,agent_2,actor_logits,0,1,3,1.538725,-9.600599,0.323845,0.680309,0.580256,1.538725,1.214879,-9.600599,,,,,
8,12,12.000000,agent_3,actor_logits,3,1,4,8.471861,-6.708388,0.584143,0.652254,0.642020,7.887718,-6.708388,-6.174830,8.471861,,,,
8,12,12.000000,agent_4,actor_logits,3,1,4,8.471861,-6.708388,0.584143,0.652254,0.642020,7.887718,-6.708388,-6.174830,8.471861,,,,
8,12,12.000000,agent_5,actor_logits,3,1,4,8.247816,-6.785709,0.103884,0.691807,0.525947,8.143932,-6.785709,-6.209245,8.247816,,,,
8,14,14.000000,agent_0,actor_logits,0,1,3,8.284451,-16.439379,5.904520,0.018782,0.997280,8.284451,2.379931,-16.439379,,,,,
8,14,14.000000,agent_1,actor_logits,0,1,3,7.280117,-7.290826,14.256008,0.000017,0.999999,7.280117,-6.975892,-7.290826,,,,,
8,14,14.000000,agent_2,actor_logits,0,1,3,4.200356,-15.157709,0.478615,0.665313,0.617421,4.200356,3.721741,-15.157709,,,,,
8,14,14.000000,agent_3,actor_logits,3,1,4,10.737622,-11.266816,4.168776,0.078910,0.984761,6.568846,-1.878631,-11.266816,10.737622,,,,
8,14,14.000000,agent_4,actor_logits,3,1,4,10.737622,-11.266816,4.168776,0.078910,0.984761,6.568846,-1.878631,-11.266816,10.737622,,,,
8,14,14.000000,agent_5,actor_logits,3,1,4,10.775647,-7.260365,5.558271,0.025200,0.996159,5.217376,-4.297355,-7.260365,10.775647,,,,
8,16,16.000000,agent_0,actor_logits,1,1,2,3.811403,-3.130301,6.941703,0.007670,0.999034,-3.130301,3.811403,,,,,,
8,16,16.000000,agent_1,actor_logits,1,1,2,6.140621,-2.134479,8.275100,0.002363,0.999745,-2.134479,6.140621,,,,,,
8,16,16.000000,agent_2,actor_logits,1,1,2,4.396390,-7.882054,12.278444,0.000062,0.999995,-7.882054,4.396390,,,,,,
8,16,16.000000,agent_3,actor_logits,3,1,4,12.338194,-14.517941,6.673563,0.009942,0.998716,1.601610,5.664631,-14.517941,12.338194,,,,
8,16,16.000000,agent_4,actor_logits,3,1,4,12.338194,-14.517941,6.673563,0.009942,0.998716,1.601610,5.664631,-14.517941,12.338194,,,,
8,16,16.000000,agent_5,actor_logits,3,1,4,12.419692,-9.705635,10.008255,0.000549,0.999951,-0.015924,2.411437,-9.705635,12.419692,,,,
8,18,18.000000,agent_0,actor_logits,0,1,3,6.257314,-11.346297,6.221115,0.014322,0.998017,6.257314,0.036198,-11.346297,,,,,
8,18,18.000000,agent_1,actor_logits,0,1,3,7.473300,-12.271223,7.084083,0.006772,0.999162,7.473300,0.389217,-12.271223,,,,,
8,18,18.000000,agent_2,actor_logits,0,1,3,5.611001,-12.228298,4.254015,0.073698,0.985992,5.611001,1.356986,-12.228298,,,,,
8,18,18.000000,agent_3,actor_logits,3,1,4,9.286947,-18.700312,2.533090,0.448156,0.880107,6.418932,6.753857,-18.700312,9.286947,,,,
8,18,18.000000,agent_4,actor_logits,3,1,4,9.286947,-18.700312,2.533090,0.448156,0.880107,6.418932,6.753857,-18.700312,9.286947,,,,
8,18,18.000000,agent_5,actor_logits,1,1,3,4.456395,-14.380240,0.028300,0.693047,0.507075,4.428095,4.456395,-14.380240,,,,,
8,20,20.000000,agent_0,actor_logits,0,1,2,3.127893,1.914684,1.213210,0.538227,0.770866,3.127893,1.914684,,,,,,
8,20,20.000000,agent_1,actor_logits,0,1,2,3.452239,1.335670,2.116569,0.341250,0.892503,3.452239,1.335670,,,,,,
8,20,20.000000,agent_2,actor_logits,0,1,2,3.522620,2.625144,0.897476,0.601766,0.710430,3.522620,2.625144,,,,,,
8,20,20.000000,agent_3,actor_logits,1,1,4,11.845337,-17.501608,3.236916,0.160983,0.962193,0.087250,11.845337,-17.501608,8.608421,,,,
8,20,20.000000,agent_4,actor_logits,1,1,3,11.078306,-17.374594,10.565446,0.000298,0.999974,0.512861,11.078306,-17.374594,,,,,
8,20,20.000000,agent_5,actor_logits,1,1,3,11.808539,-19.326267,9.466817,0.000810,0.999923,2.341722,11.808539,-19.326267,,,,,
8,22,22.000000,agent_0,actor_logits,1,1,3,10.063456,-16.890326,7.749028,0.003771,0.999569,2.314428,10.063456,-16.890326,,,,,
8,22,22.000000,agent_1,actor_logits,1,1,3,9.674559,-16.577114,7.210917,0.006059,0.999262,2.463642,9.674559,-16.577114,,,,,
8,22,22.000000,agent_2,actor_logits,1,1,3,10.110783,-17.299479,7.566309,0.004432,0.999483,2.544473,10.110783,-17.299479,,,,,
8,22,22.000000,agent_3,actor_logits,3,1,4,9.693488,-15.903289,0.930212,0.596259,0.717076,0.299092,8.763276,-15.903289,9.693488,,,,
8,22,22.000000,agent_4,actor_logits,1,1,3,8.807441,-16.861937,7.570495,0.004415,0.999485,1.236946,8.807441,-16.861937,,,,,
8,22,22.000000,agent_5,actor_logits,1,1,3,9.493932,-19.312033,5.468549,0.027174,0.995800,4.025383,9.493932,-19.312033,,,,,
8,24,24.000000,agent_0,actor_logits,1,1,3,9.649392,-15.445539,8.373344,0.002164,0.999769,1.276048,9.649392,-15.445539,,,,,
8,24,24.000000,agent_1,actor_logits,1,1,3,9.650658,-15.357617,8.463837,0.001996,0.999789,1.186821,9.650658,-15.357617,,,,,
8,24,24.000000,agent_2,actor_logits,1,1,3,9.334400,-15.398324,7.608771,0.004269,0.999504,1.725629,9.334400,-15.398324,,,,,
8,24,24.000000,agent_3,actor_logits,1,1,3,10.104364,-18.983957,6.498915,0.011271,0.998497,3.605449,10.104364,-18.983957,,,,,
8,24,24.000000,agent_4,actor_logits,1,1,3,9.848946,-19.451754,5.363758,0.029675,0.995339,4.485188,9.848946,-19.451754,,,,,
8,24,24.000000,agent_5,actor_logits,1,1,3,9.690284,-20.934916,2.906796,0.203836,0.948181,6.783488,9.690284,-20.934916,,,,,
8,26,26.000000,agent_0,actor_logits,1,1,3,7.293378,-16.998375,1.825684,0.402694,0.861247,5.467694,7.293378,-16.998375,,,,,
8,26,26.000000,agent_1,actor_logits,1,1,3,7.469381,-17.049660,2.234221,0.317814,0.903281,5.235160,7.469381,-17.049660,,,,,
8,26,26.000000,agent_2,actor_logits,1,1,3,7.147874,-17.048607,1.339421,0.510767,0.792395,5.808453,7.147874,-17.048607,,,,,
8,26,26.000000,agent_3,actor_logits,1,1,3,9.736261,-21.697016,2.716182,0.232504,0.937975,7.020079,9.736261,-21.697016,,,,,
8,26,26.000000,agent_4,actor_logits,1,1,3,9.543922,-21.711695,2.230993,0.318445,0.902998,7.312930,9.543922,-21.711695,,,,,
8,26,26.000000,agent_5,actor_logits,1,1,3,9.183186,-22.132940,0.751040,0.627317,0.679405,8.432146,9.183186,-22.132940,,,,,
8,28,28.000000,agent_0,actor_logits,1,1,3,6.104023,-15.843036,0.324419,0.680162,0.580401,5.779604,6.104023,-15.843036,,,,,
8,28,28.000000,agent_1,actor_logits,1,1,3,6.325039,-15.920753,0.805973,0.618096,0.691251,5.519066,6.325039,-15.920753,,,,,
8,28,28.000000,agent_2,actor_logits,1,1,3,6.054286,-15.937875,0.054408,0.692777,0.513599,5.999877,6.054286,-15.937875,,,,,
8,28,28.000000,agent_3,actor_logits,0,1,2,6.818256,-0.081963,6.900220,0.007952,0.998993,6.818256,-0.081963,,,,,,
8,28,28.000000,agent_4,actor_logits,0,1,2,7.022426,-0.200590,7.223016,0.005995,0.999271,7.022426,-0.200590,,,,,,
8,28,28.000000,agent_5,actor_logits,0,1,2,8.178225,-0.485585,8.663809,0.001669,0.999827,8.178225,-0.485585,,,,,,
8,30,30.000000,agent_0,actor_logits,0,1,3,5.874002,-15.306114,0.110271,0.691630,0.527540,5.874002,5.763731,-15.306114,,,,,
8,30,30.000000,agent_1,actor_logits,1,1,3,5.963938,-15.381227,0.283375,0.683209,0.570374,5.680563,5.963938,-15.381227,,,,,
8,30,30.000000,agent_2,actor_logits,0,1,3,5.980992,-15.394872,0.236053,0.686230,0.558741,5.980992,5.744939,-15.394872,,,,,
8,30,30.000000,agent_3,actor_logits,0,1,3,10.229115,-22.244846,1.543809,0.465246,0.824018,10.229115,8.685306,-22.244846,,,,,
8,30,30.000000,agent_4,actor_logits,0,1,3,10.194997,-22.193789,1.512765,0.472195,0.819471,10.194997,8.682232,-22.193789,,,,,
8,30,30.000000,agent_5,actor_logits,0,1,3,10.350352,-22.356352,1.495568,0.476043,0.816913,10.350352,8.854784,-22.356352,,,,,
8,32,32.000000,agent_0,actor_logits,0,1,3,8.949489,-10.988486,11.745974,0.000101,0.999992,8.949489,-2.796485,-10.988486,,,,,
8,32,32.000000,agent_1,actor_logits,1,1,3,5.843332,-14.344860,1.124626,0.556949,0.754846,4.718706,5.843332,-14.344860,,,,,
8,32,32.000000,agent_2,actor_logits,0,1,3,8.928259,-11.052178,11.649857,0.000110,0.999991,8.928259,-2.721597,-11.052178,,,,,
8,32,32.000000,agent_3,actor_logits,1,1,3,9.782623,-21.891935,2.022779,0.360565,0.883168,7.759845,9.782623,-21.891935,,,,,
8,32,32.000000,agent_4,actor_logits,1,1,3,9.795187,-21.818094,2.118737,0.340810,0.892711,7.676450,9.795187,-21.818094,,,,,
8,32,32.000000,agent_5,actor_logits,1,1,3,9.878879,-21.927004,2.062066,0.352410,0.887161,7.816813,9.878879,-21.927004,,,,,
8,34,34.000000,agent_0,actor_logits,0,1,3,14.706240,-10.184505,22.892509,0.000000,1.000000,14.706240,-8.186270,-10.184505,,,,,
8,34,34.000000,agent_1,actor_logits,0,1,4,7.965585,-15.373621,3.070825,0.288648,0.933191,7.965585,4.285041,-15.373621,4.894760,,,,
8,34,34.000000,agent_2,actor_logits,0,1,3,14.584129,-10.145144,22.705776,0.000000,1.000000,14.584129,-8.121647,-10.145144,,,,,
8,34,34.000000,agent_3,actor_logits,0,1,4,9.501150,-11.158446,0.313017,0.681055,0.577621,9.501150,-4.515275,-11.158446,9.188133,,,,
8,34,34.000000,agent_4,actor_logits,0,1,4,9.491995,-11.133815,0.299858,0.682040,0.574408,9.491995,-4.529508,-11.133815,9.192137,,,,
8,34,34.000000,agent_5,actor_logits,0,1,4,9.767841,-11.200355,0.757848,0.626205,0.680886,9.767841,-4.629209,-11.200355,9.009994,,,,
8,36,36.000000,agent_0,actor_logits,0,1,3,2.483498,-5.581255,4.712595,0.053702,0.990790,2.483498,-2.229096,-5.581255,,,,,
8,36,36.000000,agent_1,actor_logits,0,1,3,4.877048,-11.145675,3.360756,0.146858,0.966455,4.877048,1.516292,-11.145675,,,,,
8,36,36.000000,agent_2,actor_logits,0,1,3,2.513719,-5.619053,4.729679,0.052831,0.990959,2.513719,-2.215960,-5.619053,,,,,
8,36,36.000000,agent_3,actor_logits,1,1,4,13.449037,-15.869383,8.416096,0.002094,0.999778,-0.694622,13.449037,-15.869383,5.032940,,,,
8,36,36.000000,agent_4,actor_logits,1,1,4,13.389227,-15.847473,8.375961,0.002171,0.999769,-0.639294,13.389227,-15.847473,5.013266,,,,
8,36,36.000000,agent_5,actor_logits,1,1,4,13.426198,-15.955287,8.643848,0.001713,0.999823,-0.418749,13.426198,-15.955287,4.782350,,,,
8,38,38.000000,agent_0,actor_logits,0,1,3,-0.206521,-6.339868,0.790538,0.630997,0.686922,-0.206521,-0.997059,-6.339868,,,,,
8,38,38.000000,agent_1,actor_logits,1,1,3,0.015562,-5.018020,1.436379,0.519425,0.803663,-1.420817,0.015562,-5.018020,,,,,
8,38,38.000000,agent_2,actor_logits,0,1,3,-0.160557,-6.384713,0.844067,0.621082,0.698354,-0.160557,-1.004624,-6.384713,,,,,
8,38,38.000000,agent_3,actor_logits,0,1,3,9.839436,-17.501087,7.799395,0.003606,0.999590,9.839436,2.040040,-17.501087,,,,,
8,38,38.000000,agent_4,actor_logits,0,1,3,9.877197,-17.470289,7.894330,0.003315,0.999627,9.877197,1.982868,-17.470289,,,,,
8,38,38.000000,agent_5,actor_logits,0,1,3,10.149487,-17.530092,8.296090,0.002319,0.999751,10.149487,1.853397,-17.530092,,,,,
8,40,40.000000,agent_0,actor_logits,1,1,2,1.069709,-11.431063,12.500772,0.000050,0.999996,-11.431063,1.069709,,,,,,
8,40,40.000000,agent_1,actor_logits,1,1,3,2.146192,-4.827999,5.872688,0.026717,0.996263,-3.726496,2.146192,-4.827999,,,,,
8,40,40.000000,agent_2,actor_logits,1,1,2,1.055959,-11.412896,12.468856,0.000052,0.999996,-11.412896,1.055959,,,,,,
8,40,40.000000,agent_3,actor_logits,0,1,3,4.470748,-15.169965,1.278945,0.524020,0.782270,4.470748,3.191803,-15.169965,,,,,
8,40,40.000000,agent_4,actor_logits,0,1,3,4.480578,-15.148215,1.315969,0.515924,0.788510,4.480578,3.164609,-15.148215,,,,,
8,40,40.000000,agent_5,actor_logits,0,1,3,4.761479,-15.283868,1.532533,0.467771,0.822377,4.761479,3.228946,-15.283868,,,,,
8,42,42.000000,agent_0,actor_logits,1,1,3,7.446662,-7.786650,11.454071,0.000136,0.999989,-7.786650,7.446662,-4.007410,,,,,
8,42,42.000000,agent_1,actor_logits,0,1,4,3.328403,-4.130277,2.043887,0.373788,0.883150,3.328403,1.284516,-2.786562,-4.130277,,,,
8,42,42.000000,agent_2,actor_logits,1,1,3,7.475139,-7.793208,11.495934,0.000131,0.999990,-7.793208,7.475139,-4.020794,,,,,
8,42,42.000000,agent_3,actor_logits,1,1,3,7.057148,-9.842691,11.668127,0.000109,0.999991,-9.842691,7.057148,-4.610978,,,,,
8,42,42.000000,agent_4,actor_logits,1,1,3,7.020801,-9.789632,11.625356,0.000114,0.999991,-9.789632,7.020801,-4.604555,,,,,
8,42,42.000000,agent_5,actor_logits,1,1,3,7.110357,-9.591664,11.816140,0.000096,0.999993,-9.591664,7.110357,-4.705783,,,,,
8,44,44.000000,agent_0,actor_logits,2,1,4,5.768302,-12.362722,1.923045,0.539771,0.835865,3.845257,-12.362722,5.768302,2.776649,,,,
8,44,44.000000,agent_1,actor_logits,0,1,3,7.509468,-7.120668,9.756043,0.000630,0.999942,7.509468,-7.120668,-2.246576,,,,,
8,44,44.000000,agent_2,actor_logits,2,1,4,5.773332,-12.385387,1.884249,0.541913,0.833504,3.889083,-12.385387,5.773332,2.732825,,,,
8,44,44.000000,agent_3,actor_logits,2,1,4,7.123047,-12.217762,2.775233,0.236664,0.939538,0.917121,-12.217762,7.123047,4.347815,,,,
8,44,44.000000,agent_4,actor_logits,2,1,4,7.115546,-12.185808,2.736770,0.242192,0.937446,0.874912,-12.185808,7.115546,4.378776,,,,
8,44,44.000000,agent_5,actor_logits,2,1,4,6.972857,-12.083754,2.640958,0.259948,0.931365,0.940636,-12.083754,6.972857,4.331900,,,,
8,46,46.000000,agent_0,actor_logits,0,1,4,11.920515,-13.119429,8.786081,0.001529,0.999845,11.920515,-13.119429,-1.017313,3.134434,,,,
8,46,46.000000,agent_1,actor_logits,0,1,3,7.046846,-9.461533,6.509559,0.011168,0.998513,7.046846,-9.461533,0.537287,,,,,
8,46,46.000000,agent_2,actor_logits,0,1,4,11.950339,-13.105431,8.856283,0.001436,0.999855,11.950339,-13.105431,-1.031682,3.094056,,,,
8,46,46.000000,agent_3,actor_logits,0,1,4,10.192389,-12.291182,6.621473,0.010396,0.998648,10.192389,-12.291182,-0.515923,3.570917,,,,
8,46,46.000000,agent_4,actor_logits,0,1,4,10.173132,-12.274935,6.599056,0.010600,0.998618,10.173132,-12.274935,-0.516699,3.574076,,,,
8,46,46.000000,agent_5,actor_logits,0,1,4,10.223896,-12.156517,6.692636,0.009754,0.998743,10.223896,-12.156517,-0.643180,3.531260,,,,
8,48,48.000000,agent_0,actor_logits,1,1,3,4.543826,-6.707533,9.146254,0.001241,0.999880,-6.707533,4.543826,-4.602428,,,,,
8,48,48.000000,agent_1,actor_logits,2,1,3,10.483489,-13.139366,11.716983,0.000104,0.999992,-1.233494,-13.139366,10.483489,,,,,
8,48,48.000000,agent_2,actor_logits,1,1,3,4.560646,-6.691467,9.188253,0.001201,0.999885,-6.691467,4.560646,-4.627607,,,,,
8,48,48.000000,agent_3,actor_logits,1,1,3,5.553526,-7.944292,10.324244,0.000392,0.999966,-7.944292,5.553526,-4.770717,,,,,
8,48,48.000000,agent_4,actor_logits,1,1,3,5.558631,-7.945087,10.334579,0.000388,0.999966,-7.945087,5.558631,-4.775949,,,,,
8,48,48.000000,agent_5,actor_logits,1,1,3,5.600193,-7.862798,10.535013,0.000327,0.999972,-7.862798,5.600193,-4.934821,,,,,
8,50,50.000000,agent_0,actor_logits,2,1,3,4.640253,-9.105375,5.368784,0.029566,0.995361,-9.105375,-0.728531,4.640253,,,,,
8,50,50.000000,agent_1,actor_logits,1,1,4,3.575387,-7.443210,1.342344,0.811531,0.700072,-7.443210,3.575387,2.233044,1.786680,,,,
8,50,50.000000,agent_2,actor_logits,2,1,3,4.625268,-9.091840,5.348069,0.030084,0.995264,-9.091840,-0.722801,4.625268,,,,,
8,50,50.000000,agent_3,actor_logits,2,1,3,4.039809,-9.571969,4.445533,0.063225,0.988404,-9.571969,-0.405724,4.039809,,,,,
8,50,50.000000,agent_4,actor_logits,2,1,3,4.030738,-9.569862,4.434643,0.063783,0.988279,-9.569862,-0.403905,4.030738,,,,,
8,50,50.000000,agent_5,actor_logits,2,1,3,3.952731,-9.509628,4.342074,0.068709,0.987156,-9.509628,-0.389343,3.952731,,,,,
8,52,52.000000,agent_0,actor_logits,0,1,4,2.633858,-5.655696,0.714211,0.886673,0.608170,2.633858,-5.655696,1.919647,0.765956,,,,
8,52,52.000000,agent_1,actor_logits,0,1,4,3.879824,-5.847748,2.261143,0.453535,0.873976,3.879824,-5.847748,0.658584,1.618682,,,,
8,52,52.000000,agent_2,actor_logits,0,1,4,2.650138,-5.661009,0.734024,0.880673,0.613401,2.650138,-5.661009,1.916114,0.753261,,,,
8,52,52.000000,agent_3,actor_logits,0,1,4,2.542289,-5.014287,1.057916,0.797351,0.686297,2.542289,-5.014287,1.484373,0.329482,,,,
8,52,52.000000,agent_4,actor_logits,0,1,4,2.542307,-5.006648,1.064019,0.795765,0.687551,2.542307,-5.006648,1.478288,0.324467,,,,
8,52,52.000000,agent_5,actor_logits,0,1,4,2.566290,-4.986821,1.118676,0.779702,0.699239,2.566290,-4.986821,1.447614,0.292190,,,,
8,54,54.000000,agent_0,actor_logits,1,1,3,2.290005,-4.761356,6.068729,0.023263,0.996830,-4.761356,2.290005,-3.778724,,,,,
8,54,54.000000,agent_1,actor_logits,1,1,3,2.706178,-4.202518,6.858717,0.016124,0.997955,-4.152539,2.706178,-4.202518,,,,,
8,54,54.000000,agent_2,actor_logits,1,1,3,2.299270,-4.757424,6.083328,0.023028,0.996868,-4.757424,2.299270,-3.784058,,,,,
8,54,54.000000,agent_3,actor_logits,1,1,3,3.261566,-5.263014,7.666809,0.005944,0.999334,-5.263014,3.261566,-4.405242,,,,,
8,54,54.000000,agent_4,actor_logits,1,1,3,3.268979,-5.265460,7.680692,0.005878,0.999342,-5.265460,3.268979,-4.411714,,,,,
8,54,54.000000,agent_5,actor_logits,1,1,3,3.301205,-5.265459,7.746671,0.005598,0.999378,-5.265459,3.301205,-4.445467,,,,,
8,56,56.000000,agent_0,actor_logits,2,1,3,7.536821,-16.670738,4.142896,0.080500,0.984371,-16.670738,3.393926,7.536821,,,,,
8,56,56.000000,agent_1,actor_logits,2,1,3,7.549680,-16.409300,4.204405,0.076666,0.985290,-16.409300,3.345275,7.549680,,,,,
8,56,56.000000,agent_2,actor_logits,2,1,3,7.531631,-16.667185,4.133990,0.081070,0.984234,-16.667185,3.397641,7.531631,,,,,
8,56,56.000000,agent_3,actor_logits,2,1,3,6.863364,-17.011145,2.626925,0.246928,0.932574,-17.011145,4.236439,6.863364,,,,,
8,56,56.000000,agent_4,actor_logits,2,1,3,6.856607,-17.012695,2.613396,0.249170,0.931719,-17.012695,4.243212,6.856607,,,,,
8,56,56.000000,agent_5,actor_logits,2,1,3,6.826458,-17.017992,2.552800,0.259391,0.927761,-17.017992,4.273658,6.826458,,,,,
8,58,58.000000,agent_0,actor_logits,2,1,4,5.984577,-4.863752,0.832835,0.613806,0.696931,-4.464086,-4.863752,5.984577,5.151742,,,,
8,58,58.000000,agent_1,actor_logits,2,1,4,6.185789,-4.905904,1.233194,0.534269,0.774355,-4.529650,-4.905904,6.185789,4.952595,,,,
8,58,58.000000,agent_2,actor_logits,2,1,4,5.984732,-4.866769,0.841553,0.612270,0.698768,-4.455516,-4.866769,5.984732,5.143179,,,,
8,58,58.000000,agent_3,actor_logits,2,1,4,5.691598,-4.748740,0.770495,0.624686,0.683591,-4.230353,-4.748740,5.691598,4.921103,,,,
8,58,58.000000,agent_4,actor_logits,2,1,4,5.688790,-4.748407,0.768991,0.624939,0.683266,-4.227829,-4.748407,5.688790,4.919799,,,,
8,58,58.000000,agent_5,actor_logits,2,1,4,5.674750,-4.745940,0.754962,0.627267,0.680222,-4.218402,-4.745940,5.674750,4.919787,,,,
8,60,60.000000,agent_0,actor_logits,0,1,4,11.404380,-10.889648,8.838303,0.001453,0.999853,11.404380,-10.889648,-1.791343,2.566077,,,,
8,60,60.000000,agent_1,actor_logits,0,1,4,11.622263,-10.991070,9.161646,0.001087,0.999894,11.622263,-10.991070,-1.838941,2.460617,,,,
8,60,60.000000,agent_2,actor_logits,0,1,4,11.415258,-10.892332,8.855610,0.001431,0.999856,11.415258,-10.892332,-1.794344,2.559648,,,,
8,60,60.000000,agent_3,actor_logits,0,1,4,11.796065,-10.887878,9.396577,0.000876,0.999916,11.796065,-10.887878,-2.151581,2.399488,,,,
8,60,60.000000,agent_4,actor_logits,0,1,4,11.799629,-10.888464,9.401023,0.000872,0.999917,11.799629,-10.888464,-2.154498,2.398607,,,,
8,60,60.000000,agent_5,actor_logits,0,1,4,11.811980,-10.891199,9.413214,0.000863,0.999918,11.811980,-10.891199,-2.165612,2.398767,,,,
8,62,62.000000,agent_0,actor_logits,1,1,3,4.595777,-8.817533,6.292296,0.013493,0.998151,-8.817533,4.595777,-1.696519,,,,,
8,62,62.000000,agent_1,actor_logits,1,1,3,4.617140,-8.730930,6.381587,0.012496,0.998309,-8.730930,4.617140,-1.764446,,,,,
8,62,62.000000,agent_2,actor_logits,1,1,3,4.595450,-8.813695,6.292869,0.013486,0.998152,-8.813695,4.595450,-1.697419,,,,,
8,62,62.000000,agent_3,actor_logits,1,1,3,4.870564,-8.718769,6.877617,0.008129,0.998969,-8.718769,4.870564,-2.007053,,,,,
8,62,62.000000,agent_4,actor_logits,1,1,3,4.872484,-8.717319,6.882355,0.008096,0.998974,-8.717319,4.872484,-2.009871,,,,,
8,62,62.000000,agent_5,actor_logits,1,1,3,4.877345,-8.709583,6.896226,0.007999,0.998988,-8.709583,4.877345,-2.018881,,,,,
8,64,64.000000,agent_0,actor_logits,1,1,3,5.096617,-13.934743,0.271871,0.683993,0.567552,-13.934743,5.096617,4.824747,,,,,
8,64,64.000000,agent_1,actor_logits,1,1,3,5.137526,-13.917031,0.381704,0.675261,0.594284,-13.917031,5.137526,4.755822,,,,,
8,64,64.000000,agent_2,actor_logits,1,1,3,5.094761,-13.931334,0.270074,0.684112,0.567111,-13.931334,5.094761,4.824687,,,,,
8,64,64.000000,agent_3,actor_logits,1,1,3,5.343900,-13.899585,0.772299,0.623804,0.684018,-13.899585,5.343900,4.571601,,,,,
8,64,64.000000,agent_4,actor_logits,1,1,3,5.345240,-13.898882,0.775511,0.623267,0.684712,-13.898882,5.345240,4.569729,,,,,
8,64,64.000000,agent_5,actor_logits,1,1,3,5.349801,-13.896795,0.785455,0.621594,0.686855,-13.896795,5.349801,4.564346,,,,,
8,66,66.000000,agent_0,actor_logits,3,1,4,3.521675,-6.726937,0.792059,0.825845,0.641841,2.729616,-6.726937,1.268560,3.521675,,,,
8,66,66.000000,agent_1,actor_logits,3,1,4,3.582927,-6.694349,0.879207,0.798165,0.663536,2.703720,-6.694349,1.196204,3.582927,,,,
8,66,66.000000,agent_2,actor_logits,3,1,4,3.518222,-6.728065,0.785598,0.827144,0.640451,2.732624,-6.728065,1.269332,3.518222,,,,
8,66,66.000000,agent_3,actor_logits,3,1,4,3.362366,-6.719152,0.374003,0.851017,0.560103,2.988363,-6.719152,1.033118,3.362366,,,,
8,66,66.000000,agent_4,actor_logits,3,1,4,3.360838,-6.719396,0.370512,0.851178,0.559343,2.990326,-6.719396,1.031799,3.360838,,,,
8,66,66.000000,agent_5,actor_logits,3,1,4,3.357146,-6.718854,0.362527,0.851429,0.557631,2.994619,-6.718854,1.027644,3.357146,,,,
8,70,70.000000,agent_0,actor_logits,0,1,7,9.050423,-8.421329,8.338446,0.004845,0.999516,9.050423,-8.421329,-0.943539,-0.346869,0.711977,-0.868757,-0.558965,
8,70,70.000000,agent_1,actor_logits,0,1,7,9.055998,-8.358485,8.339267,0.004774,0.999524,9.055998,-8.358485,-1.005040,-0.378333,0.716731,-0.875282,-0.562006,
8,70,70.000000,agent_2,actor_logits,0,1,7,9.052622,-8.422981,8.340023,0.004837,0.999517,9.052622,-8.422981,-0.942802,-0.347641,0.712599,-0.868829,-0.558841,
8,70,70.000000,agent_3,actor_logits,0,1,7,9.092697,-8.181312,8.367504,0.004433,0.999559,9.092697,-8.181312,-1.120784,-0.584500,0.725193,-0.900581,-0.574898,
8,70,70.000000,agent_4,actor_logits,0,1,7,9.093014,-8.179794,8.368052,0.004430,0.999560,9.093014,-8.179794,-1.121951,-0.585971,0.724962,-0.900757,-0.575001,
8,70,70.000000,agent_5,actor_logits,0,1,7,9.093588,-8.174606,8.368726,0.004423,0.999561,9.093588,-8.174606,-1.125985,-0.589897,0.724862,-0.901302,-0.575272,
8,76,76.000000,agent_0,actor_logits,2,1,3,0.244529,-7.388625,2.810748,0.221787,0.942823,-7.388625,-2.566219,0.244529,,,,,
8,76,76.000000,agent_1,actor_logits,2,1,3,0.224491,-7.372221,2.792804,0.224621,0.941840,-7.372221,-2.568313,0.224491,,,,,
8,76,76.000000,agent_2,actor_logits,2,1,3,0.243921,-7.386904,2.810264,0.221867,0.942796,-7.386904,-2.566343,0.243921,,,,,
8,76,76.000000,agent_3,actor_logits,2,1,3,0.169683,-7.344088,2.714436,0.237048,0.937393,-7.344088,-2.544752,0.169683,,,,,
8,76,76.000000,agent_4,actor_logits,2,1,3,0.169594,-7.344570,2.714026,0.237111,0.937370,-7.344570,-2.544432,0.169594,,,,,
8,76,76.000000,agent_5,actor_logits,2,1,3,0.169037,-7.345701,2.712442,0.237359,0.937278,-7.345701,-2.543404,0.169037,,,,,
8,82,82.000000,agent_0,actor_logits,3,1,7,10.516883,-10.567886,4.666492,0.056727,0.990297,-10.567886,1.785948,1.567525,10.516883,5.850391,1.114879,-0.390505,
8,82,82.000000,agent_1,actor_logits,3,1,7,10.512310,-10.566315,4.659762,0.057035,0.990233,-10.566315,1.796703,1.556700,10.512310,5.852548,1.114238,-0.391128,
8,82,82.000000,agent_2,actor_logits,3,1,7,10.516789,-10.567726,4.666276,0.056736,0.990296,-10.567726,1.786173,1.567144,10.516789,5.850514,1.114856,-0.390498,
8,82,82.000000,agent_3,actor_logits,3,1,7,10.516517,-10.571655,4.658591,0.057079,0.990223,-10.571655,1.813491,1.542409,10.516517,5.857926,1.114889,-0.392664,
8,82,82.000000,agent_4,actor_logits,3,1,7,10.516583,-10.571649,4.658681,0.057075,0.990224,-10.571649,1.813362,1.542529,10.516583,5.857903,1.114905,-0.392664,
8,82,82.000000,agent_5,actor_logits,3,1,7,10.516684,-10.571814,4.658755,0.057071,0.990225,-10.571814,1.813393,1.542630,10.516684,5.857929,1.114928,-0.392686,
8,84,84.000000,agent_0,actor_logits,1,1,4,6.159162,-9.687798,1.969070,0.371977,0.877502,-5.228628,6.159162,4.190092,-9.687798,,,,
8,84,84.000000,agent_1,actor_logits,1,1,4,6.161171,-9.692372,1.979556,0.369761,0.878625,-5.223557,6.161171,4.181615,-9.692372,,,,
8,84,84.000000,agent_2,actor_logits,1,1,4,6.158998,-9.687718,1.968909,0.372011,0.877485,-5.228541,6.158998,4.190089,-9.687718,,,,
8,84,84.000000,agent_3,actor_logits,1,1,4,6.166273,-9.698759,1.986700,0.368254,0.879385,-5.226355,6.166273,4.179573,-9.698759,,,,
8,84,84.000000,agent_4,actor_logits,1,1,4,6.166309,-9.698785,1.986664,0.368261,0.879381,-5.226413,6.166309,4.179645,-9.698785,,,,
8,84,84.000000,agent_5,actor_logits,1,1,4,6.166480,-9.698917,1.986873,0.368217,0.879403,-5.226488,6.166480,4.179606,-9.698917,,,,
8,86,86.000000,agent_0,actor_logits,0,1,4,5.282176,-9.464385,2.410924,0.420601,0.887223,5.282176,1.995536,-9.464385,2.871252,,,,
8,86,86.000000,agent_1,actor_logits,0,1,4,5.291152,-9.472705,2.422275,0.417762,0.888299,5.291152,1.995042,-9.472705,2.868877,,,,
8,86,86.000000,agent_2,actor_logits,0,1,4,5.282215,-9.464351,2.410987,0.420578,0.887232,5.282215,1.995447,-9.464351,2.871228,,,,
8,86,86.000000,agent_3,actor_logits,0,1,4,5.292315,-9.473144,2.420662,0.417607,0.888312,5.292315,1.991882,-9.473144,2.871653,,,,
8,86,86.000000,agent_4,actor_logits,0,1,4,5.292260,-9.473073,2.420581,0.417624,0.888305,5.292260,1.991866,-9.473073,2.871679,,,,
8,86,86.000000,agent_5,actor_logits,0,1,4,5.292302,-9.473138,2.420615,0.417617,0.888308,5.292302,1.991890,-9.473138,2.871687,,,,
8,88,88.000000,agent_0,actor_logits,1,1,4,6.610335,-6.118718,4.861532,0.045133,0.992314,-5.850412,6.610335,1.748803,-6.118718,,,,
8,88,88.000000,agent_1,actor_logits,1,1,4,6.606336,-6.125185,4.859720,0.045201,0.992300,-5.839867,6.606336,1.746615,-6.125185,,,,
8,88,88.000000,agent_2,actor_logits,1,1,4,6.610300,-6.118854,4.861457,0.045136,0.992313,-5.850370,6.610300,1.748843,-6.118854,,,,
8,88,88.000000,agent_3,actor_logits,1,1,4,6.604118,-6.118111,4.858387,0.045251,0.992290,-5.839903,6.604118,1.745731,-6.118111,,,,
8,88,88.000000,agent_4,actor_logits,1,1,4,6.604128,-6.117995,4.858416,0.045250,0.992290,-5.839953,6.604128,1.745712,-6.117995,,,,
8,88,88.000000,agent_5,actor_logits,1,1,4,6.604113,-6.117890,4.858450,0.045249,0.992290,-5.839919,6.604113,1.745663,-6.117890,,,,
8,90,90.000000,agent_0,actor_logits,1,1,4,8.378442,-7.865151,5.700188,0.022519,0.996651,-2.779330,8.378442,-7.865151,2.678254,,,,
8,90,90.000000,agent_1,actor_logits,1,1,4,8.378355,-7.873536,5.700556,0.022514,0.996653,-2.769549,8.378355,-7.873536,2.677799,,,,
8,90,90.000000,agent_2,actor_logits,1,1,4,8.378429,-7.865257,5.700195,0.022519,0.996651,-2.779211,8.378429,-7.865257,2.678234,,,,
8,90,90.000000,agent_3,actor_logits,1,1,4,8.379679,-7.869674,5.702101,0.022484,0.996658,-2.774235,8.379679,-7.869674,2.677578,,,,
8,90,90.000000,agent_4,actor_logits,1,1,4,8.379675,-7.869568,5.702125,0.022483,0.996658,-2.774323,8.379675,-7.869568,2.677551,,,,
8,90,90.000000,agent_5,actor_logits,1,1,4,8.379693,-7.869506,5.702151,0.022483,0.996658,-2.774383,8.379693,-7.869506,2.677542,,,,
8,92,92.000000,agent_0,actor_logits,1,1,4,10.965111,-10.197178,7.349766,0.005369,0.999357,-3.971935,10.965111,-10.197178,3.615345,,,,
8,92,92.000000,agent_1,actor_logits,1,1,4,10.961763,-10.199739,7.347319,0.005380,0.999356,-3.965083,10.961763,-10.199739,3.614444,,,,
8,92,92.000000,agent_2,actor_logits,1,1,4,10.965057,-10.197268,7.349751,0.005369,0.999357,-3.971776,10.965057,-10.197268,3.615307,,,,
8,92,92.000000,agent_3,actor_logits,1,1,4,10.963203,-10.197643,7.347333,0.005380,0.999356,-3.969201,10.963203,-10.197643,3.615870,,,,
8,92,92.000000,agent_4,actor_logits,1,1,4,10.963215,-10.197585,7.347372,0.005380,0.999356,-3.969249,10.963215,-10.197585,3.615843,,,,
8,92,92.000000,agent_5,actor_logits,1,1,4,10.963244,-10.197527,7.347388,0.005380,0.999356,-3.969336,10.963244,-10.197527,3.615857,,,,
8,94,94.000000,agent_0,actor_logits,1,1,4,7.920936,-12.965980,2.274570,0.316718,0.905961,0.971166,7.920936,-12.965980,5.646367,,,,
8,94,94.000000,agent_1,actor_logits,1,1,4,7.918431,-12.968390,2.273888,0.316903,0.905896,0.977863,7.918431,-12.968390,5.644543,,,,
8,94,94.000000,agent_2,actor_logits,1,1,4,7.920887,-12.966086,2.274593,0.316715,0.905963,0.971378,7.920887,-12.966086,5.646294,,,,
8,94,94.000000,agent_3,actor_logits,1,1,4,7.919973,-12.965723,2.273293,0.316972,0.905852,0.971904,7.919973,-12.965723,5.646680,,,,
8,94,94.000000,agent_4,actor_logits,1,1,4,7.919958,-12.965670,2.273282,0.316974,0.905851,0.971866,7.919958,-12.965670,5.646676,,,,
8,94,94.000000,agent_5,actor_logits,1,1,4,7.919979,-12.965594,2.273259,0.316978,0.905849,0.971737,7.919979,-12.965594,5.646719,,,,
8,96,96.000000,agent_0,actor_logits,1,1,4,9.199643,-11.512757,4.819226,0.046976,0.991962,-1.205378,9.199643,-11.512757,4.380417,,,,
8,96,96.000000,agent_1,actor_logits,1,1,4,9.198477,-11.516708,4.819331,0.046975,0.991962,-1.198789,9.198477,-11.516708,4.379146,,,,
8,96,96.000000,agent_2,actor_logits,1,1,4,9.199594,-11.512890,4.819230,0.046976,0.991962,-1.205141,9.199594,-11.512890,4.380364,,,,
8,96,96.000000,agent_3,actor_logits,1,1,4,9.199934,-11.513535,4.819053,0.046983,0.991960,-1.205173,9.199934,-11.513535,4.380881,,,,
8,96,96.000000,agent_4,actor_logits,1,1,4,9.199903,-11.513453,4.819047,0.046983,0.991960,-1.205209,9.199903,-11.513453,4.380856,,,,
8,96,96.000000,agent_5,actor_logits,1,1,4,9.199926,-11.513363,4.819043,0.046983,0.991960,-1.205356,9.199926,-11.513363,4.380884,,,,
8,98,98.000000,agent_0,actor_logits,0,1,3,5.255589,-11.316105,5.459306,0.027388,0.995761,5.255589,-11.316105,-0.203718,,,,,
8,98,98.000000,agent_1,actor_logits,0,1,3,5.257995,-11.319416,5.460264,0.027366,0.995765,5.257995,-11.319416,-0.202268,,,,,
8,98,98.000000,agent_2,actor_logits,0,1,3,5.255690,-11.316243,5.459349,0.027387,0.995762,5.255690,-11.316243,-0.203659,,,,,
8,98,98.000000,agent_3,actor_logits,0,1,3,5.255058,-11.316027,5.458537,0.027406,0.995758,5.255058,-11.316027,-0.203479,,,,,
8,98,98.000000,agent_4,actor_logits,0,1,3,5.255080,-11.315989,5.458595,0.027404,0.995758,5.255080,-11.315989,-0.203515,,,,,
8,98,98.000000,agent_5,actor_logits,0,1,3,5.255021,-11.315900,5.458576,0.027405,0.995758,5.255021,-11.315900,-0.203555,,,,,
8,100,100.000000,agent_0,actor_logits,0,1,3,5.370280,-12.630415,2.337685,0.298002,0.911950,5.370280,3.032595,-12.630415,,,,,
8,100,100.000000,agent_1,actor_logits,0,1,3,5.375010,-12.631234,2.343662,0.296882,0.912429,5.375010,3.031348,-12.631234,,,,,
8,100,100.000000,agent_2,actor_logits,0,1,3,5.370476,-12.630422,2.337966,0.297950,0.911973,5.370476,3.032511,-12.630422,,,,,
8,100,100.000000,agent_3,actor_logits,0,1,3,5.370166,-12.630630,2.337185,0.298096,0.911910,5.370166,3.032981,-12.630630,,,,,
8,100,100.000000,agent_4,actor_logits,0,1,3,5.370095,-12.630631,2.337080,0.298116,0.911902,5.370095,3.033015,-12.630631,,,,,
8,100,100.000000,agent_5,actor_logits,0,1,3,5.369961,-12.630630,2.336887,0.298152,0.911886,5.369961,3.033074,-12.630630,,,,,
8,102,102.000000,agent_0,actor_logits,0,1,2,6.128727,-21.400005,27.528732,0.000000,1.000000,6.128727,-21.400005,,,,,,
8,102,102.000000,agent_1,actor_logits,0,1,2,6.132149,-21.399069,27.531218,0.000000,1.000000,6.132149,-21.399069,,,,,,
8,102,102.000000,agent_2,actor_logits,0,1,2,6.128874,-21.399961,27.528835,0.000000,1.000000,6.128874,-21.399961,,,,,,
8,102,102.000000,agent_3,actor_logits,0,1,2,6.128455,-21.400135,27.528589,0.000000,1.000000,6.128455,-21.400135,,,,,,
8,102,102.000000,agent_4,actor_logits,0,1,2,6.128449,-21.400139,27.528587,0.000000,1.000000,6.128449,-21.400139,,,,,,
8,102,102.000000,agent_5,actor_logits,0,1,2,6.128356,-21.400167,27.528524,0.000000,1.000000,6.128356,-21.400167,,,,,,
8,104,104.000000,agent_0,actor_logits,1,1,3,4.602271,-14.399640,1.987510,0.367961,0.879479,-14.399640,4.602271,2.614761,,,,,
8,104,104.000000,agent_1,actor_logits,1,1,3,4.604829,-14.398645,1.992220,0.366969,0.879978,-14.398645,4.604829,2.612609,,,,,
8,104,104.000000,agent_2,actor_logits,1,1,3,4.602369,-14.399587,1.987689,0.367923,0.879498,-14.399587,4.602369,2.614680,,,,,
8,104,104.000000,agent_3,actor_logits,1,1,3,4.602471,-14.399974,1.987808,0.367898,0.879511,-14.399974,4.602471,2.614664,,,,,
8,104,104.000000,agent_4,actor_logits,1,1,3,4.602438,-14.399963,1.987753,0.367910,0.879505,-14.399963,4.602438,2.614685,,,,,
8,104,104.000000,agent_5,actor_logits,1,1,3,4.602376,-14.399999,1.987637,0.367934,0.879493,-14.399999,4.602376,2.614738,,,,,
8,106,106.000000,agent_0,actor_logits,2,1,3,10.497521,-8.960428,18.917656,0.000000,1.000000,-8.420134,-8.960428,10.497521,,,,,
8,106,106.000000,agent_1,actor_logits,2,1,3,10.496440,-8.959288,18.915905,0.000000,1.000000,-8.419466,-8.959288,10.496440,,,,,
8,106,106.000000,agent_2,actor_logits,2,1,3,10.497484,-8.960384,18.917587,0.000000,1.000000,-8.420103,-8.960384,10.497484,,,,,
8,106,106.000000,agent_3,actor_logits,2,1,3,10.497306,-8.960303,18.917437,0.000000,1.000000,-8.420131,-8.960303,10.497306,,,,,
8,106,106.000000,agent_4,actor_logits,2,1,3,10.497325,-8.960317,18.917461,0.000000,1.000000,-8.420135,-8.960317,10.497325,,,,,
8,106,106.000000,agent_5,actor_logits,2,1,3,10.497352,-8.960344,18.917507,0.000000,1.000000,-8.420155,-8.960344,10.497352,,,,,
8,108,108.000000,agent_0,actor_logits,2,1,4,4.152375,-9.332023,0.085551,0.740117,0.516321,-9.332023,4.066823,4.152375,0.176987,,,,
8,108,108.000000,agent_1,actor_logits,2,1,4,4.151050,-9.333305,0.082180,0.740216,0.515484,-9.333305,4.068870,4.151050,0.178051,,,,
8,108,108.000000,agent_2,actor_logits,2,1,4,4.152326,-9.332072,0.085424,0.740121,0.516289,-9.332072,4.066902,4.152326,0.177028,,,,
8,108,108.000000,agent_3,actor_logits,2,1,4,4.152227,-9.332047,0.085268,0.740125,0.516251,-9.332047,4.066959,4.152227,0.177009,,,,
8,108,108.000000,agent_4,actor_logits,2,1,4,4.152252,-9.332014,0.085330,0.740122,0.516266,-9.332014,4.066922,4.152252,0.176982,,,,
8,108,108.000000,agent_5,actor_logits,2,1,4,4.152286,-9.331977,0.085417,0.740120,0.516288,-9.331977,4.066869,4.152286,0.176952,,,,
8,110,110.000000,agent_0,actor_logits,3,1,4,2.245986,-3.880136,0.118109,0.855944,0.504101,2.127876,-3.880136,-0.129771,2.245986,,,,
8,110,110.000000,agent_1,actor_logits,3,1,4,2.246578,-3.879001,0.119450,0.855857,0.504432,2.127128,-3.879001,-0.130359,2.246578,,,,
8,110,110.000000,agent_2,actor_logits,3,1,4,2.246010,-3.880092,0.118162,0.855940,0.504114,2.127848,-3.880092,-0.129795,2.246010,,,,
8,110,110.000000,agent_3,actor_logits,3,1,4,2.245951,-3.880030,0.118155,0.855948,0.504111,2.127796,-3.880030,-0.129788,2.245951,,,,
8,110,110.000000,agent_4,actor_logits,3,1,4,2.245932,-3.880054,0.118102,0.855949,0.504099,2.127830,-3.880054,-0.129784,2.245932,,,,
8,110,110.000000,agent_5,actor_logits,3,1,4,2.245913,-3.880084,0.118060,0.855951,0.504088,2.127853,-3.880084,-0.129770,2.245913,,,,
8,112,112.000000,agent_0,actor_logits,0,1,4,10.259526,-5.900224,9.235899,0.001003,0.999902,10.259526,-4.950625,-5.900224,1.023627,,,,
8,112,112.000000,agent_1,actor_logits,0,1,4,10.259245,-5.900370,9.235389,0.001004,0.999902,10.259245,-4.950379,-5.900370,1.023856,,,,
8,112,112.000000,agent_2,actor_logits,0,1,4,10.259518,-5.900229,9.235880,0.001003,0.999902,10.259518,-4.950617,-5.900229,1.023638,,,,
8,112,112.000000,agent_3,actor_logits,0,1,4,10.259476,-5.900261,9.235923,0.001003,0.999902,10.259476,-4.950519,-5.900261,1.023553,,,,
8,112,112.000000,agent_4,actor_logits,0,1,4,10.259503,-5.900267,9.235962,0.001003,0.999902,10.259503,-4.950526,-5.900267,1.023541,,,,
8,112,112.000000,agent_5,actor_logits,0,1,4,10.259516,-5.900267,9.235985,0.001003,0.999902,10.259516,-4.950531,-5.900267,1.023531,,,,
8,114,114.000000,agent_0,actor_logits,2,1,4,5.513364,-7.220828,5.822713,0.025872,0.996359,-0.309349,-1.762618,5.513364,-7.220828,,,,
8,114,114.000000,agent_1,actor_logits,2,1,4,5.513422,-7.220541,5.823042,0.025866,0.996360,-0.309620,-1.762600,5.513422,-7.220541,,,,
8,114,114.000000,agent_2,actor_logits,2,1,4,5.513367,-7.220813,5.822727,0.025871,0.996359,-0.309360,-1.762619,5.513367,-7.220813,,,,
8,114,114.000000,agent_3,actor_logits,2,1,4,5.513320,-7.220911,5.822686,0.025873,0.996359,-0.309365,-1.762516,5.513320,-7.220911,,,,
8,114,114.000000,agent_4,actor_logits,2,1,4,5.513313,-7.220918,5.822660,0.025873,0.996359,-0.309348,-1.762519,5.513313,-7.220918,,,,
8,114,114.000000,agent_5,actor_logits,2,1,4,5.513310,-7.220930,5.822648,0.025873,0.996358,-0.309337,-1.762518,5.513310,-7.220930,,,,
8,116,116.000000,agent_0,actor_logits,0,1,4,16.335466,-17.000891,15.161385,0.000005,1.000000,16.335466,-17.000891,-0.174778,1.174082,,,,
8,116,116.000000,agent_1,actor_logits,0,1,4,16.335121,-17.001013,15.160883,0.000005,1.000000,16.335121,-17.001013,-0.174489,1.174238,,,,
8,116,116.000000,agent_2,actor_logits,0,1,4,16.335451,-17.000898,15.161362,0.000005,1.000000,16.335451,-17.000898,-0.174764,1.174090,,,,
8,116,116.000000,agent_3,actor_logits,0,1,4,16.335455,-17.000826,15.161434,0.000005,1.000000,16.335455,-17.000826,-0.174818,1.174021,,,,
8,116,116.000000,agent_4,actor_logits,0,1,4,16.335459,-17.000826,15.161442,0.000005,1.000000,16.335459,-17.000826,-0.174820,1.174017,,,,
8,116,116.000000,agent_5,actor_logits,0,1,4,16.335470,-17.000822,15.161460,0.000005,1.000000,16.335470,-17.000822,-0.174828,1.174011,,,,
8,118,118.000000,agent_0,actor_logits,1,1,3,5.624936,-8.231061,7.885709,0.003355,0.999623,-2.260772,5.624936,-8.231061,,,,,
8,118,118.000000,agent_1,actor_logits,1,1,3,5.624968,-8.230735,7.886177,0.003353,0.999623,-2.261209,5.624968,-8.230735,,,,,
8,118,118.000000,agent_2,actor_logits,1,1,3,5.624934,-8.231046,7.885722,0.003355,0.999623,-2.260788,5.624934,-8.231046,,,,,
8,118,118.000000,agent_3,actor_logits,1,1,3,5.625100,-8.231148,7.885934,0.003354,0.999623,-2.260834,5.625100,-8.231148,,,,,
8,118,118.000000,agent_4,actor_logits,1,1,3,5.625096,-8.231158,7.885912,0.003354,0.999623,-2.260816,5.625096,-8.231158,,,,,
8,118,118.000000,agent_5,actor_logits,1,1,3,5.625098,-8.231170,7.885901,0.003354,0.999623,-2.260804,5.625098,-8.231170,,,,,
8,120,120.000000,agent_0,actor_logits,2,1,3,5.702315,-9.497911,7.952602,0.003152,0.999648,-2.250287,-9.497911,5.702315,,,,,
8,120,120.000000,agent_1,actor_logits,2,1,3,5.702625,-9.498045,7.953332,0.003150,0.999648,-2.250708,-9.498045,5.702625,,,,,
8,120,120.000000,agent_2,actor_logits,2,1,3,5.702330,-9.497920,7.952633,0.003152,0.999648,-2.250303,-9.497920,5.702330,,,,,
8,120,120.000000,agent_3,actor_logits,2,1,3,5.702258,-9.497822,7.952583,0.003152,0.999648,-2.250325,-9.497822,5.702258,,,,,
8,120,120.000000,agent_4,actor_logits,2,1,3,5.702253,-9.497828,7.952565,0.003152,0.999648,-2.250312,-9.497828,5.702253,,,,,
8,120,120.000000,agent_5,actor_logits,2,1,3,5.702243,-9.497822,7.952543,0.003152,0.999648,-2.250301,-9.497822,5.702243,,,,,
8,122,122.000000,agent_0,actor_logits,0,1,4,4.842806,-3.787393,2.329234,0.303498,0.910879,4.842806,-3.787393,-3.297015,2.513572,,,,
8,122,122.000000,agent_1,actor_logits,0,1,4,4.842707,-3.787847,2.328894,0.303562,0.910851,4.842707,-3.787847,-3.296608,2.513813,,,,
8,122,122.000000,agent_2,actor_logits,0,1,4,4.842803,-3.787411,2.329219,0.303501,0.910878,4.842803,-3.787411,-3.296999,2.513583,,,,
8,122,122.000000,agent_3,actor_logits,0,1,4,4.842781,-3.787337,2.329259,0.303493,0.910881,4.842781,-3.787337,-3.297018,2.513521,,,,
8,122,122.000000,agent_4,actor_logits,0,1,4,4.842776,-3.787328,2.329253,0.303494,0.910881,4.842776,-3.787328,-3.297021,2.513522,,,,
8,122,122.000000,agent_5,actor_logits,0,1,4,4.842777,-3.787313,2.329262,0.303493,0.910881,4.842777,-3.787313,-3.297033,2.513515,,,,
8,124,124.000000,agent_0,actor_logits,0,1,3,4.249339,-5.730965,6.738747,0.009661,0.998771,4.249339,-5.730965,-2.489408,,,,,
8,124,124.000000,agent_1,actor_logits,0,1,3,4.249143,-5.731155,6.738238,0.009665,0.998771,4.249143,-5.731155,-2.489095,,,,,
8,124,124.000000,agent_2,actor_logits,0,1,3,4.249331,-5.730974,6.738725,0.009661,0.998771,4.249331,-5.730974,-2.489394,,,,,
8,124,124.000000,agent_3,actor_logits,0,1,3,4.249342,-5.730919,6.738796,0.009661,0.998771,4.249342,-5.730919,-2.489454,,,,,
8,124,124.000000,agent_4,actor_logits,0,1,3,4.249344,-5.730917,6.738801,0.009661,0.998771,4.249344,-5.730917,-2.489457,,,,,
8,124,124.000000,agent_5,actor_logits,0,1,3,4.249350,-5.730911,6.738816,0.009660,0.998771,4.249350,-5.730911,-2.489466,,,,,
8,126,126.000000,agent_0,actor_logits,0,1,3,14.911104,-15.955873,15.281933,0.000004,1.000000,14.911104,-15.955873,-0.370829,,,,,
8,126,126.000000,agent_1,actor_logits,0,1,3,14.910893,-15.955996,15.281529,0.000004,1.000000,14.910893,-15.955996,-0.370636,,,,,
8,126,126.000000,agent_2,actor_logits,0,1,3,14.911094,-15.955875,15.281915,0.000004,1.000000,14.911094,-15.955875,-0.370821,,,,,
8,126,126.000000,agent_3,actor_logits,0,1,3,14.911160,-15.955927,15.281982,0.000004,1.000000,14.911160,-15.955927,-0.370823,,,,,
8,126,126.000000,agent_4,actor_logits,0,1,3,14.911160,-15.955923,15.281985,0.000004,1.000000,14.911160,-15.955923,-0.370825,,,,,
8,126,126.000000,agent_5,actor_logits,0,1,3,14.911165,-15.955919,15.281997,0.000004,1.000000,14.911165,-15.955919,-0.370831,,,,,
8,128,128.000000,agent_0,actor_logits,0,1,3,13.685724,-10.900559,20.397156,0.000000,1.000000,13.685724,-6.711432,-10.900559,,,,,
8,128,128.000000,agent_1,actor_logits,0,1,3,13.685709,-10.900413,20.397375,0.000000,1.000000,13.685709,-6.711667,-10.900413,,,,,
8,128,128.000000,agent_2,actor_logits,0,1,3,13.685722,-10.900554,20.397165,0.000000,1.000000,13.685722,-6.711442,-10.900554,,,,,
8,128,128.000000,agent_3,actor_logits,0,1,3,13.685715,-10.900578,20.397146,0.000000,1.000000,13.685715,-6.711432,-10.900578,,,,,
8,128,128.000000,agent_4,actor_logits,0,1,3,13.685715,-10.900577,20.397144,0.000000,1.000000,13.685715,-6.711429,-10.900577,,,,,
8,128,128.000000,agent_5,actor_logits,0,1,3,13.685715,-10.900581,20.397137,0.000000,1.000000,13.685715,-6.711422,-10.900581,,,,,
8,130,130.000000,agent_0,actor_logits,0,1,3,9.336647,-13.644326,8.635873,0.001711,0.999822,9.336647,-13.644326,0.700775,,,,,
8,130,130.000000,agent_1,actor_logits,0,1,3,9.336535,-13.644363,8.635704,0.001711,0.999822,9.336535,-13.644363,0.700831,,,,,
8,130,130.000000,agent_2,actor_logits,0,1,3,9.336643,-13.644328,8.635866,0.001711,0.999822,9.336643,-13.644328,0.700777,,,,,
8,130,130.000000,agent_3,actor_logits,0,1,3,9.336643,-13.644327,8.635875,0.001711,0.999822,9.336643,-13.644327,0.700768,,,,,
8,130,130.000000,agent_4,actor_logits,0,1,3,9.336643,-13.644326,8.635875,0.001711,0.999822,9.336643,-13.644326,0.700769,,,,,
8,130,130.000000,agent_5,actor_logits,0,1,3,9.336645,-13.644325,8.635879,0.001711,0.999822,9.336645,-13.644325,0.700767,,,,,
8,132,132.000000,agent_0,actor_logits,2,1,3,6.852693,-14.742190,1.200217,0.541006,0.768563,5.652476,-14.742190,6.852693,,,,,
8,132,132.000000,agent_1,actor_logits,2,1,3,6.852762,-14.742124,1.200355,0.540977,0.768588,5.652407,-14.742124,6.852762,,,,,
8,132,132.000000,agent_2,actor_logits,2,1,3,6.852696,-14.742188,1.200223,0.541005,0.768565,5.652473,-14.742188,6.852696,,,,,
8,132,132.000000,agent_3,actor_logits,2,1,3,6.852692,-14.742193,1.200222,0.541005,0.768564,5.652470,-14.742193,6.852692,,,,,
8,132,132.000000,agent_4,actor_logits,2,1,3,6.852692,-14.742193,1.200221,0.541006,0.768564,5.652471,-14.742193,6.852692,,,,,
8,132,132.000000,agent_5,actor_logits,2,1,3,6.852690,-14.742196,1.200218,0.541006,0.768564,5.652472,-14.742196,6.852690,,,,,
8,134,134.000000,agent_0,actor_logits,1,1,4,6.485471,-8.681793,3.011649,0.193064,0.952677,-8.681793,6.485471,-1.191216,3.473822,,,,
8,134,134.000000,agent_1,actor_logits,1,1,4,6.485373,-8.681713,3.011571,0.193075,0.952673,-8.681713,6.485373,-1.191162,3.473803,,,,
8,134,134.000000,agent_2,actor_logits,1,1,4,6.485467,-8.681789,3.011648,0.193065,0.952676,-8.681789,6.485467,-1.191214,3.473820,,,,
8,134,134.000000,agent_3,actor_logits,1,1,4,6.485465,-8.681805,3.011618,0.193069,0.952675,-8.681805,6.485465,-1.191211,3.473847,,,,
8,134,134.000000,agent_4,actor_logits,1,1,4,6.485466,-8.681806,3.011620,0.193068,0.952675,-8.681806,6.485466,-1.191211,3.473846,,,,
8,134,134.000000,agent_5,actor_logits,1,1,4,6.485468,-8.681808,3.011622,0.193068,0.952675,-8.681808,6.485468,-1.191213,3.473847,,,,
8,136,136.000000,agent_0,actor_logits,1,1,3,2.048435,-4.490795,6.453820,0.022571,0.996989,-4.405385,2.048435,-4.490795,,,,,
8,136,136.000000,agent_1,actor_logits,1,1,3,2.048380,-4.490758,6.453724,0.022573,0.996989,-4.405344,2.048380,-4.490758,,,,,
8,136,136.000000,agent_2,actor_logits,1,1,3,2.048432,-4.490793,6.453814,0.022571,0.996989,-4.405382,2.048432,-4.490793,,,,,
8,136,136.000000,agent_3,actor_logits,1,1,3,2.048437,-4.490797,6.453825,0.022571,0.996989,-4.405388,2.048437,-4.490797,,,,,
8,136,136.000000,agent_4,actor_logits,1,1,3,2.048438,-4.490798,6.453827,0.022571,0.996989,-4.405389,2.048438,-4.490798,,,,,
8,136,136.000000,agent_5,actor_logits,1,1,3,2.048439,-4.490798,6.453828,0.022571,0.996989,-4.405389,2.048439,-4.490798,,,,,
8,138,138.000000,agent_0,actor_logits,0,1,4,5.308382,-8.042942,3.114764,0.213784,0.951297,5.308382,-8.042942,0.318421,2.193617,,,,
8,138,138.000000,agent_1,actor_logits,0,1,4,5.308444,-8.042993,3.114805,0.213776,0.951299,5.308444,-8.042993,0.318410,2.193638,,,,
8,138,138.000000,agent_2,actor_logits,0,1,4,5.308384,-8.042943,3.114766,0.213784,0.951297,5.308384,-8.042943,0.318419,2.193619,,,,
8,138,138.000000,agent_3,actor_logits,0,1,4,5.308381,-8.042952,3.114756,0.213785,0.951297,5.308381,-8.042952,0.318426,2.193625,,,,
8,138,138.000000,agent_4,actor_logits,0,1,4,5.308382,-8.042951,3.114757,0.213785,0.951297,5.308382,-8.042951,0.318425,2.193624,,,,
8,138,138.000000,agent_5,actor_logits,0,1,4,5.308378,-8.042950,3.114753,0.213786,0.951296,5.308378,-8.042950,0.318426,2.193625,,,,
8,140,140.000000,agent_0,actor_logits,0,1,3,14.842919,-14.437695,20.599003,0.000000,1.000000,14.842919,-5.756083,-14.437695,,,,,
8,140,140.000000,agent_1,actor_logits,0,1,3,14.842907,-14.437671,20.599007,0.000000,1.000000,14.842907,-5.756100,-14.437671,,,,,
8,140,140.000000,agent_2,actor_logits,0,1,3,14.842919,-14.437693,20.599003,0.000000,1.000000,14.842919,-5.756084,-14.437693,,,,,
8,140,140.000000,agent_3,actor_logits,0,1,3,14.842919,-14.437690,20.599009,0.000000,1.000000,14.842919,-5.756089,-14.437690,,,,,
8,140,140.000000,agent_4,actor_logits,0,1,3,14.842920,-14.437690,20.599010,0.000000,1.000000,14.842920,-5.756090,-14.437690,,,,,
8,140,140.000000,agent_5,actor_logits,0,1,3,14.842920,-14.437690,20.599009,0.000000,1.000000,14.842920,-5.756089,-14.437690,,,,,
8,142,142.000000,agent_0,actor_logits,0,1,2,-6.892826,-7.530344,0.637518,0.644813,0.654192,-6.892826,-7.530344,,,,,,
8,142,142.000000,agent_1,actor_logits,0,1,2,-6.892830,-7.530361,0.637531,0.644811,0.654195,-6.892830,-7.530361,,,,,,
8,142,142.000000,agent_2,actor_logits,0,1,2,-6.892826,-7.530345,0.637520,0.644813,0.654193,-6.892826,-7.530345,,,,,,
8,142,142.000000,agent_3,actor_logits,0,1,2,-6.892825,-7.530350,0.637525,0.644812,0.654194,-6.892825,-7.530350,,,,,,
8,142,142.000000,agent_4,actor_logits,0,1,2,-6.892825,-7.530350,0.637526,0.644812,0.654194,-6.892825,-7.530350,,,,,,
8,142,142.000000,agent_5,actor_logits,0,1,2,-6.892826,-7.530349,0.637524,0.644812,0.654194,-6.892826,-7.530349,,,,,,
8,144,144.000000,agent_0,actor_logits,1,1,3,-0.208412,-4.699139,3.060140,0.239643,0.945096,-3.268553,-0.208412,-4.699139,,,,,
8,144,144.000000,agent_1,actor_logits,1,1,3,-0.208402,-4.699112,3.060176,0.239639,0.945097,-3.268578,-0.208402,-4.699112,,,,,
8,144,144.000000,agent_2,actor_logits,1,1,3,-0.208413,-4.699137,3.060140,0.239643,0.945096,-3.268553,-0.208413,-4.699137,,,,,
8,144,144.000000,agent_3,actor_logits,1,1,3,-0.208400,-4.699126,3.060174,0.239638,0.945097,-3.268574,-0.208400,-4.699126,,,,,
8,144,144.000000,agent_4,actor_logits,1,1,3,-0.208401,-4.699127,3.060169,0.239639,0.945097,-3.268571,-0.208401,-4.699127,,,,,
8,144,144.000000,agent_5,actor_logits,1,1,3,-0.208401,-4.699127,3.060171,0.239639,0.945097,-3.268572,-0.208401,-4.699127,,,,,
8,146,146.000000,agent_0,actor_logits,2,1,3,8.036204,-21.138418,3.860564,0.100450,0.979378,-21.138418,4.175640,8.036204,,,,,
8,146,146.000000,agent_1,actor_logits,2,1,3,8.036231,-21.138433,3.860594,0.100447,0.979379,-21.138433,4.175637,8.036231,,,,,
8,146,146.000000,agent_2,actor_logits,2,1,3,8.036206,-21.138418,3.860567,0.100449,0.979378,-21.138418,4.175640,8.036206,,,,,
8,146,146.000000,agent_3,actor_logits,2,1,3,8.036219,-21.138432,3.860580,0.100448,0.979378,-21.138432,4.175639,8.036219,,,,,
8,146,146.000000,agent_4,actor_logits,2,1,3,8.036216,-21.138430,3.860577,0.100449,0.979378,-21.138430,4.175639,8.036216,,,,,
8,146,146.000000,agent_5,actor_logits,2,1,3,8.036216,-21.138430,3.860577,0.100449,0.979378,-21.138430,4.175639,8.036216,,,,,
8,148,148.000000,agent_0,actor_logits,3,1,4,8.923635,-12.404362,4.585525,0.062147,0.989217,-12.404362,4.338109,1.662560,8.923635,,,,
8,148,148.000000,agent_1,actor_logits,3,1,4,8.923623,-12.404329,4.585560,0.062146,0.989217,-12.404329,4.338063,1.662584,8.923623,,,,
8,148,148.000000,agent_2,actor_logits,3,1,4,8.923635,-12.404361,4.585527,0.062147,0.989217,-12.404361,4.338108,1.662561,8.923635,,,,
8,148,148.000000,agent_3,actor_logits,3,1,4,8.923631,-12.404351,4.585542,0.062147,0.989217,-12.404351,4.338089,1.662573,8.923631,,,,
8,148,148.000000,agent_4,actor_logits,3,1,4,8.923630,-12.404352,4.585537,0.062147,0.989217,-12.404352,4.338092,1.662571,8.923630,,,,
8,148,148.000000,agent_5,actor_logits,3,1,4,8.923631,-12.404352,4.585539,0.062147,0.989217,-12.404352,4.338092,1.662571,8.923631,,,,
8,150,150.000000,agent_0,actor_logits,3,1,4,6.130095,-8.501975,1.736598,0.445380,0.847066,0.710039,4.393497,-8.501975,6.130095,,,,
8,150,150.000000,agent_1,actor_logits,3,1,4,6.130089,-8.501947,1.736651,0.445369,0.847072,0.710079,4.393437,-8.501947,6.130089,,,,
8,150,150.000000,agent_2,actor_logits,3,1,4,6.130095,-8.501975,1.736599,0.445379,0.847066,0.710040,4.393496,-8.501975,6.130095,,,,
8,150,150.000000,agent_3,actor_logits,3,1,4,6.130090,-8.501966,1.736618,0.445376,0.847068,0.710057,4.393472,-8.501966,6.130090,,,,
8,150,150.000000,agent_4,actor_logits,3,1,4,6.130090,-8.501968,1.736613,0.445377,0.847068,0.710055,4.393477,-8.501968,6.130090,,,,
8,150,150.000000,agent_5,actor_logits,3,1,4,6.130091,-8.501967,1.736614,0.445376,0.847068,0.710055,4.393476,-8.501967,6.130091,,,,
8,152,152.000000,agent_0,actor_logits,1,1,4,5.246722,-4.488686,2.477709,0.275119,0.922303,-3.056292,5.246722,-4.488686,2.769014,,,,
8,152,152.000000,agent_1,actor_logits,1,1,4,5.246691,-4.488658,2.477682,0.275124,0.922301,-3.056278,5.246691,-4.488658,2.769009,,,,
8,152,152.000000,agent_2,actor_logits,1,1,4,5.246722,-4.488685,2.477708,0.275119,0.922303,-3.056292,5.246722,-4.488685,2.769013,,,,
8,152,152.000000,agent_3,actor_logits,1,1,4,5.246708,-4.488673,2.477697,0.275121,0.922302,-3.056285,5.246708,-4.488673,2.769011,,,,
8,152,152.000000,agent_4,actor_logits,1,1,4,5.246710,-4.488676,2.477698,0.275121,0.922302,-3.056287,5.246710,-4.488676,2.769012,,,,
8,152,152.000000,agent_5,actor_logits,1,1,4,5.246710,-4.488675,2.477699,0.275120,0.922303,-3.056286,5.246710,-4.488675,2.769011,,,,
8,154,154.000000,agent_0,actor_logits,1,1,4,7.337011,-11.344431,3.595706,0.128872,0.972601,3.741305,7.337011,-11.344431,0.113563,,,,
8,154,154.000000,agent_1,actor_logits,1,1,4,7.336977,-11.344411,3.595661,0.128877,0.972600,3.741316,7.336977,-11.344411,0.113574,,,,
8,154,154.000000,agent_2,actor_logits,1,1,4,7.337009,-11.344431,3.595704,0.128872,0.972601,3.741305,7.337009,-11.344431,0.113563,,,,
8,154,154.000000,agent_3,actor_logits,1,1,4,7.336994,-11.344420,3.595683,0.128875,0.972601,3.741311,7.336994,-11.344420,0.113567,,,,
8,154,154.000000,agent_4,actor_logits,1,1,4,7.336998,-11.344424,3.595687,0.128874,0.972601,3.741311,7.336998,-11.344424,0.113565,,,,
8,154,154.000000,agent_5,actor_logits,1,1,4,7.336996,-11.344423,3.595685,0.128874,0.972601,3.741311,7.336996,-11.344423,0.113566,,,,
8,156,156.000000,agent_0,actor_logits,0,1,3,9.459590,-10.460035,11.936921,0.000085,0.999993,9.459590,-10.460035,-2.477331,,,,,
8,156,156.000000,agent_1,actor_logits,0,1,3,9.459575,-10.460022,11.936902,0.000085,0.999993,9.459575,-10.460022,-2.477328,,,,,
8,156,156.000000,agent_2,actor_logits,0,1,3,9.459589,-10.460033,11.936921,0.000085,0.999993,9.459589,-10.460033,-2.477332,,,,,
8,156,156.000000,agent_3,actor_logits,0,1,3,9.459581,-10.460028,11.936910,0.000085,0.999993,9.459581,-10.460028,-2.477328,,,,,
8,156,156.000000,agent_4,actor_logits,0,1,3,9.459583,-10.460030,11.936913,0.000085,0.999993,9.459583,-10.460030,-2.477329,,,,,
8,156,156.000000,agent_5,actor_logits,0,1,3,9.459584,-10.460030,11.936913,0.000085,0.999993,9.459584,-10.460030,-2.477328,,,,,
8,158,158.000000,agent_0,actor_logits,1,1,3,7.191523,-7.360314,12.406977,0.000062,0.999995,-7.360314,7.191523,-5.215455,,,,,
8,158,158.000000,agent_1,actor_logits,1,1,3,7.191525,-7.360301,12.406984,0.000062,0.999995,-7.360301,7.191525,-5.215459,,,,,
8,158,158.000000,agent_2,actor_logits,1,1,3,7.191523,-7.360315,12.406977,0.000062,0.999995,-7.360315,7.191523,-5.215454,,,,,
8,158,158.000000,agent_3,actor_logits,1,1,3,7.191524,-7.360309,12.406979,0.000062,0.999995,-7.360309,7.191524,-5.215455,,,,,
8,158,158.000000,agent_4,actor_logits,1,1,3,7.191524,-7.360309,12.406980,0.000062,0.999995,-7.360309,7.191524,-5.215456,,,,,
8,158,158.000000,agent_5,actor_logits,1,1,3,7.191524,-7.360309,12.406979,0.000062,0.999995,-7.360309,7.191524,-5.215455,,,,,
8,160,160.000000,agent_0,actor_logits,0,1,4,6.544278,-12.988231,2.408237,0.370046,0.900919,6.544278,2.632425,-12.988231,4.136042,,,,
8,160,160.000000,agent_1,actor_logits,0,1,4,6.544292,-12.988238,2.408254,0.370042,0.900921,6.544292,2.632421,-12.988238,4.136038,,,,
8,160,160.000000,agent_2,actor_logits,0,1,4,6.544277,-12.988231,2.408235,0.370047,0.900919,6.544277,2.632426,-12.988231,4.136042,,,,
8,160,160.000000,agent_3,actor_logits,0,1,4,6.544283,-12.988235,2.408244,0.370045,0.900920,6.544283,2.632425,-12.988235,4.136040,,,,
8,160,160.000000,agent_4,actor_logits,0,1,4,6.544283,-12.988235,2.408243,0.370045,0.900920,6.544283,2.632425,-12.988235,4.136040,,,,
8,160,160.000000,agent_5,actor_logits,0,1,4,6.544283,-12.988235,2.408243,0.370045,0.900920,6.544283,2.632425,-12.988235,4.136041,,,,
8,162,162.000000,agent_0,actor_logits,3,1,4,6.731666,-9.960656,2.134702,0.344370,0.893441,-9.960656,4.596964,-0.188267,6.731666,,,,
8,162,162.000000,agent_1,actor_logits,3,1,4,6.731663,-9.960650,2.134698,0.344371,0.893441,-9.960650,4.596965,-0.188271,6.731663,,,,
8,162,162.000000,agent_2,actor_logits,3,1,4,6.731667,-9.960656,2.134702,0.344370,0.893441,-9.960656,4.596964,-0.188267,6.731667,,,,
8,162,162.000000,agent_3,actor_logits,3,1,4,6.731665,-9.960653,2.134699,0.344371,0.893441,-9.960653,4.596966,-0.188271,6.731665,,,,
8,162,162.000000,agent_4,actor_logits,3,1,4,6.731665,-9.960653,2.134699,0.344371,0.893441,-9.960653,4.596966,-0.188271,6.731665,,,,
8,162,162.000000,agent_5,actor_logits,3,1,4,6.731666,-9.960654,2.134699,0.344371,0.893441,-9.960654,4.596966,-0.188270,6.731666,,,,
8,164,164.000000,agent_0,actor_logits,1,1,4,7.381871,-9.550187,3.844706,0.103874,0.978825,-0.949645,7.381871,-9.550187,3.537166,,,,
8,164,164.000000,agent_1,actor_logits,1,1,4,7.381869,-9.550189,3.844706,0.103874,0.978825,-0.949640,7.381869,-9.550189,3.537163,,,,
8,164,164.000000,agent_2,actor_logits,1,1,4,7.381871,-9.550187,3.844705,0.103874,0.978825,-0.949646,7.381871,-9.550187,3.537165,,,,
8,164,164.000000,agent_3,actor_logits,1,1,4,7.381872,-9.550189,3.844707,0.103874,0.978825,-0.949644,7.381872,-9.550189,3.537165,,,,
8,164,164.000000,agent_4,actor_logits,1,1,4,7.381873,-9.550189,3.844708,0.103874,0.978825,-0.949645,7.381873,-9.550189,3.537165,,,,
8,164,164.000000,agent_5,actor_logits,1,1,4,7.381872,-9.550189,3.844707,0.103874,0.978825,-0.949645,7.381872,-9.550189,3.537166,,,,
8,166,166.000000,agent_0,actor_logits,0,1,3,10.722959,-12.381875,12.167830,0.000068,0.999995,10.722959,-12.381875,-1.444872,,,,,
8,166,166.000000,agent_1,actor_logits,0,1,3,10.722960,-12.381872,12.167833,0.000068,0.999995,10.722960,-12.381872,-1.444872,,,,,
8,166,166.000000,agent_2,actor_logits,0,1,3,10.722959,-12.381874,12.167830,0.000068,0.999995,10.722959,-12.381874,-1.444872,,,,,
8,166,166.000000,agent_3,actor_logits,0,1,3,10.722958,-12.381873,12.167830,0.000068,0.999995,10.722958,-12.381873,-1.444872,,,,,
8,166,166.000000,agent_4,actor_logits,0,1,3,10.722960,-12.381874,12.167832,0.000068,0.999995,10.722960,-12.381874,-1.444872,,,,,
8,166,166.000000,agent_5,actor_logits,0,1,3,10.722958,-12.381874,12.167830,0.000068,0.999995,10.722958,-12.381874,-1.444872,,,,,
8,168,168.000000,agent_0,actor_logits,0,1,3,17.654444,-14.515000,21.767277,0.000000,1.000000,17.654444,-4.112833,-14.515000,,,,,
8,168,168.000000,agent_1,actor_logits,0,1,3,17.654444,-14.514998,21.767275,0.000000,1.000000,17.654444,-4.112831,-14.514998,,,,,
8,168,168.000000,agent_2,actor_logits,0,1,3,17.654444,-14.515000,21.767277,0.000000,1.000000,17.654444,-4.112832,-14.515000,,,,,
8,168,168.000000,agent_3,actor_logits,0,1,3,17.654444,-14.515000,21.767275,0.000000,1.000000,17.654444,-4.112831,-14.515000,,,,,
8,168,168.000000,agent_4,actor_logits,0,1,3,17.654444,-14.515000,21.767275,0.000000,1.000000,17.654444,-4.112832,-14.515000,,,,,
8,168,168.000000,agent_5,actor_logits,0,1,3,17.654444,-14.514998,21.767275,0.000000,1.000000,17.654444,-4.112831,-14.514998,,,,,
8,170,170.000000,agent_0,actor_logits,0,1,2,-3.061288,-6.642169,3.580881,0.124500,0.972904,-3.061288,-6.642169,,,,,,
8,170,170.000000,agent_1,actor_logits,0,1,2,-3.061289,-6.642169,3.580880,0.124500,0.972903,-3.061289,-6.642169,,,,,,
8,170,170.000000,agent_2,actor_logits,0,1,2,-3.061289,-6.642169,3.580881,0.124500,0.972904,-3.061289,-6.642169,,,,,,
8,170,170.000000,agent_3,actor_logits,0,1,2,-3.061290,-6.642170,3.580880,0.124500,0.972903,-3.061290,-6.642170,,,,,,
8,170,170.000000,agent_4,actor_logits,0,1,2,-3.061290,-6.642170,3.580880,0.124500,0.972903,-3.061290,-6.642170,,,,,,
8,170,170.000000,agent_5,actor_logits,0,1,2,-3.061290,-6.642170,3.580881,0.124500,0.972904,-3.061290,-6.642170,,,,,,
8,172,172.000000,agent_0,actor_logits,0,1,3,5.385826,-10.098872,6.800233,0.008680,0.998887,5.385826,-1.414408,-10.098872,,,,,
8,172,172.000000,agent_1,actor_logits,0,1,3,5.385825,-10.098871,6.800233,0.008680,0.998887,5.385825,-1.414408,-10.098871,,,,,
8,172,172.000000,agent_2,actor_logits,0,1,3,5.385826,-10.098872,6.800232,0.008680,0.998887,5.385826,-1.414407,-10.098872,,,,,
8,172,172.000000,agent_3,actor_logits,0,1,3,5.385825,-10.098871,6.800233,0.008680,0.998887,5.385825,-1.414408,-10.098871,,,,,
8,172,172.000000,agent_4,actor_logits,0,1,3,5.385825,-10.098872,6.800233,0.008680,0.998887,5.385825,-1.414408,-10.098872,,,,,
8,172,172.000000,agent_5,actor_logits,0,1,3,5.385826,-10.098872,6.800233,0.008680,0.998887,5.385826,-1.414408,-10.098872,,,,,
8,174,174.000000,agent_0,actor_logits,1,1,2,-3.805362,-11.966633,8.161271,0.002615,0.999715,-11.966633,-3.805362,,,,,,
8,174,174.000000,agent_1,actor_logits,1,1,2,-3.805362,-11.966633,8.161271,0.002615,0.999715,-11.966633,-3.805362,,,,,,
8,174,174.000000,agent_2,actor_logits,1,1,2,-3.805361,-11.966633,8.161272,0.002615,0.999715,-11.966633,-3.805361,,,,,,
8,174,174.000000,agent_3,actor_logits,1,1,2,-3.805363,-11.966633,8.161270,0.002615,0.999715,-11.966633,-3.805363,,,,,,
8,174,174.000000,agent_4,actor_logits,1,1,2,-3.805362,-11.966633,8.161271,0.002615,0.999715,-11.966633,-3.805362,,,,,,
8,174,174.000000,agent_5,actor_logits,1,1,2,-3.805362,-11.966633,8.161271,0.002615,0.999715,-11.966633,-3.805362,,,,,,
8,176,176.000000,agent_0,actor_logits,2,1,3,3.809264,-12.844238,2.888192,0.206507,0.947260,-12.844238,0.921073,3.809264,,,,,
8,176,176.000000,agent_1,actor_logits,2,1,3,3.809266,-12.844236,2.888195,0.206507,0.947260,-12.844236,0.921071,3.809266,,,,,
8,176,176.000000,agent_2,actor_logits,2,1,3,3.809264,-12.844238,2.888191,0.206508,0.947259,-12.844238,0.921073,3.809264,,,,,
8,176,176.000000,agent_3,actor_logits,2,1,3,3.809265,-12.844236,2.888193,0.206507,0.947260,-12.844236,0.921072,3.809265,,,,,
8,176,176.000000,agent_4,actor_logits,2,1,3,3.809265,-12.844237,2.888193,0.206507,0.947260,-12.844237,0.921072,3.809265,,,,,
8,176,176.000000,agent_5,actor_logits,2,1,3,3.809264,-12.844237,2.888192,0.206507,0.947260,-12.844237,0.921072,3.809264,,,,,
8,178,178.000000,agent_0,actor_logits,2,1,3,7.516413,-11.384652,9.400908,0.000860,0.999917,-11.384652,-1.884495,7.516413,,,,,
8,178,178.000000,agent_1,actor_logits,2,1,3,7.516415,-11.384651,9.400911,0.000860,0.999917,-11.384651,-1.884496,7.516415,,,,,
8,178,178.000000,agent_2,actor_logits,2,1,3,7.516413,-11.384651,9.400908,0.000860,0.999917,-11.384651,-1.884495,7.516413,,,,,
8,178,178.000000,agent_3,actor_logits,2,1,3,7.516414,-11.384651,9.400909,0.000860,0.999917,-11.384651,-1.884495,7.516414,,,,,
8,178,178.000000,agent_4,actor_logits,2,1,3,7.516413,-11.384651,9.400908,0.000860,0.999917,-11.384651,-1.884496,7.516413,,,,,
8,178,178.000000,agent_5,actor_logits,2,1,3,7.516414,-11.384651,9.400909,0.000860,0.999917,-11.384651,-1.884495,7.516414,,,,,
8,180,180.000000,agent_0,actor_logits,2,1,3,6.239820,-10.307676,6.001839,0.017285,0.997532,-10.307676,0.237980,6.239820,,,,,
8,180,180.000000,agent_1,actor_logits,2,1,3,6.239820,-10.307676,6.001842,0.017285,0.997532,-10.307676,0.237979,6.239820,,,,,
8,180,180.000000,agent_2,actor_logits,2,1,3,6.239820,-10.307676,6.001840,0.017285,0.997532,-10.307676,0.237980,6.239820,,,,,
8,180,180.000000,agent_3,actor_logits,2,1,3,6.239820,-10.307676,6.001840,0.017285,0.997532,-10.307676,0.237980,6.239820,,,,,
8,180,180.000000,agent_4,actor_logits,2,1,3,6.239820,-10.307676,6.001840,0.017285,0.997532,-10.307676,0.237980,6.239820,,,,,
8,180,180.000000,agent_5,actor_logits,2,1,3,6.239820,-10.307676,6.001840,0.017285,0.997532,-10.307676,0.237980,6.239820,,,,,
8,182,182.000000,agent_0,actor_logits,1,1,3,0.017457,-0.898047,0.592138,1.024883,0.511913,-0.898047,0.017457,-0.574681,,,,,
8,182,182.000000,agent_1,actor_logits,1,1,3,0.017455,-0.898046,0.592135,1.024883,0.511912,-0.898046,0.017455,-0.574680,,,,,
8,182,182.000000,agent_2,actor_logits,1,1,3,0.017456,-0.898046,0.592138,1.024883,0.511912,-0.898046,0.017456,-0.574681,,,,,
8,182,182.000000,agent_3,actor_logits,1,1,3,0.017456,-0.898047,0.592137,1.024883,0.511912,-0.898047,0.017456,-0.574681,,,,,
8,182,182.000000,agent_4,actor_logits,1,1,3,0.017456,-0.898046,0.592138,1.024883,0.511912,-0.898046,0.017456,-0.574681,,,,,
8,182,182.000000,agent_5,actor_logits,1,1,3,0.017456,-0.898046,0.592137,1.024883,0.511912,-0.898046,0.017456,-0.574681,,,,,
8,184,184.000000,agent_0,actor_logits,0,1,4,7.386434,-8.665623,4.703493,0.054988,0.990595,7.386434,-8.665623,-0.363451,2.682940,,,,
8,184,184.000000,agent_1,actor_logits,0,1,4,7.386433,-8.665623,4.703492,0.054988,0.990595,7.386433,-8.665623,-0.363451,2.682941,,,,
8,184,184.000000,agent_2,actor_logits,0,1,4,7.386434,-8.665623,4.703493,0.054988,0.990595,7.386434,-8.665623,-0.363451,2.682941,,,,
8,184,184.000000,agent_3,actor_logits,0,1,4,7.386433,-8.665623,4.703493,0.054988,0.990595,7.386433,-8.665623,-0.363451,2.682940,,,,
8,184,184.000000,agent_4,actor_logits,0,1,4,7.386434,-8.665623,4.703493,0.054988,0.990595,7.386434,-8.665623,-0.363451,2.682940,,,,
8,184,184.000000,agent_5,actor_logits,0,1,4,7.386434,-8.665623,4.703493,0.054988,0.990595,7.386434,-8.665623,-0.363451,2.682941,,,,
8,186,186.000000,agent_0,actor_logits,0,1,4,3.710386,-5.164621,1.151509,0.595587,0.753438,3.710386,-5.164621,-0.803986,2.558877,,,,
8,186,186.000000,agent_1,actor_logits,0,1,4,3.710385,-5.164621,1.151509,0.595587,0.753438,3.710385,-5.164621,-0.803986,2.558877,,,,
8,186,186.000000,agent_2,actor_logits,0,1,4,3.710385,-5.164621,1.151508,0.595587,0.753438,3.710385,-5.164621,-0.803987,2.558877,,,,
8,186,186.000000,agent_3,actor_logits,0,1,4,3.710385,-5.164621,1.151508,0.595587,0.753438,3.710385,-5.164621,-0.803986,2.558877,,,,
8,186,186.000000,agent_4,actor_logits,0,1,4,3.710386,-5.164621,1.151509,0.595587,0.753438,3.710386,-5.164621,-0.803987,2.558877,,,,
8,186,186.000000,agent_5,actor_logits,0,1,4,3.710386,-5.164621,1.151509,0.595587,0.753438,3.710386,-5.164621,-0.803987,2.558877,,,,
8,188,188.000000,agent_0,actor_logits,0,1,4,9.156806,-11.995478,5.814622,0.021763,0.996874,9.156806,-11.995478,0.369398,3.342184,,,,
8,188,188.000000,agent_1,actor_logits,0,1,4,9.156806,-11.995478,5.814623,0.021763,0.996874,9.156806,-11.995478,0.369397,3.342183,,,,
8,188,188.000000,agent_2,actor_logits,0,1,4,9.156807,-11.995478,5.814624,0.021763,0.996874,9.156807,-11.995478,0.369397,3.342183,,,,
8,188,188.000000,agent_3,actor_logits,0,1,4,9.156806,-11.995478,5.814624,0.021763,0.996874,9.156806,-11.995478,0.369397,3.342182,,,,
8,188,188.000000,agent_4,actor_logits,0,1,4,9.156807,-11.995478,5.814625,0.021763,0.996874,9.156807,-11.995478,0.369397,3.342182,,,,
8,188,188.000000,agent_5,actor_logits,0,1,4,9.156807,-11.995478,5.814624,0.021763,0.996874,9.156807,-11.995478,0.369397,3.342183,,,,
8,190,190.000000,agent_0,actor_logits,2,1,4,5.550106,-2.819816,7.747949,0.008314,0.999081,-2.197843,-2.719654,5.550106,-2.819816,,,,
8,190,190.000000,agent_1,actor_logits,2,1,4,5.550106,-2.819816,7.747949,0.008314,0.999081,-2.197843,-2.719654,5.550106,-2.819816,,,,
8,190,190.000000,agent_2,actor_logits,2,1,4,5.550106,-2.819816,7.747949,0.008314,0.999081,-2.197843,-2.719654,5.550106,-2.819816,,,,
8,190,190.000000,agent_3,actor_logits,2,1,4,5.550106,-2.819817,7.747949,0.008314,0.999081,-2.197844,-2.719654,5.550106,-2.819817,,,,
8,190,190.000000,agent_4,actor_logits,2,1,4,5.550106,-2.819816,7.747949,0.008314,0.999081,-2.197844,-2.719654,5.550106,-2.819816,,,,
8,190,190.000000,agent_5,actor_logits,2,1,4,5.550106,-2.819816,7.747949,0.008314,0.999081,-2.197844,-2.719654,5.550106,-2.819816,,,,
8,192,192.000000,agent_0,actor_logits,0,1,4,8.618048,-11.746588,4.213419,0.077255,0.985308,8.618048,-11.746588,-0.450936,4.404629,,,,
8,192,192.000000,agent_1,actor_logits,0,1,4,8.618047,-11.746588,4.213419,0.077255,0.985308,8.618047,-11.746588,-0.450936,4.404628,,,,
8,192,192.000000,agent_2,actor_logits,0,1,4,8.618048,-11.746588,4.213419,0.077255,0.985308,8.618048,-11.746588,-0.450936,4.404628,,,,
8,192,192.000000,agent_3,actor_logits,0,1,4,8.618048,-11.746588,4.213420,0.077255,0.985308,8.618048,-11.746588,-0.450936,4.404627,,,,
8,192,192.000000,agent_4,actor_logits,0,1,4,8.618047,-11.746588,4.213419,0.077255,0.985308,8.618047,-11.746588,-0.450937,4.404628,,,,
8,192,192.000000,agent_5,actor_logits,0,1,4,8.618047,-11.746588,4.213418,0.077255,0.985308,8.618047,-11.746588,-0.450937,4.404629,,,,
8,194,194.000000,agent_0,actor_logits,1,1,3,11.399067,-14.874110,15.287151,0.000004,1.000000,-14.874110,11.399067,-3.888084,,,,,
8,194,194.000000,agent_1,actor_logits,1,1,3,11.399067,-14.874110,15.287152,0.000004,1.000000,-14.874110,11.399067,-3.888085,,,,,
8,194,194.000000,agent_2,actor_logits,1,1,3,11.399067,-14.874111,15.287151,0.000004,1.000000,-14.874111,11.399067,-3.888085,,,,,
8,194,194.000000,agent_3,actor_logits,1,1,3,11.399067,-14.874109,15.287152,0.000004,1.000000,-14.874109,11.399067,-3.888086,,,,,
8,194,194.000000,agent_4,actor_logits,1,1,3,11.399067,-14.874109,15.287152,0.000004,1.000000,-14.874109,11.399067,-3.888085,,,,,
8,194,194.000000,agent_5,actor_logits,1,1,3,11.399068,-14.874109,15.287153,0.000004,1.000000,-14.874109,11.399068,-3.888086,,,,,
8,196,196.000000,agent_0,actor_logits,1,1,3,10.636003,-17.087105,15.080219,0.000004,1.000000,-17.087105,10.636003,-4.444216,,,,,
8,196,196.000000,agent_1,actor_logits,1,1,3,10.636002,-17.087103,15.080217,0.000004,1.000000,-17.087103,10.636002,-4.444216,,,,,
8,196,196.000000,agent_2,actor_logits,1,1,3,10.636003,-17.087105,15.080219,0.000004,1.000000,-17.087105,10.636003,-4.444216,,,,,
8,196,196.000000,agent_3,actor_logits,1,1,3,10.636003,-17.087105,15.080219,0.000004,1.000000,-17.087105,10.636003,-4.444217,,,,,
8,196,196.000000,agent_4,actor_logits,1,1,3,10.636003,-17.087107,15.080221,0.000004,1.000000,-17.087107,10.636003,-4.444217,,,,,
8,196,196.000000,agent_5,actor_logits,1,1,3,10.636002,-17.087105,15.080218,0.000004,1.000000,-17.087105,10.636002,-4.444217,,,,,
8,198,198.000000,agent_0,actor_logits,2,1,3,1.076981,-7.643626,2.676268,0.240333,0.935469,-7.643626,-1.599286,1.076981,,,,,
8,198,198.000000,agent_1,actor_logits,2,1,3,1.076981,-7.643625,2.676268,0.240333,0.935469,-7.643625,-1.599287,1.076981,,,,,
8,198,198.000000,agent_2,actor_logits,2,1,3,1.076981,-7.643626,2.676267,0.240333,0.935469,-7.643626,-1.599286,1.076981,,,,,
8,198,198.000000,agent_3,actor_logits,2,1,3,1.076981,-7.643625,2.676267,0.240333,0.935469,-7.643625,-1.599286,1.076981,,,,,
8,198,198.000000,agent_4,actor_logits,2,1,3,1.076981,-7.643625,2.676267,0.240333,0.935469,-7.643625,-1.599286,1.076981,,,,,
8,198,198.000000,agent_5,actor_logits,2,1,3,1.076981,-7.643626,2.676268,0.240333,0.935469,-7.643626,-1.599287,1.076981,,,,,
8,200,200.000000,agent_0,actor_logits,1,1,4,4.777654,-8.632838,0.783608,0.662340,0.681160,-8.632838,4.777654,0.297087,3.994045,,,,
8,200,200.000000,agent_1,actor_logits,1,1,4,4.777653,-8.632837,0.783608,0.662340,0.681160,-8.632837,4.777653,0.297087,3.994045,,,,
8,200,200.000000,agent_2,actor_logits,1,1,4,4.777654,-8.632839,0.783608,0.662340,0.681160,-8.632839,4.777654,0.297087,3.994046,,,,
8,200,200.000000,agent_3,actor_logits,1,1,4,4.777654,-8.632838,0.783608,0.662340,0.681160,-8.632838,4.777654,0.297087,3.994045,,,,
8,200,200.000000,agent_4,actor_logits,1,1,4,4.777654,-8.632839,0.783608,0.662340,0.681160,-8.632839,4.777654,0.297086,3.994046,,,,
8,200,200.000000,agent_5,actor_logits,1,1,4,4.777653,-8.632837,0.783607,0.662340,0.681160,-8.632837,4.777653,0.297087,3.994046,,,,
8,202,202.000000,agent_0,actor_logits,0,1,4,6.390905,-5.082635,3.357667,0.147656,0.966316,6.390905,-5.082635,-3.986705,3.033238,,,,
8,202,202.000000,agent_1,actor_logits,0,1,4,6.390905,-5.082636,3.357668,0.147656,0.966316,6.390905,-5.082636,-3.986706,3.033238,,,,
8,202,202.000000,agent_2,actor_logits,0,1,4,6.390904,-5.082635,3.357666,0.147656,0.966316,6.390904,-5.082635,-3.986706,3.033238,,,,
8,202,202.000000,agent_3,actor_logits,0,1,4,6.390905,-5.082635,3.357667,0.147656,0.966316,6.390905,-5.082635,-3.986706,3.033237,,,,
8,202,202.000000,agent_4,actor_logits,0,1,4,6.390906,-5.082635,3.357668,0.147656,0.966316,6.390906,-5.082635,-3.986706,3.033237,,,,
8,202,202.000000,agent_5,actor_logits,0,1,4,6.390905,-5.082636,3.357667,0.147656,0.966316,6.390905,-5.082636,-3.986706,3.033238,,,,
8,204,204.000000,agent_0,actor_logits,0,1,3,2.361553,-4.601343,5.208774,0.041244,0.993626,2.361553,-2.847221,-4.601343,,,,,
8,204,204.000000,agent_1,actor_logits,0,1,3,2.361554,-4.601343,5.208776,0.041244,0.993626,2.361554,-2.847222,-4.601343,,,,,
8,204,204.000000,agent_2,actor_logits,0,1,3,2.361552,-4.601343,5.208774,0.041244,0.993626,2.361552,-2.847222,-4.601343,,,,,
8,204,204.000000,agent_3,actor_logits,0,1,3,2.361554,-4.601344,5.208775,0.041244,0.993626,2.361554,-2.847221,-4.601344,,,,,
8,204,204.000000,agent_4,actor_logits,0,1,3,2.361554,-4.601345,5.208775,0.041244,0.993626,2.361554,-2.847221,-4.601345,,,,,
8,204,204.000000,agent_5,actor_logits,0,1,3,2.361554,-4.601343,5.208776,0.041244,0.993626,2.361554,-2.847223,-4.601343,,,,,
8,206,206.000000,agent_0,actor_logits,2,1,3,0.408923,-3.254514,1.114701,0.642322,0.738739,-0.705778,-3.254514,0.408923,,,,,
8,206,206.000000,agent_1,actor_logits,2,1,3,0.408922,-3.254514,1.114699,0.642323,0.738739,-0.705777,-3.254514,0.408922,,,,,
8,206,206.000000,agent_2,actor_logits,2,1,3,0.408922,-3.254513,1.114701,0.642322,0.738739,-0.705778,-3.254513,0.408922,,,,,
8,206,206.000000,agent_3,actor_logits,2,1,3,0.408922,-3.254513,1.114699,0.642323,0.738739,-0.705777,-3.254513,0.408922,,,,,
8,206,206.000000,agent_4,actor_logits,2,1,3,0.408922,-3.254513,1.114699,0.642323,0.738739,-0.705778,-3.254513,0.408922,,,,,
8,206,206.000000,agent_5,actor_logits,2,1,3,0.408923,-3.254515,1.114702,0.642322,0.738739,-0.705778,-3.254515,0.408923,,,,,
8,208,208.000000,agent_0,actor_logits,3,1,4,2.558378,-2.204097,2.565495,0.445628,0.888046,-0.644555,-2.204097,-0.007116,2.558378,,,,
8,208,208.000000,agent_1,actor_logits,3,1,4,2.558378,-2.204096,2.565494,0.445628,0.888045,-0.644556,-2.204096,-0.007116,2.558378,,,,
8,208,208.000000,agent_2,actor_logits,3,1,4,2.558378,-2.204096,2.565495,0.445628,0.888046,-0.644556,-2.204096,-0.007117,2.558378,,,,
8,208,208.000000,agent_3,actor_logits,3,1,4,2.558378,-2.204096,2.565495,0.445628,0.888046,-0.644556,-2.204096,-0.007116,2.558378,,,,
8,208,208.000000,agent_4,actor_logits,3,1,4,2.558377,-2.204095,2.565493,0.445628,0.888045,-0.644556,-2.204095,-0.007116,2.558377,,,,
8,208,208.000000,agent_5,actor_logits,3,1,4,2.558379,-2.204097,2.565495,0.445628,0.888046,-0.644555,-2.204097,-0.007117,2.558379,,,,
8,210,210.000000,agent_0,actor_logits,0,1,4,7.312784,-7.770645,5.490997,0.028361,0.995718,7.312784,-7.770645,-1.329038,1.821787,,,,
8,210,210.000000,agent_1,actor_logits,0,1,4,7.312785,-7.770644,5.490998,0.028361,0.995718,7.312785,-7.770644,-1.329038,1.821786,,,,
8,210,210.000000,agent_2,actor_logits,0,1,4,7.312784,-7.770646,5.490997,0.028361,0.995718,7.312784,-7.770646,-1.329037,1.821787,,,,
8,210,210.000000,agent_3,actor_logits,0,1,4,7.312785,-7.770646,5.490998,0.028361,0.995718,7.312785,-7.770646,-1.329038,1.821787,,,,
8,210,210.000000,agent_4,actor_logits,0,1,4,7.312786,-7.770646,5.490999,0.028361,0.995718,7.312786,-7.770646,-1.329038,1.821787,,,,
8,210,210.000000,agent_5,actor_logits,0,1,4,7.312784,-7.770645,5.490997,0.028361,0.995718,7.312784,-7.770645,-1.329037,1.821787,,,,
8,212,212.000000,agent_0,actor_logits,3,1,4,0.289513,-1.371838,0.044503,1.243494,0.374099,-1.371838,-0.351543,0.245011,0.289513,,,,
8,212,212.000000,agent_1,actor_logits,3,1,4,0.289514,-1.371838,0.044503,1.243494,0.374099,-1.371838,-0.351542,0.245011,0.289514,,,,
8,212,212.000000,agent_2,actor_logits,3,1,4,0.289514,-1.371838,0.044503,1.243494,0.374099,-1.371838,-0.351543,0.245011,0.289514,,,,
8,212,212.000000,agent_3,actor_logits,3,1,4,0.289514,-1.371838,0.044503,1.243494,0.374099,-1.371838,-0.351542,0.245010,0.289514,,,,
8,212,212.000000,agent_4,actor_logits,3,1,4,0.289514,-1.371838,0.044504,1.243494,0.374099,-1.371838,-0.351542,0.245010,0.289514,,,,
8,212,212.000000,agent_5,actor_logits,3,1,4,0.289513,-1.371838,0.044502,1.243494,0.374099,-1.371838,-0.351543,0.245011,0.289513,,,,
8,214,214.000000,agent_0,actor_logits,3,1,4,2.270403,-1.357755,2.367362,0.589197,0.843382,-0.096959,-0.456693,-1.357755,2.270403,,,,
8,214,214.000000,agent_1,actor_logits,3,1,4,2.270404,-1.357756,2.367362,0.589197,0.843382,-0.096959,-0.456693,-1.357756,2.270404,,,,
8,214,214.000000,agent_2,actor_logits,3,1,4,2.270403,-1.357755,2.367362,0.589197,0.843382,-0.096959,-0.456693,-1.357755,2.270403,,,,
8,214,214.000000,agent_3,actor_logits,3,1,4,2.270403,-1.357756,2.367362,0.589197,0.843382,-0.096958,-0.456693,-1.357756,2.270403,,,,
8,214,214.000000,agent_4,actor_logits,3,1,4,2.270403,-1.357756,2.367362,0.589197,0.843382,-0.096958,-0.456693,-1.357756,2.270403,,,,
8,214,214.000000,agent_5,actor_logits,3,1,4,2.270403,-1.357755,2.367362,0.589197,0.843382,-0.096958,-0.456693,-1.357755,2.270403,,,,
8,216,216.000000,agent_0,actor_logits,0,1,4,3.028985,-2.914879,1.527007,0.523161,0.813789,3.028985,-1.680158,-2.914879,1.501977,,,,
8,216,216.000000,agent_1,actor_logits,0,1,4,3.028985,-2.914879,1.527007,0.523161,0.813789,3.028985,-1.680158,-2.914879,1.501978,,,,
8,216,216.000000,agent_2,actor_logits,0,1,4,3.028985,-2.914879,1.527008,0.523161,0.813790,3.028985,-1.680158,-2.914879,1.501977,,,,
8,216,216.000000,agent_3,actor_logits,0,1,4,3.028985,-2.914879,1.527008,0.523161,0.813790,3.028985,-1.680158,-2.914879,1.501977,,,,
8,216,216.000000,agent_4,actor_logits,0,1,4,3.028985,-2.914878,1.527007,0.523161,0.813789,3.028985,-1.680158,-2.914878,1.501977,,,,
8,216,216.000000,agent_5,actor_logits,0,1,4,3.028985,-2.914879,1.527007,0.523161,0.813789,3.028985,-1.680159,-2.914879,1.501978,,,,
8,218,218.000000,agent_0,actor_logits,3,1,4,1.920629,-1.666826,2.088090,0.721527,0.786601,-0.167461,-1.666826,-0.202140,1.920629,,,,
8,218,218.000000,agent_1,actor_logits,3,1,4,1.920629,-1.666826,2.088090,0.721527,0.786601,-0.167461,-1.666826,-0.202140,1.920629,,,,
8,218,218.000000,agent_2,actor_logits,3,1,4,1.920629,-1.666826,2.088091,0.721527,0.786601,-0.167461,-1.666826,-0.202139,1.920629,,,,
8,218,218.000000,agent_3,actor_logits,3,1,4,1.920629,-1.666826,2.088090,0.721527,0.786601,-0.167461,-1.666826,-0.202139,1.920629,,,,
8,218,218.000000,agent_4,actor_logits,3,1,4,1.920629,-1.666826,2.088090,0.721527,0.786601,-0.167461,-1.666826,-0.202139,1.920629,,,,
8,218,218.000000,agent_5,actor_logits,3,1,4,1.920630,-1.666826,2.088090,0.721527,0.786601,-0.167461,-1.666826,-0.202140,1.920630,,,,
8,220,220.000000,agent_0,actor_logits,1,1,4,2.064883,-3.108881,0.398939,0.827437,0.574143,-3.108881,2.064883,-0.667992,1.665943,,,,
8,220,220.000000,agent_1,actor_logits,1,1,4,2.064883,-3.108882,0.398940,0.827437,0.574143,-3.108882,2.064883,-0.667992,1.665943,,,,
8,220,220.000000,agent_2,actor_logits,1,1,4,2.064882,-3.108881,0.398939,0.827437,0.574143,-3.108881,2.064882,-0.667991,1.665943,,,,
8,220,220.000000,agent_3,actor_logits,1,1,4,2.064883,-3.108881,0.398941,0.827437,0.574143,-3.108881,2.064883,-0.667992,1.665942,,,,
8,220,220.000000,agent_4,actor_logits,1,1,4,2.064883,-3.108881,0.398940,0.827437,0.574143,-3.108881,2.064883,-0.667992,1.665943,,,,
8,220,220.000000,agent_5,actor_logits,1,1,4,2.064883,-3.108881,0.398940,0.827437,0.574143,-3.108881,2.064883,-0.667992,1.665943,,,,
8,222,222.000000,agent_0,actor_logits,0,1,4,9.185722,-17.044065,2.177728,0.334811,0.897563,9.185722,7.007994,-17.044065,2.090596,,,,
8,222,222.000000,agent_1,actor_logits,0,1,4,9.185722,-17.044065,2.177728,0.334811,0.897563,9.185722,7.007994,-17.044065,2.090595,,,,
8,222,222.000000,agent_2,actor_logits,0,1,4,9.185724,-17.044065,2.177732,0.334810,0.897563,9.185724,7.007993,-17.044065,2.090595,,,,
8,222,222.000000,agent_3,actor_logits,0,1,4,9.185723,-17.044065,2.177729,0.334811,0.897563,9.185723,7.007995,-17.044065,2.090595,,,,
8,222,222.000000,agent_4,actor_logits,0,1,4,9.185723,-17.044065,2.177730,0.334811,0.897563,9.185723,7.007994,-17.044065,2.090596,,,,
8,222,222.000000,agent_5,actor_logits,0,1,4,9.185723,-17.044065,2.177729,0.334811,0.897563,9.185723,7.007994,-17.044065,2.090596,,,,
8,224,224.000000,agent_0,actor_logits,0,1,4,15.926647,-20.386026,13.172430,0.000053,0.999996,15.926647,2.710760,-20.386026,2.754218,,,,
8,224,224.000000,agent_1,actor_logits,0,1,4,15.926647,-20.386026,13.172428,0.000053,0.999996,15.926647,2.710760,-20.386026,2.754219,,,,
8,224,224.000000,agent_2,actor_logits,0,1,4,15.926647,-20.386026,13.172429,0.000053,0.999996,15.926647,2.710759,-20.386026,2.754218,,,,
8,224,224.000000,agent_3,actor_logits,0,1,4,15.926647,-20.386028,13.172428,0.000053,0.999996,15.926647,2.710761,-20.386028,2.754219,,,,
8,224,224.000000,agent_4,actor_logits,0,1,4,15.926647,-20.386028,13.172428,0.000053,0.999996,15.926647,2.710759,-20.386028,2.754219,,,,
8,224,224.000000,agent_5,actor_logits,0,1,4,15.926647,-20.386028,13.172429,0.000053,0.999996,15.926647,2.710760,-20.386028,2.754218,,,,
8,226,226.000000,agent_0,actor_logits,0,1,4,5.788372,-9.803340,2.598204,0.311157,0.920140,5.788372,1.397014,-9.803340,3.190168,,,,
8,226,226.000000,agent_1,actor_logits,0,1,4,5.788372,-9.803339,2.598203,0.311157,0.920140,5.788372,1.397013,-9.803339,3.190168,,,,
8,226,226.000000,agent_2,actor_logits,0,1,4,5.788373,-9.803340,2.598205,0.311157,0.920140,5.788373,1.397014,-9.803340,3.190168,,,,
8,226,226.000000,agent_3,actor_logits,0,1,4,5.788373,-9.803340,2.598205,0.311157,0.920140,5.788373,1.397014,-9.803340,3.190167,,,,
8,226,226.000000,agent_4,actor_logits,0,1,4,5.788372,-9.803340,2.598203,0.311157,0.920140,5.788372,1.397014,-9.803340,3.190169,,,,
8,226,226.000000,agent_5,actor_logits,0,1,4,5.788372,-9.803340,2.598203,0.311157,0.920140,5.788372,1.397014,-9.803340,3.190168,,,,
8,228,228.000000,agent_0,actor_logits,0,1,3,17.024466,-16.411959,22.065529,0.000000,1.000000,17.024466,-5.041064,-16.411959,,,,,
8,228,228.000000,agent_1,actor_logits,0,1,3,17.024466,-16.411957,22.065529,0.000000,1.000000,17.024466,-5.041063,-16.411957,,,,,
8,228,228.000000,agent_2,actor_logits,0,1,3,17.024464,-16.411957,22.065527,0.000000,1.000000,17.024464,-5.041063,-16.411957,,,,,
8,228,228.000000,agent_3,actor_logits,0,1,3,17.024464,-16.411957,22.065527,0.000000,1.000000,17.024464,-5.041063,-16.411957,,,,,
8,228,228.000000,agent_4,actor_logits,0,1,3,17.024464,-16.411957,22.065527,0.000000,1.000000,17.024464,-5.041063,-16.411957,,,,,
8,228,228.000000,agent_5,actor_logits,0,1,3,17.024464,-16.411957,22.065527,0.000000,1.000000,17.024464,-5.041063,-16.411957,,,,,
8,230,230.000000,agent_0,actor_logits,1,1,2,-7.123124,-7.581166,0.458043,0.667594,0.612550,-7.581166,-7.123124,,,,,,
8,230,230.000000,agent_1,actor_logits,1,1,2,-7.123124,-7.581166,0.458043,0.667594,0.612550,-7.581166,-7.123124,,,,,,
8,230,230.000000,agent_2,actor_logits,1,1,2,-7.123123,-7.581166,0.458044,0.667594,0.612550,-7.581166,-7.123123,,,,,,
8,230,230.000000,agent_3,actor_logits,1,1,2,-7.123123,-7.581166,0.458043,0.667594,0.612550,-7.581166,-7.123123,,,,,,
8,230,230.000000,agent_4,actor_logits,1,1,2,-7.123124,-7.581167,0.458043,0.667594,0.612550,-7.581167,-7.123124,,,,,,
8,230,230.000000,agent_5,actor_logits,1,1,2,-7.123123,-7.581167,0.458044,0.667594,0.612550,-7.581167,-7.123123,,,,,,
8,232,232.000000,agent_0,actor_logits,2,1,3,3.914280,-9.792555,6.417336,0.012110,0.998369,-9.792555,-2.503056,3.914280,,,,,
8,232,232.000000,agent_1,actor_logits,2,1,3,3.914280,-9.792556,6.417336,0.012110,0.998369,-9.792556,-2.503056,3.914280,,,,,
8,232,232.000000,agent_2,actor_logits,2,1,3,3.914280,-9.792555,6.417336,0.012110,0.998369,-9.792555,-2.503056,3.914280,,,,,
8,232,232.000000,agent_3,actor_logits,2,1,3,3.914280,-9.792555,6.417336,0.012110,0.998369,-9.792555,-2.503056,3.914280,,,,,
8,232,232.000000,agent_4,actor_logits,2,1,3,3.914280,-9.792555,6.417336,0.012110,0.998369,-9.792555,-2.503056,3.914280,,,,,
8,232,232.000000,agent_5,actor_logits,2,1,3,3.914280,-9.792555,6.417336,0.012110,0.998369,-9.792555,-2.503056,3.914280,,,,,
8,234,234.000000,agent_0,actor_logits,2,1,3,7.212506,-7.987214,12.063735,0.000079,0.999994,-7.987214,-4.851229,7.212506,,,,,
8,234,234.000000,agent_1,actor_logits,2,1,3,7.212505,-7.987215,12.063734,0.000079,0.999994,-7.987215,-4.851229,7.212505,,,,,
8,234,234.000000,agent_2,actor_logits,2,1,3,7.212506,-7.987215,12.063735,0.000079,0.999994,-7.987215,-4.851229,7.212506,,,,,
8,234,234.000000,agent_3,actor_logits,2,1,3,7.212505,-7.987214,12.063734,0.000079,0.999994,-7.987214,-4.851229,7.212505,,,,,
8,234,234.000000,agent_4,actor_logits,2,1,3,7.212505,-7.987214,12.063734,0.000079,0.999994,-7.987214,-4.851229,7.212505,,,,,
8,234,234.000000,agent_5,actor_logits,2,1,3,7.212505,-7.987214,12.063734,0.000079,0.999994,-7.987214,-4.851229,7.212505,,,,,
8,236,236.000000,agent_0,actor_logits,2,1,3,6.053069,-6.904531,8.627550,0.001757,0.999819,-6.904531,-2.574481,6.053069,,,,,
8,236,236.000000,agent_1,actor_logits,2,1,3,6.053069,-6.904531,8.627550,0.001757,0.999819,-6.904531,-2.574481,6.053069,,,,,
8,236,236.000000,agent_2,actor_logits,2,1,3,6.053069,-6.904531,8.627550,0.001757,0.999819,-6.904531,-2.574481,6.053069,,,,,
8,236,236.000000,agent_3,actor_logits,2,1,3,6.053069,-6.904531,8.627550,0.001757,0.999819,-6.904531,-2.574481,6.053069,,,,,
8,236,236.000000,agent_4,actor_logits,2,1,3,6.053069,-6.904531,8.627550,0.001757,0.999819,-6.904531,-2.574481,6.053069,,,,,
8,236,236.000000,agent_5,actor_logits,2,1,3,6.053069,-6.904531,8.627550,0.001757,0.999819,-6.904531,-2.574481,6.053069,,,,,
8,238,238.000000,agent_0,actor_logits,2,1,3,0.979323,-3.290178,0.918918,0.647403,0.707744,0.060405,-3.290178,0.979323,,,,,
8,238,238.000000,agent_1,actor_logits,2,1,3,0.979323,-3.290177,0.918917,0.647403,0.707744,0.060405,-3.290177,0.979323,,,,,
8,238,238.000000,agent_2,actor_logits,2,1,3,0.979322,-3.290178,0.918917,0.647403,0.707744,0.060405,-3.290178,0.979322,,,,,
8,238,238.000000,agent_3,actor_logits,2,1,3,0.979323,-3.290177,0.918917,0.647403,0.707744,0.060405,-3.290177,0.979323,,,,,
8,238,238.000000,agent_4,actor_logits,2,1,3,0.979323,-3.290178,0.918917,0.647403,0.707744,0.060406,-3.290178,0.979323,,,,,
8,238,238.000000,agent_5,actor_logits,2,1,3,0.979323,-3.290177,0.918917,0.647403,0.707744,0.060406,-3.290177,0.979323,,,,,
8,240,240.000000,agent_0,actor_logits,0,1,3,2.333632,-3.456715,0.353500,0.689680,0.586413,2.333632,1.980132,-3.456715,,,,,
8,240,240.000000,agent_1,actor_logits,0,1,3,2.333633,-3.456716,0.353500,0.689680,0.586413,2.333633,1.980133,-3.456716,,,,,
8,240,240.000000,agent_2,actor_logits,0,1,3,2.333632,-3.456716,0.353499,0.689680,0.586413,2.333632,1.980133,-3.456716,,,,,
8,240,240.000000,agent_3,actor_logits,0,1,3,2.333633,-3.456715,0.353501,0.689680,0.586413,2.333633,1.980132,-3.456715,,,,,
8,240,240.000000,agent_4,actor_logits,0,1,3,2.333632,-3.456715,0.353500,0.689680,0.586413,2.333632,1.980132,-3.456715,,,,,
8,240,240.000000,agent_5,actor_logits,0,1,3,2.333633,-3.456716,0.353500,0.689680,0.586413,2.333633,1.980132,-3.456716,,,,,
8,242,242.000000,agent_0,actor_logits,0,1,3,5.574682,-5.418853,7.566724,0.004632,0.999466,5.574682,-1.992042,-5.418853,,,,,
8,242,242.000000,agent_1,actor_logits,0,1,3,5.574681,-5.418853,7.566723,0.004632,0.999466,5.574681,-1.992042,-5.418853,,,,,
8,242,242.000000,agent_2,actor_logits,0,1,3,5.574680,-5.418853,7.566721,0.004632,0.999466,5.574680,-1.992041,-5.418853,,,,,
8,242,242.000000,agent_3,actor_logits,0,1,3,5.574681,-5.418852,7.566722,0.004632,0.999466,5.574681,-1.992042,-5.418852,,,,,
8,242,242.000000,agent_4,actor_logits,0,1,3,5.574681,-5.418852,7.566722,0.004632,0.999466,5.574681,-1.992042,-5.418852,,,,,
8,242,242.000000,agent_5,actor_logits,0,1,3,5.574681,-5.418853,7.566722,0.004632,0.999466,5.574681,-1.992042,-5.418853,,,,,
8,244,244.000000,agent_0,actor_logits,0,1,3,4.871382,-7.396330,3.672219,0.116196,0.975206,4.871382,1.199163,-7.396330,,,,,
8,244,244.000000,agent_1,actor_logits,0,1,3,4.871383,-7.396331,3.672219,0.116196,0.975206,4.871383,1.199164,-7.396331,,,,,
8,244,244.000000,agent_2,actor_logits,0,1,3,4.871382,-7.396331,3.672218,0.116197,0.975206,4.871382,1.199164,-7.396331,,,,,
8,244,244.000000,agent_3,actor_logits,0,1,3,4.871382,-7.396330,3.672219,0.116196,0.975206,4.871382,1.199164,-7.396330,,,,,
8,244,244.000000,agent_4,actor_logits,0,1,3,4.871383,-7.396330,3.672219,0.116196,0.975206,4.871383,1.199164,-7.396330,,,,,
8,244,244.000000,agent_5,actor_logits,0,1,3,4.871382,-7.396331,3.672219,0.116196,0.975206,4.871382,1.199163,-7.396331,,,,,
8,246,246.000000,agent_0,actor_logits,0,1,3,7.255711,-7.727642,7.920953,0.003243,0.999637,7.255711,-0.665242,-7.727642,,,,,
8,246,246.000000,agent_1,actor_logits,0,1,3,7.255711,-7.727641,7.920954,0.003243,0.999637,7.255711,-0.665242,-7.727641,,,,,
8,246,246.000000,agent_2,actor_logits,0,1,3,7.255710,-7.727641,7.920951,0.003243,0.999637,7.255710,-0.665242,-7.727641,,,,,
8,246,246.000000,agent_3,actor_logits,0,1,3,7.255710,-7.727641,7.920952,0.003243,0.999637,7.255710,-0.665242,-7.727641,,,,,
8,246,246.000000,agent_4,actor_logits,0,1,3,7.255711,-7.727640,7.920953,0.003243,0.999637,7.255711,-0.665242,-7.727640,,,,,
8,246,246.000000,agent_5,actor_logits,0,1,3,7.255710,-7.727641,7.920952,0.003243,0.999637,7.255710,-0.665242,-7.727641,,,,,
8,248,248.000000,agent_0,actor_logits,0,1,3,13.256100,-15.732914,12.060170,0.000076,0.999994,13.256100,1.195929,-15.732914,,,,,
8,248,248.000000,agent_1,actor_logits,0,1,3,13.256100,-15.732914,12.060170,0.000076,0.999994,13.256100,1.195929,-15.732914,,,,,
8,248,248.000000,agent_2,actor_logits,0,1,3,13.256099,-15.732915,12.060169,0.000076,0.999994,13.256099,1.195929,-15.732915,,,,,
8,248,248.000000,agent_3,actor_logits,0,1,3,13.256100,-15.732914,12.060171,0.000076,0.999994,13.256100,1.195929,-15.732914,,,,,
8,248,248.000000,agent_4,actor_logits,0,1,3,13.256100,-15.732915,12.060171,0.000076,0.999994,13.256100,1.195929,-15.732915,,,,,
8,248,248.000000,agent_5,actor_logits,0,1,3,13.256100,-15.732914,12.060171,0.000076,0.999994,13.256100,1.195928,-15.732914,,,,,
8,250,250.000000,agent_0,actor_logits,0,1,2,-4.415979,-11.572961,7.156981,0.006353,0.999221,-4.415979,-11.572961,,,,,,
8,250,250.000000,agent_1,actor_logits,0,1,2,-4.415979,-11.572962,7.156983,0.006353,0.999221,-4.415979,-11.572962,,,,,,
8,250,250.000000,agent_2,actor_logits,0,1,2,-4.415979,-11.572962,7.156982,0.006353,0.999221,-4.415979,-11.572962,,,,,,
8,250,250.000000,agent_3,actor_logits,0,1,2,-4.415980,-11.572962,7.156982,0.006353,0.999221,-4.415980,-11.572962,,,,,,
8,250,250.000000,agent_4,actor_logits,0,1,2,-4.415979,-11.572962,7.156982,0.006353,0.999221,-4.415979,-11.572962,,,,,,
8,250,250.000000,agent_5,actor_logits,0,1,2,-4.415980,-11.572961,7.156981,0.006353,0.999221,-4.415980,-11.572961,,,,,,
8,252,252.000000,agent_0,actor_logits,1,1,3,3.272101,-7.029557,6.834806,0.008798,0.998892,-7.029557,3.272101,-3.562706,,,,,
8,252,252.000000,agent_1,actor_logits,1,1,3,3.272101,-7.029557,6.834807,0.008798,0.998892,-7.029557,3.272101,-3.562706,,,,,
8,252,252.000000,agent_2,actor_logits,1,1,3,3.272101,-7.029557,6.834806,0.008798,0.998892,-7.029557,3.272101,-3.562705,,,,,
8,252,252.000000,agent_3,actor_logits,1,1,3,3.272101,-7.029557,6.834806,0.008798,0.998892,-7.029557,3.272101,-3.562705,,,,,
8,252,252.000000,agent_4,actor_logits,1,1,3,3.272101,-7.029557,6.834806,0.008798,0.998892,-7.029557,3.272101,-3.562705,,,,,
8,252,252.000000,agent_5,actor_logits,1,1,3,3.272101,-7.029558,6.834806,0.008798,0.998892,-7.029558,3.272101,-3.562705,,,,,
8,254,254.000000,agent_0,actor_logits,1,1,3,7.102353,-17.289534,9.070147,0.001158,0.999885,-17.289534,7.102353,-1.967794,,,,,
8,254,254.000000,agent_1,actor_logits,1,1,3,7.102353,-17.289534,9.070147,0.001158,0.999885,-17.289534,7.102353,-1.967794,,,,,
8,254,254.000000,agent_2,actor_logits,1,1,3,7.102353,-17.289532,9.070147,0.001158,0.999885,-17.289532,7.102353,-1.967794,,,,,
8,254,254.000000,agent_3,actor_logits,1,1,3,7.102354,-17.289532,9.070148,0.001158,0.999885,-17.289532,7.102354,-1.967794,,,,,
8,254,254.000000,agent_4,actor_logits,1,1,3,7.102354,-17.289534,9.070148,0.001158,0.999885,-17.289534,7.102354,-1.967794,,,,,
8,254,254.000000,agent_5,actor_logits,1,1,3,7.102353,-17.289534,9.070147,0.001158,0.999885,-17.289534,7.102353,-1.967794,,,,,
8,256,256.000000,agent_0,actor_logits,1,1,3,6.385086,-22.524824,2.939386,0.199223,0.949759,-22.524824,6.385086,3.445699,,,,,
8,256,256.000000,agent_1,actor_logits,1,1,3,6.385086,-22.524824,2.939387,0.199223,0.949759,-22.524824,6.385086,3.445699,,,,,
8,256,256.000000,agent_2,actor_logits,1,1,3,6.385086,-22.524824,2.939386,0.199223,0.949759,-22.524824,6.385086,3.445699,,,,,
8,256,256.000000,agent_3,actor_logits,1,1,3,6.385086,-22.524824,2.939387,0.199223,0.949759,-22.524824,6.385086,3.445699,,,,,
8,256,256.000000,agent_4,actor_logits,1,1,3,6.385086,-22.524824,2.939387,0.199223,0.949759,-22.524824,6.385086,3.445699,,,,,
8,256,256.000000,agent_5,actor_logits,1,1,3,6.385085,-22.524824,2.939385,0.199223,0.949759,-22.524824,6.385085,3.445700,,,,,
8,258,258.000000,agent_0,actor_logits,1,1,3,5.293547,-21.504469,0.401364,0.673409,0.599015,-21.504469,5.293547,4.892183,,,,,
8,258,258.000000,agent_1,actor_logits,1,1,3,5.293547,-21.504469,0.401364,0.673409,0.599015,-21.504469,5.293547,4.892183,,,,,
8,258,258.000000,agent_2,actor_logits,1,1,3,5.293546,-21.504471,0.401363,0.673409,0.599015,-21.504471,5.293546,4.892183,,,,,
8,258,258.000000,agent_3,actor_logits,1,1,3,5.293547,-21.504471,0.401364,0.673409,0.599015,-21.504471,5.293547,4.892183,,,,,
8,258,258.000000,agent_4,actor_logits,1,1,3,5.293548,-21.504469,0.401365,0.673409,0.599016,-21.504469,5.293548,4.892183,,,,,
8,258,258.000000,agent_5,actor_logits,1,1,3,5.293546,-21.504471,0.401362,0.673409,0.599015,-21.504471,5.293546,4.892184,,,,,
8,260,260.000000,agent_0,actor_logits,2,1,3,6.966480,-22.413683,0.922613,0.597085,0.715574,-22.413683,6.043867,6.966480,,,,,
8,260,260.000000,agent_1,actor_logits,2,1,3,6.966480,-22.413683,0.922612,0.597085,0.715574,-22.413683,6.043868,6.966480,,,,,
8,260,260.000000,agent_2,actor_logits,2,1,3,6.966480,-22.413681,0.922612,0.597085,0.715574,-22.413681,6.043868,6.966480,,,,,
8,260,260.000000,agent_3,actor_logits,2,1,3,6.966480,-22.413683,0.922613,0.597085,0.715574,-22.413683,6.043867,6.966480,,,,,
8,260,260.000000,agent_4,actor_logits,2,1,3,6.966480,-22.413683,0.922612,0.597085,0.715574,-22.413683,6.043868,6.966480,,,,,
8,260,260.000000,agent_5,actor_logits,2,1,3,6.966480,-22.413681,0.922613,0.597085,0.715574,-22.413681,6.043867,6.966480,,,,,
8,262,262.000000,agent_0,actor_logits,3,1,4,10.589973,-13.300498,3.547803,0.127791,0.972007,-13.300498,-0.810065,7.042170,10.589973,,,,
8,262,262.000000,agent_1,actor_logits,3,1,4,10.589973,-13.300496,3.547804,0.127791,0.972007,-13.300496,-0.810065,7.042169,10.589973,,,,
8,262,262.000000,agent_2,actor_logits,3,1,4,10.589973,-13.300497,3.547804,0.127791,0.972007,-13.300497,-0.810065,7.042169,10.589973,,,,
8,262,262.000000,agent_3,actor_logits,3,1,4,10.589972,-13.300497,3.547803,0.127791,0.972007,-13.300497,-0.810065,7.042169,10.589972,,,,
8,262,262.000000,agent_4,actor_logits,3,1,4,10.589973,-13.300497,3.547804,0.127791,0.972007,-13.300497,-0.810065,7.042170,10.589973,,,,
8,262,262.000000,agent_5,actor_logits,3,1,4,10.589972,-13.300497,3.547803,0.127791,0.972007,-13.300497,-0.810065,7.042169,10.589972,,,,
8,264,264.000000,agent_0,actor_logits,2,1,4,5.295024,-7.198732,4.117774,0.133888,0.974884,-7.198732,1.177250,5.295024,0.636296,,,,
8,264,264.000000,agent_1,actor_logits,2,1,4,5.295025,-7.198732,4.117775,0.133887,0.974884,-7.198732,1.177250,5.295025,0.636296,,,,
8,264,264.000000,agent_2,actor_logits,2,1,4,5.295024,-7.198732,4.117774,0.133888,0.974884,-7.198732,1.177251,5.295024,0.636296,,,,
8,264,264.000000,agent_3,actor_logits,2,1,4,5.295025,-7.198732,4.117775,0.133887,0.974884,-7.198732,1.177251,5.295025,0.636296,,,,
8,264,264.000000,agent_4,actor_logits,2,1,4,5.295025,-7.198732,4.117775,0.133887,0.974884,-7.198732,1.177250,5.295025,0.636296,,,,
8,264,264.000000,agent_5,actor_logits,2,1,4,5.295025,-7.198732,4.117775,0.133888,0.974884,-7.198732,1.177250,5.295025,0.636296,,,,
8,266,266.000000,agent_0,actor_logits,0,1,4,9.356964,-6.251433,10.207642,0.000456,0.999960,9.356964,-6.251433,-0.850678,-3.386692,,,,
8,266,266.000000,agent_1,actor_logits,0,1,4,9.356964,-6.251433,10.207642,0.000456,0.999960,9.356964,-6.251433,-0.850678,-3.386691,,,,
8,266,266.000000,agent_2,actor_logits,0,1,4,9.356964,-6.251433,10.207643,0.000456,0.999960,9.356964,-6.251433,-0.850679,-3.386692,,,,
8,266,266.000000,agent_3,actor_logits,0,1,4,9.356964,-6.251433,10.207642,0.000456,0.999960,9.356964,-6.251433,-0.850678,-3.386692,,,,
8,266,266.000000,agent_4,actor_logits,0,1,4,9.356964,-6.251433,10.207643,0.000456,0.999960,9.356964,-6.251433,-0.850678,-3.386692,,,,
8,266,266.000000,agent_5,actor_logits,0,1,4,9.356964,-6.251433,10.207642,0.000456,0.999960,9.356964,-6.251433,-0.850678,-3.386692,,,,
8,268,268.000000,agent_0,actor_logits,0,1,4,8.509019,-13.531344,4.387419,0.078368,0.986087,8.509019,-13.531344,2.118241,4.121600,,,,
8,268,268.000000,agent_1,actor_logits,0,1,4,8.509018,-13.531343,4.387419,0.078368,0.986087,8.509018,-13.531343,2.118241,4.121599,,,,
8,268,268.000000,agent_2,actor_logits,0,1,4,8.509018,-13.531343,4.387419,0.078368,0.986087,8.509018,-13.531343,2.118241,4.121599,,,,
8,268,268.000000,agent_3,actor_logits,0,1,4,8.509019,-13.531343,4.387420,0.078368,0.986087,8.509019,-13.531343,2.118241,4.121599,,,,
8,268,268.000000,agent_4,actor_logits,0,1,4,8.509019,-13.531343,4.387420,0.078368,0.986087,8.509019,-13.531343,2.118241,4.121599,,,,
8,268,268.000000,agent_5,actor_logits,0,1,4,8.509019,-13.531343,4.387420,0.078368,0.986087,8.509019,-13.531343,2.118241,4.121599,,,,
8,270,270.000000,agent_0,actor_logits,1,1,3,5.975664,-14.447420,4.431040,0.063950,0.988238,-14.447420,5.975664,1.544624,,,,,
8,270,270.000000,agent_1,actor_logits,1,1,3,5.975664,-14.447420,4.431039,0.063950,0.988238,-14.447420,5.975664,1.544625,,,,,
8,270,270.000000,agent_2,actor_logits,1,1,3,5.975664,-14.447420,4.431040,0.063950,0.988238,-14.447420,5.975664,1.544624,,,,,
8,270,270.000000,agent_3,actor_logits,1,1,3,5.975664,-14.447419,4.431040,0.063950,0.988238,-14.447419,5.975664,1.544624,,,,,
8,270,270.000000,agent_4,actor_logits,1,1,3,5.975665,-14.447420,4.431040,0.063950,0.988238,-14.447420,5.975665,1.544625,,,,,
8,270,270.000000,agent_5,actor_logits,1,1,3,5.975665,-14.447420,4.431041,0.063950,0.988238,-14.447420,5.975665,1.544624,,,,,
8,272,272.000000,agent_0,actor_logits,2,1,4,6.244188,-4.799906,4.808066,0.048147,0.991801,-4.799906,-3.101800,6.244188,1.436122,,,,
8,272,272.000000,agent_1,actor_logits,2,1,4,6.244188,-4.799907,4.808066,0.048147,0.991801,-4.799907,-3.101800,6.244188,1.436122,,,,
8,272,272.000000,agent_2,actor_logits,2,1,4,6.244188,-4.799907,4.808066,0.048147,0.991801,-4.799907,-3.101800,6.244188,1.436122,,,,
8,272,272.000000,agent_3,actor_logits,2,1,4,6.244188,-4.799907,4.808066,0.048147,0.991801,-4.799907,-3.101799,6.244188,1.436121,,,,
8,272,272.000000,agent_4,actor_logits,2,1,4,6.244189,-4.799907,4.808067,0.048147,0.991801,-4.799907,-3.101800,6.244189,1.436121,,,,
8,272,272.000000,agent_5,actor_logits,2,1,4,6.244188,-4.799907,4.808066,0.048147,0.991801,-4.799907,-3.101800,6.244188,1.436122,,,,
8,274,274.000000,agent_0,actor_logits,0,1,4,4.422392,-5.565396,4.302658,0.093334,0.983342,4.422392,-1.272865,0.119734,-5.565396,,,,
8,274,274.000000,agent_1,actor_logits,0,1,4,4.422393,-5.565396,4.302659,0.093334,0.983342,4.422393,-1.272865,0.119734,-5.565396,,,,
8,274,274.000000,agent_2,actor_logits,0,1,4,4.422392,-5.565396,4.302658,0.093334,0.983342,4.422392,-1.272865,0.119734,-5.565396,,,,
8,274,274.000000,agent_3,actor_logits,0,1,4,4.422393,-5.565396,4.302660,0.093333,0.983342,4.422393,-1.272864,0.119734,-5.565396,,,,
8,274,274.000000,agent_4,actor_logits,0,1,4,4.422393,-5.565397,4.302659,0.093334,0.983342,4.422393,-1.272864,0.119734,-5.565397,,,,
8,274,274.000000,agent_5,actor_logits,0,1,4,4.422393,-5.565396,4.302659,0.093334,0.983342,4.422393,-1.272865,0.119734,-5.565396,,,,
8,276,276.000000,agent_0,actor_logits,0,1,4,7.914322,-5.116703,5.346272,0.030192,0.995251,7.914322,-5.116703,-4.639106,2.568050,,,,
8,276,276.000000,agent_1,actor_logits,0,1,4,7.914322,-5.116702,5.346272,0.030192,0.995251,7.914322,-5.116702,-4.639106,2.568050,,,,
8,276,276.000000,agent_2,actor_logits,0,1,4,7.914322,-5.116703,5.346272,0.030192,0.995251,7.914322,-5.116703,-4.639106,2.568051,,,,
8,276,276.000000,agent_3,actor_logits,0,1,4,7.914322,-5.116702,5.346272,0.030192,0.995251,7.914322,-5.116702,-4.639106,2.568050,,,,
8,276,276.000000,agent_4,actor_logits,0,1,4,7.914322,-5.116702,5.346272,0.030192,0.995251,7.914322,-5.116702,-4.639106,2.568050,,,,
8,276,276.000000,agent_5,actor_logits,0,1,4,7.914323,-5.116703,5.346272,0.030192,0.995251,7.914323,-5.116703,-4.639106,2.568050,,,,
8,278,278.000000,agent_0,actor_logits,2,1,3,6.341499,-10.447237,5.738218,0.021637,0.996790,0.603281,-10.447237,6.341499,,,,,
8,278,278.000000,agent_1,actor_logits,2,1,3,6.341500,-10.447237,5.738219,0.021637,0.996790,0.603281,-10.447237,6.341500,,,,,
8,278,278.000000,agent_2,actor_logits,2,1,3,6.341499,-10.447237,5.738219,0.021637,0.996790,0.603281,-10.447237,6.341499,,,,,
8,278,278.000000,agent_3,actor_logits,2,1,3,6.341499,-10.447237,5.738218,0.021637,0.996790,0.603281,-10.447237,6.341499,,,,,
8,278,278.000000,agent_4,actor_logits,2,1,3,6.341499,-10.447236,5.738218,0.021637,0.996790,0.603281,-10.447236,6.341499,,,,,
8,278,278.000000,agent_5,actor_logits,2,1,3,6.341500,-10.447237,5.738219,0.021637,0.996790,0.603281,-10.447237,6.341500,,,,,
8,284,284.000000,agent_0,actor_logits,0,1,7,6.176219,-5.864835,0.338354,0.701492,0.581929,6.176219,-5.453227,-5.864835,5.837865,0.431143,-0.392496,-0.877444,
8,284,284.000000,agent_1,actor_logits,0,1,7,6.176220,-5.864836,0.338356,0.701492,0.581929,6.176220,-5.453227,-5.864836,5.837864,0.431144,-0.392496,-0.877444,
8,284,284.000000,agent_2,actor_logits,0,1,7,6.176219,-5.864835,0.338355,0.701492,0.581929,6.176219,-5.453228,-5.864835,5.837864,0.431144,-0.392496,-0.877444,
8,284,284.000000,agent_3,actor_logits,0,1,7,6.176219,-5.864836,0.338353,0.701492,0.581928,6.176219,-5.453227,-5.864836,5.837865,0.431144,-0.392496,-0.877445,
8,284,284.000000,agent_4,actor_logits,0,1,7,6.176220,-5.864837,0.338356,0.701492,0.581929,6.176220,-5.453227,-5.864837,5.837864,0.431144,-0.392496,-0.877444,
8,284,284.000000,agent_5,actor_logits,0,1,7,6.176219,-5.864835,0.338355,0.701492,0.581929,6.176219,-5.453228,-5.864835,5.837864,0.431144,-0.392496,-0.877444,
8,290,290.000000,agent_0,actor_logits,2,1,3,2.834552,-8.121284,9.324319,0.001130,0.999893,-6.489767,-8.121284,2.834552,,,,,
8,290,290.000000,agent_1,actor_logits,2,1,3,2.834551,-8.121284,9.324318,0.001130,0.999893,-6.489767,-8.121284,2.834551,,,,,
8,290,290.000000,agent_2,actor_logits,2,1,3,2.834552,-8.121284,9.324320,0.001130,0.999893,-6.489768,-8.121284,2.834552,,,,,
8,290,290.000000,agent_3,actor_logits,2,1,3,2.834551,-8.121283,9.324319,0.001130,0.999893,-6.489768,-8.121283,2.834551,,,,,
8,290,290.000000,agent_4,actor_logits,2,1,3,2.834551,-8.121284,9.324317,0.001130,0.999893,-6.489766,-8.121284,2.834551,,,,,
8,290,290.000000,agent_5,actor_logits,2,1,3,2.834551,-8.121283,9.324318,0.001130,0.999893,-6.489767,-8.121283,2.834551,,,,,
8,296,296.000000,agent_0,actor_logits,3,1,7,11.796405,-9.681776,5.224491,0.034403,0.994551,-9.681776,-0.593403,2.143455,11.796405,6.571914,1.126418,-0.536856,
8,296,296.000000,agent_1,actor_logits,3,1,7,11.796405,-9.681776,5.224490,0.034403,0.994551,-9.681776,-0.593403,2.143454,11.796405,6.571915,1.126418,-0.536856,
8,296,296.000000,agent_2,actor_logits,3,1,7,11.796405,-9.681776,5.224490,0.034403,0.994551,-9.681776,-0.593403,2.143454,11.796405,6.571915,1.126418,-0.536856,
8,296,296.000000,agent_3,actor_logits,3,1,7,11.796405,-9.681777,5.224490,0.034403,0.994551,-9.681777,-0.593403,2.143454,11.796405,6.571915,1.126418,-0.536856,
8,296,296.000000,agent_4,actor_logits,3,1,7,11.796405,-9.681777,5.224491,0.034403,0.994551,-9.681777,-0.593402,2.143454,11.796405,6.571914,1.126418,-0.536856,
8,296,296.000000,agent_5,actor_logits,3,1,7,11.796405,-9.681776,5.224490,0.034403,0.994551,-9.681776,-0.593403,2.143454,11.796405,6.571915,1.126418,-0.536856,
8,298,298.000000,agent_0,actor_logits,2,1,4,7.490946,-10.609260,3.140972,0.172535,0.958551,-6.290099,4.349974,7.490946,-10.609260,,,,
8,298,298.000000,agent_1,actor_logits,2,1,4,7.490946,-10.609260,3.140972,0.172535,0.958551,-6.290099,4.349974,7.490946,-10.609260,,,,
8,298,298.000000,agent_2,actor_logits,2,1,4,7.490946,-10.609260,3.140972,0.172535,0.958551,-6.290099,4.349974,7.490946,-10.609260,,,,
8,298,298.000000,agent_3,actor_logits,2,1,4,7.490946,-10.609260,3.140972,0.172535,0.958551,-6.290098,4.349974,7.490946,-10.609260,,,,
8,298,298.000000,agent_4,actor_logits,2,1,4,7.490947,-10.609260,3.140973,0.172535,0.958551,-6.290099,4.349974,7.490947,-10.609260,,,,
8,298,298.000000,agent_5,actor_logits,2,1,4,7.490946,-10.609260,3.140971,0.172535,0.958551,-6.290099,4.349975,7.490946,-10.609260,,,,
8,300,300.000000,agent_0,actor_logits,1,1,4,7.703519,-11.225326,3.905307,0.097034,0.980261,-5.844258,7.703519,3.798213,-11.225326,,,,
8,300,300.000000,agent_1,actor_logits,1,1,4,7.703520,-11.225327,3.905308,0.097034,0.980261,-5.844258,7.703520,3.798212,-11.225327,,,,
8,300,300.000000,agent_2,actor_logits,1,1,4,7.703520,-11.225327,3.905307,0.097034,0.980261,-5.844258,7.703520,3.798213,-11.225327,,,,
8,300,300.000000,agent_3,actor_logits,1,1,4,7.703519,-11.225327,3.905308,0.097034,0.980261,-5.844258,7.703519,3.798212,-11.225327,,,,
8,300,300.000000,agent_4,actor_logits,1,1,4,7.703519,-11.225327,3.905308,0.097034,0.980261,-5.844258,7.703519,3.798212,-11.225327,,,,
8,300,300.000000,agent_5,actor_logits,1,1,4,7.703520,-11.225327,3.905308,0.097034,0.980261,-5.844258,7.703520,3.798212,-11.225327,,,,
8,302,302.000000,agent_0,actor_logits,1,1,4,5.572497,-6.318323,4.639821,0.073065,0.987675,-0.301080,5.572497,-6.318323,0.932677,,,,
8,302,302.000000,agent_1,actor_logits,1,1,4,5.572497,-6.318322,4.639821,0.073065,0.987675,-0.301080,5.572497,-6.318322,0.932677,,,,
8,302,302.000000,agent_2,actor_logits,1,1,4,5.572497,-6.318322,4.639820,0.073065,0.987675,-0.301080,5.572497,-6.318322,0.932677,,,,
8,302,302.000000,agent_3,actor_logits,1,1,4,5.572497,-6.318323,4.639820,0.073065,0.987675,-0.301079,5.572497,-6.318323,0.932677,,,,
8,302,302.000000,agent_4,actor_logits,1,1,4,5.572497,-6.318323,4.639820,0.073065,0.987675,-0.301079,5.572497,-6.318323,0.932677,,,,
8,302,302.000000,agent_5,actor_logits,1,1,4,5.572497,-6.318323,4.639821,0.073065,0.987675,-0.301080,5.572497,-6.318323,0.932677,,,,
8,304,304.000000,agent_0,actor_logits,3,1,4,4.264954,-9.336792,1.240572,0.905493,0.637945,2.985948,3.024382,-9.336792,4.264954,,,,
8,304,304.000000,agent_1,actor_logits,3,1,4,4.264955,-9.336792,1.240573,0.905492,0.637945,2.985947,3.024382,-9.336792,4.264955,,,,
8,304,304.000000,agent_2,actor_logits,3,1,4,4.264955,-9.336793,1.240573,0.905492,0.637945,2.985947,3.024382,-9.336793,4.264955,,,,
8,304,304.000000,agent_3,actor_logits,3,1,4,4.264955,-9.336793,1.240573,0.905492,0.637945,2.985948,3.024381,-9.336793,4.264955,,,,
8,304,304.000000,agent_4,actor_logits,3,1,4,4.264955,-9.336793,1.240573,0.905492,0.637945,2.985947,3.024382,-9.336793,4.264955,,,,
8,304,304.000000,agent_5,actor_logits,3,1,4,4.264955,-9.336791,1.240572,0.905493,0.637945,2.985947,3.024382,-9.336791,4.264955,,,,
8,306,306.000000,agent_0,actor_logits,1,1,4,5.025055,-3.212208,4.412902,0.069842,0.987490,-3.212208,5.025055,-3.143416,0.612153,,,,
8,306,306.000000,agent_1,actor_logits,1,1,4,5.025056,-3.212208,4.412903,0.069842,0.987490,-3.212208,5.025056,-3.143417,0.612154,,,,
8,306,306.000000,agent_2,actor_logits,1,1,4,5.025056,-3.212208,4.412903,0.069842,0.987490,-3.212208,5.025056,-3.143416,0.612153,,,,
8,306,306.000000,agent_3,actor_logits,1,1,4,5.025056,-3.212208,4.412903,0.069842,0.987490,-3.212208,5.025056,-3.143417,0.612153,,,,
8,306,306.000000,agent_4,actor_logits,1,1,4,5.025056,-3.212208,4.412904,0.069842,0.987490,-3.212208,5.025056,-3.143416,0.612153,,,,
8,306,306.000000,agent_5,actor_logits,1,1,4,5.025056,-3.212208,4.412903,0.069842,0.987490,-3.212208,5.025056,-3.143417,0.612153,,,,
8,308,308.000000,agent_0,actor_logits,1,1,4,6.299567,-10.779920,3.521078,0.187949,0.960913,2.778490,6.299567,-10.779920,1.799568,,,,
8,308,308.000000,agent_1,actor_logits,1,1,4,6.299567,-10.779919,3.521079,0.187948,0.960913,2.778488,6.299567,-10.779919,1.799568,,,,
8,308,308.000000,agent_2,actor_logits,1,1,4,6.299568,-10.779919,3.521079,0.187948,0.960913,2.778489,6.299568,-10.779919,1.799568,,,,
8,308,308.000000,agent_3,actor_logits,1,1,4,6.299568,-10.779920,3.521078,0.187949,0.960913,2.778490,6.299568,-10.779920,1.799567,,,,
8,308,308.000000,agent_4,actor_logits,1,1,4,6.299567,-10.779919,3.521077,0.187949,0.960913,2.778490,6.299567,-10.779919,1.799568,,,,
8,308,308.000000,agent_5,actor_logits,1,1,4,6.299567,-10.779920,3.521077,0.187949,0.960913,2.778490,6.299567,-10.779920,1.799568,,,,
8,310,310.000000,agent_0,actor_logits,1,1,4,6.501554,-9.698592,3.708869,0.120085,0.975195,2.792685,6.501554,-9.698592,-0.478274,,,,
8,310,310.000000,agent_1,actor_logits,1,1,4,6.501554,-9.698592,3.708870,0.120085,0.975195,2.792684,6.501554,-9.698592,-0.478274,,,,
8,310,310.000000,agent_2,actor_logits,1,1,4,6.501554,-9.698591,3.708870,0.120085,0.975195,2.792684,6.501554,-9.698591,-0.478274,,,,
8,310,310.000000,agent_3,actor_logits,1,1,4,6.501554,-9.698593,3.708869,0.120085,0.975195,2.792686,6.501554,-9.698593,-0.478274,,,,
8,310,310.000000,agent_4,actor_logits,1,1,4,6.501553,-9.698592,3.708868,0.120085,0.975195,2.792686,6.501553,-9.698592,-0.478274,,,,
8,310,310.000000,agent_5,actor_logits,1,1,4,6.501554,-9.698592,3.708868,0.120085,0.975195,2.792686,6.501554,-9.698592,-0.478274,,,,
8,312,312.000000,agent_0,actor_logits,0,1,4,4.231596,-4.580299,0.662340,0.648887,0.659113,4.231596,-2.341527,-4.580299,3.569256,,,,
8,312,312.000000,agent_1,actor_logits,0,1,4,4.231596,-4.580300,0.662340,0.648887,0.659113,4.231596,-2.341527,-4.580300,3.569256,,,,
8,312,312.000000,agent_2,actor_logits,0,1,4,4.231595,-4.580299,0.662339,0.648887,0.659113,4.231595,-2.341526,-4.580299,3.569256,,,,
8,312,312.000000,agent_3,actor_logits,0,1,4,4.231597,-4.580299,0.662342,0.648887,0.659114,4.231597,-2.341527,-4.580299,3.569256,,,,
8,312,312.000000,agent_4,actor_logits,0,1,4,4.231597,-4.580299,0.662341,0.648887,0.659114,4.231597,-2.341527,-4.580299,3.569256,,,,
8,312,312.000000,agent_5,actor_logits,0,1,4,4.231596,-4.580299,0.662341,0.648887,0.659114,4.231596,-2.341527,-4.580299,3.569256,,,,
8,314,314.000000,agent_0,actor_logits,3,1,4,5.403740,-12.733597,0.301225,0.887825,0.534513,3.370794,-12.733597,5.102516,5.403740,,,,
8,314,314.000000,agent_1,actor_logits,3,1,4,5.403739,-12.733599,0.301224,0.887825,0.534513,3.370795,-12.733599,5.102516,5.403739,,,,
8,314,314.000000,agent_2,actor_logits,3,1,4,5.403739,-12.733597,0.301224,0.887825,0.534513,3.370794,-12.733597,5.102516,5.403739,,,,
8,314,314.000000,agent_3,actor_logits,3,1,4,5.403739,-12.733597,0.301224,0.887825,0.534513,3.370795,-12.733597,5.102515,5.403739,,,,
8,314,314.000000,agent_4,actor_logits,3,1,4,5.403739,-12.733597,0.301224,0.887825,0.534513,3.370794,-12.733597,5.102516,5.403739,,,,
8,314,314.000000,agent_5,actor_logits,3,1,4,5.403739,-12.733597,0.301224,0.887825,0.534513,3.370794,-12.733597,5.102515,5.403739,,,,
8,316,316.000000,agent_0,actor_logits,0,1,4,4.952983,-7.630099,2.668669,0.363107,0.908408,4.952983,1.494565,-7.630099,2.284314,,,,
8,316,316.000000,agent_1,actor_logits,0,1,4,4.952984,-7.630101,2.668672,0.363106,0.908408,4.952984,1.494564,-7.630101,2.284312,,,,
8,316,316.000000,agent_2,actor_logits,0,1,4,4.952984,-7.630101,2.668671,0.363106,0.908408,4.952984,1.494564,-7.630101,2.284313,,,,
8,316,316.000000,agent_3,actor_logits,0,1,4,4.952984,-7.630100,2.668671,0.363106,0.908408,4.952984,1.494564,-7.630100,2.284313,,,,
8,316,316.000000,agent_4,actor_logits,0,1,4,4.952984,-7.630101,2.668670,0.363106,0.908408,4.952984,1.494565,-7.630101,2.284313,,,,
8,316,316.000000,agent_5,actor_logits,0,1,4,4.952984,-7.630101,2.668671,0.363106,0.908408,4.952984,1.494564,-7.630101,2.284313,,,,
8,318,318.000000,agent_0,actor_logits,0,1,4,4.947454,-10.942211,0.080144,0.723855,0.517024,4.947454,-10.942211,4.867310,0.452253,,,,
8,318,318.000000,agent_1,actor_logits,0,1,4,4.947454,-10.942211,0.080144,0.723855,0.517024,4.947454,-10.942211,4.867311,0.452252,,,,
8,318,318.000000,agent_2,actor_logits,0,1,4,4.947455,-10.942212,0.080145,0.723855,0.517024,4.947455,-10.942212,4.867310,0.452252,,,,
8,318,318.000000,agent_3,actor_logits,0,1,4,4.947454,-10.942211,0.080144,0.723855,0.517024,4.947454,-10.942211,4.867310,0.452253,,,,
8,318,318.000000,agent_4,actor_logits,0,1,4,4.947454,-10.942211,0.080143,0.723855,0.517024,4.947454,-10.942211,4.867311,0.452253,,,,
8,318,318.000000,agent_5,actor_logits,0,1,4,4.947455,-10.942211,0.080145,0.723855,0.517024,4.947455,-10.942211,4.867310,0.452252,,,,
8,320,320.000000,agent_0,actor_logits,0,1,4,4.692639,-8.039310,0.131684,0.719107,0.530199,4.692639,0.032153,-8.039310,4.560955,,,,
8,320,320.000000,agent_1,actor_logits,0,1,4,4.692640,-8.039310,0.131684,0.719106,0.530199,4.692640,0.032152,-8.039310,4.560956,,,,
8,320,320.000000,agent_2,actor_logits,0,1,4,4.692640,-8.039310,0.131685,0.719107,0.530200,4.692640,0.032153,-8.039310,4.560955,,,,
8,320,320.000000,agent_3,actor_logits,0,1,4,4.692638,-8.039310,0.131683,0.719107,0.530199,4.692638,0.032153,-8.039310,4.560955,,,,
8,320,320.000000,agent_4,actor_logits,0,1,4,4.692639,-8.039310,0.131684,0.719107,0.530199,4.692639,0.032153,-8.039310,4.560956,,,,
8,320,320.000000,agent_5,actor_logits,0,1,4,4.692639,-8.039310,0.131685,0.719107,0.530200,4.692639,0.032153,-8.039310,4.560955,,,,
8,322,322.000000,agent_0,actor_logits,0,1,4,13.649858,-7.730071,12.001539,0.000080,0.999994,13.649858,-7.730071,-7.310847,1.648319,,,,
8,322,322.000000,agent_1,actor_logits,0,1,4,13.649858,-7.730071,12.001539,0.000080,0.999994,13.649858,-7.730071,-7.310846,1.648319,,,,
8,322,322.000000,agent_2,actor_logits,0,1,4,13.649858,-7.730070,12.001540,0.000080,0.999994,13.649858,-7.730070,-7.310846,1.648319,,,,
8,322,322.000000,agent_3,actor_logits,0,1,4,13.649858,-7.730071,12.001538,0.000080,0.999994,13.649858,-7.730071,-7.310846,1.648320,,,,
8,322,322.000000,agent_4,actor_logits,0,1,4,13.649858,-7.730072,12.001539,0.000080,0.999994,13.649858,-7.730072,-7.310846,1.648320,,,,
8,322,322.000000,agent_5,actor_logits,0,1,4,13.649858,-7.730071,12.001539,0.000080,0.999994,13.649858,-7.730071,-7.310846,1.648319,,,,
8,324,324.000000,agent_0,actor_logits,1,1,4,2.077602,-2.911642,2.964076,0.397061,0.905382,-0.886475,2.077602,-0.999627,-2.911642,,,,
8,324,324.000000,agent_1,actor_logits,1,1,4,2.077601,-2.911643,2.964076,0.397061,0.905382,-0.886475,2.077601,-0.999627,-2.911643,,,,
8,324,324.000000,agent_2,actor_logits,1,1,4,2.077602,-2.911642,2.964077,0.397061,0.905382,-0.886475,2.077602,-0.999627,-2.911642,,,,
8,324,324.000000,agent_3,actor_logits,1,1,4,2.077602,-2.911642,2.964078,0.397061,0.905382,-0.886476,2.077602,-0.999627,-2.911642,,,,
8,324,324.000000,agent_4,actor_logits,1,1,4,2.077601,-2.911642,2.964076,0.397061,0.905382,-0.886475,2.077601,-0.999627,-2.911642,,,,
8,324,324.000000,agent_5,actor_logits,1,1,4,2.077601,-2.911643,2.964076,0.397061,0.905382,-0.886475,2.077601,-0.999627,-2.911643,,,,
8,326,326.000000,agent_0,actor_logits,0,1,3,8.042435,-13.257819,6.719634,0.009307,0.998794,8.042435,1.322801,-13.257819,,,,,
8,326,326.000000,agent_1,actor_logits,0,1,3,8.042435,-13.257819,6.719634,0.009307,0.998794,8.042435,1.322801,-13.257819,,,,,
8,326,326.000000,agent_2,actor_logits,0,1,3,8.042434,-13.257819,6.719633,0.009307,0.998794,8.042434,1.322801,-13.257819,,,,,
8,326,326.000000,agent_3,actor_logits,0,1,3,8.042434,-13.257819,6.719633,0.009307,0.998794,8.042434,1.322800,-13.257819,,,,,
8,326,326.000000,agent_4,actor_logits,0,1,3,8.042435,-13.257819,6.719635,0.009307,0.998794,8.042435,1.322800,-13.257819,,,,,
8,326,326.000000,agent_5,actor_logits,0,1,3,8.042435,-13.257819,6.719635,0.009307,0.998794,8.042435,1.322800,-13.257819,,,,,
8,328,328.000000,agent_0,actor_logits,0,1,2,-4.052485,-9.708155,5.655670,0.023204,0.996515,-4.052485,-9.708155,,,,,,
8,328,328.000000,agent_1,actor_logits,0,1,2,-4.052485,-9.708153,5.655668,0.023204,0.996515,-4.052485,-9.708153,,,,,,
8,328,328.000000,agent_2,actor_logits,0,1,2,-4.052485,-9.708155,5.655670,0.023204,0.996515,-4.052485,-9.708155,,,,,,
8,328,328.000000,agent_3,actor_logits,0,1,2,-4.052485,-9.708155,5.655670,0.023204,0.996515,-4.052485,-9.708155,,,,,,
8,328,328.000000,agent_4,actor_logits,0,1,2,-4.052485,-9.708153,5.655668,0.023204,0.996515,-4.052485,-9.708153,,,,,,
8,328,328.000000,agent_5,actor_logits,0,1,2,-4.052484,-9.708155,5.655671,0.023204,0.996515,-4.052484,-9.708155,,,,,,
8,330,330.000000,agent_0,actor_logits,1,1,3,5.840337,-6.666129,11.746006,0.000151,0.999988,-5.905668,5.840337,-6.666129,,,,,
8,330,330.000000,agent_1,actor_logits,1,1,3,5.840337,-6.666128,11.746006,0.000151,0.999988,-5.905669,5.840337,-6.666128,,,,,
8,330,330.000000,agent_2,actor_logits,1,1,3,5.840337,-6.666127,11.746006,0.000151,0.999988,-5.905669,5.840337,-6.666127,,,,,
8,330,330.000000,agent_3,actor_logits,1,1,3,5.840337,-6.666128,11.746006,0.000151,0.999988,-5.905669,5.840337,-6.666128,,,,,
8,330,330.000000,agent_4,actor_logits,1,1,3,5.840337,-6.666127,11.746006,0.000151,0.999988,-5.905669,5.840337,-6.666127,,,,,
8,330,330.000000,agent_5,actor_logits,1,1,3,5.840337,-6.666128,11.746006,0.000151,0.999988,-5.905668,5.840337,-6.666128,,,,,
8,332,332.000000,agent_0,actor_logits,1,1,3,9.236054,-19.839357,11.197874,0.000167,0.999986,-19.839357,9.236054,-1.961820,,,,,
8,332,332.000000,agent_1,actor_logits,1,1,3,9.236054,-19.839357,11.197874,0.000167,0.999986,-19.839357,9.236054,-1.961820,,,,,
8,332,332.000000,agent_2,actor_logits,1,1,3,9.236053,-19.839357,11.197873,0.000167,0.999986,-19.839357,9.236053,-1.961819,,,,,
8,332,332.000000,agent_3,actor_logits,1,1,3,9.236054,-19.839357,11.197874,0.000167,0.999986,-19.839357,9.236054,-1.961820,,,,,
8,332,332.000000,agent_4,actor_logits,1,1,3,9.236053,-19.839357,11.197873,0.000167,0.999986,-19.839357,9.236053,-1.961820,,,,,
8,332,332.000000,agent_5,actor_logits,1,1,3,9.236054,-19.839357,11.197874,0.000167,0.999986,-19.839357,9.236054,-1.961820,,,,,
8,334,334.000000,agent_0,actor_logits,1,1,3,6.791646,-21.520403,3.516781,0.130681,0.971161,-21.520403,6.791646,3.274865,,,,,
8,334,334.000000,agent_1,actor_logits,1,1,3,6.791646,-21.520401,3.516780,0.130681,0.971161,-21.520401,6.791646,3.274866,,,,,
8,334,334.000000,agent_2,actor_logits,1,1,3,6.791645,-21.520401,3.516778,0.130682,0.971161,-21.520401,6.791645,3.274867,,,,,
8,334,334.000000,agent_3,actor_logits,1,1,3,6.791646,-21.520401,3.516781,0.130681,0.971161,-21.520401,6.791646,3.274865,,,,,
8,334,334.000000,agent_4,actor_logits,1,1,3,6.791646,-21.520401,3.516780,0.130681,0.971161,-21.520401,6.791646,3.274866,,,,,
8,334,334.000000,agent_5,actor_logits,1,1,3,6.791646,-21.520403,3.516780,0.130681,0.971161,-21.520403,6.791646,3.274866,,,,,
8,336,336.000000,agent_0,actor_logits,2,1,3,6.396626,-21.244081,1.780329,0.412626,0.855738,-21.244081,4.616298,6.396626,,,,,
8,336,336.000000,agent_1,actor_logits,2,1,3,6.396627,-21.244081,1.780330,0.412626,0.855738,-21.244081,4.616297,6.396627,,,,,
8,336,336.000000,agent_2,actor_logits,2,1,3,6.396628,-21.244081,1.780332,0.412626,0.855738,-21.244081,4.616296,6.396628,,,,,
8,336,336.000000,agent_3,actor_logits,2,1,3,6.396627,-21.244081,1.780330,0.412626,0.855738,-21.244081,4.616297,6.396627,,,,,
8,336,336.000000,agent_4,actor_logits,2,1,3,6.396627,-21.244081,1.780330,0.412626,0.855738,-21.244081,4.616297,6.396627,,,,,
8,336,336.000000,agent_5,actor_logits,2,1,3,6.396627,-21.244081,1.780331,0.412626,0.855738,-21.244081,4.616297,6.396627,,,,,
8,338,338.000000,agent_0,actor_logits,3,1,4,11.239626,-16.333052,5.839446,0.023189,0.996723,-16.333052,3.358164,5.400180,11.239626,,,,
8,338,338.000000,agent_1,actor_logits,3,1,4,11.239626,-16.333052,5.839446,0.023189,0.996723,-16.333052,3.358164,5.400180,11.239626,,,,
8,338,338.000000,agent_2,actor_logits,3,1,4,11.239627,-16.333052,5.839446,0.023189,0.996723,-16.333052,3.358163,5.400181,11.239627,,,,
8,338,338.000000,agent_3,actor_logits,3,1,4,11.239626,-16.333052,5.839446,0.023189,0.996723,-16.333052,3.358163,5.400180,11.239626,,,,
8,338,338.000000,agent_4,actor_logits,3,1,4,11.239626,-16.333052,5.839446,0.023189,0.996723,-16.333052,3.358164,5.400180,11.239626,,,,
8,338,338.000000,agent_5,actor_logits,3,1,4,11.239626,-16.333052,5.839446,0.023189,0.996723,-16.333052,3.358164,5.400180,11.239626,,,,
8,340,340.000000,agent_0,actor_logits,3,1,4,7.025106,-2.878116,7.672554,0.007474,0.999165,-2.878116,-0.647448,-1.020757,7.025106,,,,
8,340,340.000000,agent_1,actor_logits,3,1,4,7.025107,-2.878116,7.672555,0.007474,0.999165,-2.878116,-0.647449,-1.020757,7.025107,,,,
8,340,340.000000,agent_2,actor_logits,3,1,4,7.025107,-2.878116,7.672556,0.007474,0.999165,-2.878116,-0.647449,-1.020757,7.025107,,,,
8,340,340.000000,agent_3,actor_logits,3,1,4,7.025106,-2.878115,7.672554,0.007474,0.999165,-2.878115,-0.647448,-1.020757,7.025106,,,,
8,340,340.000000,agent_4,actor_logits,3,1,4,7.025106,-2.878116,7.672554,0.007474,0.999165,-2.878116,-0.647448,-1.020757,7.025106,,,,
8,340,340.000000,agent_5,actor_logits,3,1,4,7.025106,-2.878115,7.672555,0.007474,0.999165,-2.878115,-0.647449,-1.020758,7.025106,,,,
8,342,342.000000,agent_0,actor_logits,1,1,4,6.334859,-2.987897,8.214787,0.005113,0.999464,-1.879927,6.334859,-2.987897,-2.309136,,,,
8,342,342.000000,agent_1,actor_logits,1,1,4,6.334858,-2.987897,8.214786,0.005113,0.999464,-1.879927,6.334858,-2.987897,-2.309137,,,,
8,342,342.000000,agent_2,actor_logits,1,1,4,6.334858,-2.987897,8.214785,0.005113,0.999464,-1.879927,6.334858,-2.987897,-2.309136,,,,
8,342,342.000000,agent_3,actor_logits,1,1,4,6.334858,-2.987898,8.214786,0.005113,0.999464,-1.879928,6.334858,-2.987898,-2.309136,,,,
8,342,342.000000,agent_4,actor_logits,1,1,4,6.334858,-2.987897,8.214786,0.005113,0.999464,-1.879927,6.334858,-2.987897,-2.309137,,,,
8,342,342.000000,agent_5,actor_logits,1,1,4,6.334858,-2.987897,8.214786,0.005113,0.999464,-1.879927,6.334858,-2.987897,-2.309137,,,,
8,344,344.000000,agent_0,actor_logits,0,1,4,12.519753,-13.113924,8.528679,0.001889,0.999802,12.519753,-13.113924,-2.342014,3.991074,,,,
8,344,344.000000,agent_1,actor_logits,0,1,4,12.519753,-13.113924,8.528679,0.001889,0.999802,12.519753,-13.113924,-2.342014,3.991075,,,,
8,344,344.000000,agent_2,actor_logits,0,1,4,12.519753,-13.113924,8.528679,0.001889,0.999802,12.519753,-13.113924,-2.342014,3.991074,,,,
8,344,344.000000,agent_3,actor_logits,0,1,4,12.519753,-13.113924,8.528679,0.001889,0.999802,12.519753,-13.113924,-2.342014,3.991075,,,,
8,344,344.000000,agent_4,actor_logits,0,1,4,12.519753,-13.113924,8.528679,0.001889,0.999802,12.519753,-13.113924,-2.342014,3.991074,,,,
8,344,344.000000,agent_5,actor_logits,0,1,4,12.519754,-13.113925,8.528680,0.001889,0.999802,12.519754,-13.113925,-2.342014,3.991075,,,,
8,346,346.000000,agent_0,actor_logits,0,1,4,14.087612,-16.712410,8.516495,0.001910,0.999800,14.087612,-16.712410,-0.656640,5.571117,,,,
8,346,346.000000,agent_1,actor_logits,0,1,4,14.087611,-16.712410,8.516495,0.001910,0.999800,14.087611,-16.712410,-0.656639,5.571117,,,,
8,346,346.000000,agent_2,actor_logits,0,1,4,14.087611,-16.712410,8.516494,0.001910,0.999800,14.087611,-16.712410,-0.656640,5.571117,,,,
8,346,346.000000,agent_3,actor_logits,0,1,4,14.087612,-16.712410,8.516495,0.001910,0.999800,14.087612,-16.712410,-0.656640,5.571117,,,,
8,346,346.000000,agent_4,actor_logits,0,1,4,14.087612,-16.712410,8.516496,0.001910,0.999800,14.087612,-16.712410,-0.656640,5.571116,,,,
8,346,346.000000,agent_5,actor_logits,0,1,4,14.087612,-16.712410,8.516495,0.001910,0.999800,14.087612,-16.712410,-0.656639,5.571117,,,,
8,348,348.000000,agent_0,actor_logits,3,1,4,3.136129,-5.334543,0.778988,0.697955,0.674024,-5.334543,-0.571033,2.357141,3.136129,,,,
8,348,348.000000,agent_1,actor_logits,3,1,4,3.136129,-5.334544,0.778988,0.697955,0.674024,-5.334544,-0.571033,2.357141,3.136129,,,,
8,348,348.000000,agent_2,actor_logits,3,1,4,3.136130,-5.334543,0.778989,0.697955,0.674024,-5.334543,-0.571033,2.357141,3.136130,,,,
8,348,348.000000,agent_3,actor_logits,3,1,4,3.136129,-5.334543,0.778989,0.697955,0.674024,-5.334543,-0.571032,2.357141,3.136129,,,,
8,348,348.000000,agent_4,actor_logits,3,1,4,3.136129,-5.334543,0.778988,0.697955,0.674024,-5.334543,-0.571033,2.357141,3.136129,,,,
8,348,348.000000,agent_5,actor_logits,3,1,4,3.136129,-5.334543,0.778987,0.697955,0.674024,-5.334543,-0.571033,2.357141,3.136129,,,,
8,350,350.000000,agent_0,actor_logits,0,1,4,9.427437,-9.174901,5.934006,0.018387,0.997354,9.427437,-9.174901,-2.690722,3.493431,,,,
8,350,350.000000,agent_1,actor_logits,0,1,4,9.427437,-9.174902,5.934006,0.018387,0.997354,9.427437,-9.174902,-2.690721,3.493431,,,,
8,350,350.000000,agent_2,actor_logits,0,1,4,9.427437,-9.174902,5.934005,0.018387,0.997354,9.427437,-9.174902,-2.690722,3.493432,,,,
8,350,350.000000,agent_3,actor_logits,0,1,4,9.427437,-9.174901,5.934005,0.018387,0.997354,9.427437,-9.174901,-2.690722,3.493432,,,,
8,350,350.000000,agent_4,actor_logits,0,1,4,9.427437,-9.174900,5.934005,0.018387,0.997354,9.427437,-9.174900,-2.690722,3.493432,,,,
8,350,350.000000,agent_5,actor_logits,0,1,4,9.427437,-9.174902,5.934005,0.018387,0.997354,9.427437,-9.174902,-2.690722,3.493432,,,,
8,352,352.000000,agent_0,actor_logits,1,1,4,1.301066,-2.118516,0.447597,0.960785,0.553675,-2.118516,1.301066,-0.707171,0.853469,,,,
8,352,352.000000,agent_1,actor_logits,1,1,4,1.301066,-2.118515,0.447597,0.960785,0.553675,-2.118515,1.301066,-0.707171,0.853469,,,,
8,352,352.000000,agent_2,actor_logits,1,1,4,1.301066,-2.118516,0.447597,0.960785,0.553675,-2.118516,1.301066,-0.707170,0.853469,,,,
8,352,352.000000,agent_3,actor_logits,1,1,4,1.301065,-2.118515,0.447596,0.960785,0.553675,-2.118515,1.301065,-0.707171,0.853469,,,,
8,352,352.000000,agent_4,actor_logits,1,1,4,1.301065,-2.118516,0.447596,0.960785,0.553675,-2.118516,1.301065,-0.707171,0.853469,,,,
8,352,352.000000,agent_5,actor_logits,1,1,4,1.301065,-2.118515,0.447596,0.960785,0.553675,-2.118515,1.301065,-0.707171,0.853469,,,,
8,354,354.000000,agent_0,actor_logits,3,1,4,3.574065,-5.472227,1.561278,0.611702,0.793410,2.012787,0.586253,-5.472227,3.574065,,,,
8,354,354.000000,agent_1,actor_logits,3,1,4,3.574064,-5.472227,1.561276,0.611702,0.793409,2.012787,0.586253,-5.472227,3.574064,,,,
8,354,354.000000,agent_2,actor_logits,3,1,4,3.574064,-5.472228,1.561277,0.611702,0.793409,2.012787,0.586253,-5.472228,3.574064,,,,
8,354,354.000000,agent_3,actor_logits,3,1,4,3.574064,-5.472228,1.561277,0.611702,0.793409,2.012787,0.586253,-5.472228,3.574064,,,,
8,354,354.000000,agent_4,actor_logits,3,1,4,3.574065,-5.472227,1.561279,0.611702,0.793410,2.012786,0.586253,-5.472227,3.574065,,,,
8,354,354.000000,agent_5,actor_logits,3,1,4,3.574064,-5.472228,1.561277,0.611702,0.793409,2.012787,0.586253,-5.472228,3.574064,,,,
8,356,356.000000,agent_0,actor_logits,0,1,4,9.700251,-6.629757,7.237112,0.005929,0.999281,9.700251,-6.629757,-5.024869,2.463139,,,,
8,356,356.000000,agent_1,actor_logits,0,1,4,9.700250,-6.629757,7.237111,0.005929,0.999281,9.700250,-6.629757,-5.024868,2.463139,,,,
8,356,356.000000,agent_2,actor_logits,0,1,4,9.700249,-6.629756,7.237110,0.005929,0.999281,9.700249,-6.629756,-5.024868,2.463139,,,,
8,356,356.000000,agent_3,actor_logits,0,1,4,9.700250,-6.629756,7.237111,0.005929,0.999281,9.700250,-6.629756,-5.024869,2.463139,,,,
8,356,356.000000,agent_4,actor_logits,0,1,4,9.700249,-6.629757,7.237110,0.005929,0.999281,9.700249,-6.629757,-5.024868,2.463139,,,,
8,356,356.000000,agent_5,actor_logits,0,1,4,9.700249,-6.629756,7.237110,0.005929,0.999281,9.700249,-6.629756,-5.024869,2.463139,,,,
8,358,358.000000,agent_0,actor_logits,1,1,4,3.405477,-3.538006,2.392558,0.302922,0.914442,1.012919,3.405477,-3.538006,-3.317748,,,,
8,358,358.000000,agent_1,actor_logits,1,1,4,3.405477,-3.538006,2.392558,0.302922,0.914442,1.012919,3.405477,-3.538006,-3.317747,,,,
8,358,358.000000,agent_2,actor_logits,1,1,4,3.405477,-3.538006,2.392558,0.302922,0.914442,1.012919,3.405477,-3.538006,-3.317747,,,,
8,358,358.000000,agent_3,actor_logits,1,1,4,3.405477,-3.538006,2.392558,0.302922,0.914442,1.012919,3.405477,-3.538006,-3.317747,,,,
8,358,358.000000,agent_4,actor_logits,1,1,4,3.405477,-3.538006,2.392558,0.302922,0.914442,1.012919,3.405477,-3.538006,-3.317748,,,,
8,358,358.000000,agent_5,actor_logits,1,1,4,3.405477,-3.538006,2.392558,0.302922,0.914442,1.012919,3.405477,-3.538006,-3.317748,,,,
8,360,360.000000,agent_0,actor_logits,0,1,4,6.913328,-10.533364,3.812434,0.116209,0.976785,6.913328,0.519596,-10.533364,3.100894,,,,
8,360,360.000000,agent_1,actor_logits,0,1,4,6.913328,-10.533364,3.812434,0.116209,0.976785,6.913328,0.519595,-10.533364,3.100894,,,,
8,360,360.000000,agent_2,actor_logits,0,1,4,6.913329,-10.533364,3.812434,0.116209,0.976785,6.913329,0.519595,-10.533364,3.100895,,,,
8,360,360.000000,agent_3,actor_logits,0,1,4,6.913328,-10.533364,3.812433,0.116209,0.976785,6.913328,0.519595,-10.533364,3.100895,,,,
8,360,360.000000,agent_4,actor_logits,0,1,4,6.913329,-10.533364,3.812434,0.116209,0.976785,6.913329,0.519594,-10.533364,3.100894,,,,
8,360,360.000000,agent_5,actor_logits,0,1,4,6.913329,-10.533365,3.812434,0.116209,0.976785,6.913329,0.519595,-10.533365,3.100895,,,,
8,362,362.000000,agent_0,actor_logits,0,1,3,10.138752,-16.583479,8.755445,0.001537,0.999842,10.138752,1.383307,-16.583479,,,,,
8,362,362.000000,agent_1,actor_logits,0,1,3,10.138752,-16.583479,8.755445,0.001537,0.999842,10.138752,1.383307,-16.583479,,,,,
8,362,362.000000,agent_2,actor_logits,0,1,3,10.138751,-16.583479,8.755444,0.001537,0.999842,10.138751,1.383307,-16.583479,,,,,
8,362,362.000000,agent_3,actor_logits,0,1,3,10.138751,-16.583479,8.755444,0.001537,0.999842,10.138751,1.383308,-16.583479,,,,,
8,362,362.000000,agent_4,actor_logits,0,1,3,10.138751,-16.583479,8.755444,0.001537,0.999842,10.138751,1.383307,-16.583479,,,,,
8,362,362.000000,agent_5,actor_logits,0,1,3,10.138751,-16.583479,8.755444,0.001537,0.999842,10.138751,1.383307,-16.583479,,,,,
8,364,364.000000,agent_0,actor_logits,0,1,2,-6.346082,-9.590167,3.244085,0.160046,0.962460,-6.346082,-9.590167,,,,,,
8,364,364.000000,agent_1,actor_logits,0,1,2,-6.346083,-9.590167,3.244084,0.160046,0.962460,-6.346083,-9.590167,,,,,,
8,364,364.000000,agent_2,actor_logits,0,1,2,-6.346083,-9.590167,3.244084,0.160046,0.962460,-6.346083,-9.590167,,,,,,
8,364,364.000000,agent_3,actor_logits,0,1,2,-6.346083,-9.590168,3.244085,0.160046,0.962460,-6.346083,-9.590168,,,,,,
8,364,364.000000,agent_4,actor_logits,0,1,2,-6.346083,-9.590167,3.244084,0.160046,0.962460,-6.346083,-9.590167,,,,,,
8,364,364.000000,agent_5,actor_logits,0,1,2,-6.346082,-9.590167,3.244085,0.160046,0.962460,-6.346082,-9.590167,,,,,,
8,366,366.000000,agent_0,actor_logits,1,1,3,2.937214,-6.042305,7.197541,0.007386,0.999126,-4.260327,2.937214,-6.042305,,,,,
8,366,366.000000,agent_1,actor_logits,1,1,3,2.937214,-6.042305,7.197542,0.007386,0.999126,-4.260328,2.937214,-6.042305,,,,,
8,366,366.000000,agent_2,actor_logits,1,1,3,2.937214,-6.042305,7.197541,0.007386,0.999126,-4.260327,2.937214,-6.042305,,,,,
8,366,366.000000,agent_3,actor_logits,1,1,3,2.937214,-6.042306,7.197540,0.007386,0.999126,-4.260326,2.937214,-6.042306,,,,,
8,366,366.000000,agent_4,actor_logits,1,1,3,2.937214,-6.042305,7.197542,0.007386,0.999126,-4.260328,2.937214,-6.042305,,,,,
8,366,366.000000,agent_5,actor_logits,1,1,3,2.937215,-6.042306,7.197542,0.007386,0.999126,-4.260328,2.937215,-6.042306,,,,,
8,368,368.000000,agent_0,actor_logits,1,1,3,7.738688,-15.840570,11.706860,0.000105,0.999992,-15.840570,7.738688,-3.968172,,,,,
8,368,368.000000,agent_1,actor_logits,1,1,3,7.738687,-15.840571,11.706859,0.000105,0.999992,-15.840571,7.738687,-3.968172,,,,,
8,368,368.000000,agent_2,actor_logits,1,1,3,7.738687,-15.840570,11.706859,0.000105,0.999992,-15.840570,7.738687,-3.968171,,,,,
8,368,368.000000,agent_3,actor_logits,1,1,3,7.738688,-15.840570,11.706861,0.000105,0.999992,-15.840570,7.738688,-3.968173,,,,,
8,368,368.000000,agent_4,actor_logits,1,1,3,7.738688,-15.840571,11.706860,0.000105,0.999992,-15.840571,7.738688,-3.968172,,,,,
8,368,368.000000,agent_5,actor_logits,1,1,3,7.738688,-15.840571,11.706860,0.000105,0.999992,-15.840571,7.738688,-3.968171,,,,,
8,370,370.000000,agent_0,actor_logits,1,1,3,7.262914,-20.635607,7.344644,0.005388,0.999354,-20.635607,7.262914,-0.081730,,,,,
8,370,370.000000,agent_1,actor_logits,1,1,3,7.262914,-20.635607,7.344643,0.005388,0.999354,-20.635607,7.262914,-0.081730,,,,,
8,370,370.000000,agent_2,actor_logits,1,1,3,7.262914,-20.635607,7.344643,0.005388,0.999354,-20.635607,7.262914,-0.081729,,,,,
8,370,370.000000,agent_3,actor_logits,1,1,3,7.262914,-20.635605,7.344645,0.005388,0.999354,-20.635605,7.262914,-0.081730,,,,,
8,370,370.000000,agent_4,actor_logits,1,1,3,7.262914,-20.635607,7.344644,0.005388,0.999354,-20.635607,7.262914,-0.081730,,,,,
8,370,370.000000,agent_5,actor_logits,1,1,3,7.262913,-20.635607,7.344642,0.005388,0.999354,-20.635607,7.262913,-0.081729,,,,,
8,372,372.000000,agent_0,actor_logits,1,1,3,7.269520,-22.184240,4.101808,0.083158,0.983726,-22.184240,7.269520,3.167713,,,,,
8,372,372.000000,agent_1,actor_logits,1,1,3,7.269520,-22.184244,4.101807,0.083158,0.983726,-22.184244,7.269520,3.167713,,,,,
8,372,372.000000,agent_2,actor_logits,1,1,3,7.269519,-22.184242,4.101806,0.083158,0.983726,-22.184242,7.269519,3.167713,,,,,
8,372,372.000000,agent_3,actor_logits,1,1,3,7.269520,-22.184242,4.101808,0.083158,0.983726,-22.184242,7.269520,3.167713,,,,,
8,372,372.000000,agent_4,actor_logits,1,1,3,7.269520,-22.184240,4.101807,0.083158,0.983726,-22.184240,7.269520,3.167713,,,,,
8,372,372.000000,agent_5,actor_logits,1,1,3,7.269519,-22.184242,4.101806,0.083158,0.983726,-22.184242,7.269519,3.167714,,,,,
8,374,374.000000,agent_0,actor_logits,2,1,3,9.455441,-18.452814,10.036366,0.000483,0.999956,-18.452814,-0.580925,9.455441,,,,,
8,374,374.000000,agent_1,actor_logits,2,1,3,9.455441,-18.452814,10.036366,0.000483,0.999956,-18.452814,-0.580925,9.455441,,,,,
8,374,374.000000,agent_2,actor_logits,2,1,3,9.455441,-18.452814,10.036367,0.000483,0.999956,-18.452814,-0.580926,9.455441,,,,,
8,374,374.000000,agent_3,actor_logits,2,1,3,9.455441,-18.452814,10.036366,0.000483,0.999956,-18.452814,-0.580925,9.455441,,,,,
8,374,374.000000,agent_4,actor_logits,2,1,3,9.455441,-18.452814,10.036366,0.000483,0.999956,-18.452814,-0.580925,9.455441,,,,,
8,374,374.000000,agent_5,actor_logits,2,1,3,9.455441,-18.452812,10.036366,0.000483,0.999956,-18.452812,-0.580926,9.455441,,,,,
8,376,376.000000,agent_0,actor_logits,3,1,4,8.834150,-6.874563,6.328249,0.013318,0.998196,-6.874563,2.505901,-1.901335,8.834150,,,,
8,376,376.000000,agent_1,actor_logits,3,1,4,8.834150,-6.874563,6.328249,0.013318,0.998196,-6.874563,2.505901,-1.901335,8.834150,,,,
8,376,376.000000,agent_2,actor_logits,3,1,4,8.834150,-6.874563,6.328250,0.013318,0.998196,-6.874563,2.505901,-1.901334,8.834150,,,,
8,376,376.000000,agent_3,actor_logits,3,1,4,8.834150,-6.874563,6.328249,0.013318,0.998196,-6.874563,2.505901,-1.901335,8.834150,,,,
8,376,376.000000,agent_4,actor_logits,3,1,4,8.834151,-6.874563,6.328250,0.013318,0.998196,-6.874563,2.505901,-1.901335,8.834151,,,,
8,376,376.000000,agent_5,actor_logits,3,1,4,8.834150,-6.874563,6.328250,0.013318,0.998196,-6.874563,2.505900,-1.901334,8.834150,,,,
8,378,378.000000,agent_0,actor_logits,3,1,4,5.698453,-3.324697,5.296511,0.041086,0.993812,-1.116619,0.401942,-3.324697,5.698453,,,,
8,378,378.000000,agent_1,actor_logits,3,1,4,5.698453,-3.324697,5.296511,0.041086,0.993812,-1.116619,0.401942,-3.324697,5.698453,,,,
8,378,378.000000,agent_2,actor_logits,3,1,4,5.698453,-3.324697,5.296512,0.041086,0.993812,-1.116619,0.401942,-3.324697,5.698453,,,,
8,378,378.000000,agent_3,actor_logits,3,1,4,5.698453,-3.324697,5.296511,0.041086,0.993812,-1.116619,0.401943,-3.324697,5.698453,,,,
8,378,378.000000,agent_4,actor_logits,3,1,4,5.698453,-3.324696,5.296511,0.041086,0.993812,-1.116619,0.401942,-3.324696,5.698453,,,,
8,378,378.000000,agent_5,actor_logits,3,1,4,5.698454,-3.324697,5.296512,0.041086,0.993812,-1.116619,0.401942,-3.324697,5.698454,,,,
8,380,380.000000,agent_0,actor_logits,1,1,4,3.807899,-5.966308,2.624358,0.467648,0.873545,1.183541,3.807899,-5.966308,1.179826,,,,
8,380,380.000000,agent_1,actor_logits,1,1,4,3.807899,-5.966307,2.624358,0.467649,0.873545,1.183541,3.807899,-5.966307,1.179827,,,,
8,380,380.000000,agent_2,actor_logits,1,1,4,3.807898,-5.966307,2.624357,0.467649,0.873545,1.183541,3.807898,-5.966307,1.179827,,,,
8,380,380.000000,agent_3,actor_logits,1,1,4,3.807899,-5.966308,2.624357,0.467649,0.873545,1.183541,3.807899,-5.966308,1.179827,,,,
8,380,380.000000,agent_4,actor_logits,1,1,4,3.807899,-5.966307,2.624357,0.467649,0.873545,1.183541,3.807899,-5.966307,1.179826,,,,
8,380,380.000000,agent_5,actor_logits,1,1,4,3.807898,-5.966307,2.624357,0.467649,0.873545,1.183541,3.807898,-5.966307,1.179827,,,,
8,382,382.000000,agent_0,actor_logits,0,1,4,7.076458,-10.341908,4.717752,0.071069,0.988150,7.076458,2.358707,-10.341908,1.286263,,,,
8,382,382.000000,agent_1,actor_logits,0,1,4,7.076459,-10.341908,4.717752,0.071069,0.988150,7.076459,2.358706,-10.341908,1.286263,,,,
8,382,382.000000,agent_2,actor_logits,0,1,4,7.076458,-10.341908,4.717752,0.071069,0.988150,7.076458,2.358706,-10.341908,1.286263,,,,
8,382,382.000000,agent_3,actor_logits,0,1,4,7.076458,-10.341908,4.717752,0.071069,0.988150,7.076458,2.358706,-10.341908,1.286263,,,,
8,382,382.000000,agent_4,actor_logits,0,1,4,7.076459,-10.341908,4.717752,0.071069,0.988150,7.076459,2.358707,-10.341908,1.286263,,,,
8,382,382.000000,agent_5,actor_logits,0,1,4,7.076459,-10.341908,4.717753,0.071069,0.988150,7.076459,2.358706,-10.341908,1.286263,,,,
8,384,384.000000,agent_0,actor_logits,0,1,4,10.539557,-11.586422,6.752076,0.009088,0.998830,10.539557,-11.586422,-2.217046,3.787480,,,,
8,384,384.000000,agent_1,actor_logits,0,1,4,10.539557,-11.586422,6.752077,0.009088,0.998830,10.539557,-11.586422,-2.217047,3.787481,,,,
8,384,384.000000,agent_2,actor_logits,0,1,4,10.539557,-11.586422,6.752077,0.009088,0.998830,10.539557,-11.586422,-2.217046,3.787480,,,,
8,384,384.000000,agent_3,actor_logits,0,1,4,10.539557,-11.586422,6.752077,0.009088,0.998830,10.539557,-11.586422,-2.217047,3.787480,,,,
8,384,384.000000,agent_4,actor_logits,0,1,4,10.539557,-11.586422,6.752076,0.009088,0.998830,10.539557,-11.586422,-2.217046,3.787480,,,,
8,384,384.000000,agent_5,actor_logits,0,1,4,10.539557,-11.586422,6.752077,0.009088,0.998830,10.539557,-11.586422,-2.217046,3.787480,,,,
8,386,386.000000,agent_0,actor_logits,3,1,4,4.049204,-4.736596,0.521825,0.666804,0.627044,-4.736596,-2.679590,3.527379,4.049204,,,,
8,386,386.000000,agent_1,actor_logits,3,1,4,4.049204,-4.736597,0.521825,0.666804,0.627044,-4.736597,-2.679590,3.527379,4.049204,,,,
8,386,386.000000,agent_2,actor_logits,3,1,4,4.049205,-4.736596,0.521826,0.666804,0.627044,-4.736596,-2.679590,3.527379,4.049205,,,,
8,386,386.000000,agent_3,actor_logits,3,1,4,4.049204,-4.736597,0.521825,0.666804,0.627043,-4.736597,-2.679589,3.527379,4.049204,,,,
8,386,386.000000,agent_4,actor_logits,3,1,4,4.049204,-4.736596,0.521825,0.666804,0.627044,-4.736596,-2.679590,3.527379,4.049204,,,,
8,386,386.000000,agent_5,actor_logits,3,1,4,4.049204,-4.736596,0.521824,0.666804,0.627043,-4.736596,-2.679590,3.527380,4.049204,,,,
8,388,388.000000,agent_0,actor_logits,0,1,4,7.560338,-7.455149,5.132248,0.036521,0.994085,7.560338,-2.405314,-7.455149,2.428089,,,,
8,388,388.000000,agent_1,actor_logits,0,1,4,7.560338,-7.455149,5.132248,0.036521,0.994085,7.560338,-2.405314,-7.455149,2.428090,,,,
8,388,388.000000,agent_2,actor_logits,0,1,4,7.560338,-7.455149,5.132247,0.036521,0.994085,7.560338,-2.405314,-7.455149,2.428090,,,,
8,388,388.000000,agent_3,actor_logits,0,1,4,7.560337,-7.455149,5.132247,0.036521,0.994085,7.560337,-2.405314,-7.455149,2.428090,,,,
8,388,388.000000,agent_4,actor_logits,0,1,4,7.560338,-7.455149,5.132247,0.036521,0.994085,7.560338,-2.405315,-7.455149,2.428090,,,,
8,388,388.000000,agent_5,actor_logits,0,1,4,7.560338,-7.455149,5.132249,0.036521,0.994085,7.560338,-2.405315,-7.455149,2.428090,,,,
8,390,390.000000,agent_0,actor_logits,2,1,4,2.661294,-2.857750,1.789434,0.488326,0.844435,-1.669356,-2.857750,2.661294,0.871860,,,,
8,390,390.000000,agent_1,actor_logits,2,1,4,2.661294,-2.857750,1.789433,0.488326,0.844435,-1.669356,-2.857750,2.661294,0.871860,,,,
8,390,390.000000,agent_2,actor_logits,2,1,4,2.661294,-2.857751,1.789434,0.488326,0.844435,-1.669356,-2.857751,2.661294,0.871860,,,,
8,390,390.000000,agent_3,actor_logits,2,1,4,2.661293,-2.857750,1.789433,0.488326,0.844435,-1.669355,-2.857750,2.661293,0.871861,,,,
8,390,390.000000,agent_4,actor_logits,2,1,4,2.661294,-2.857751,1.789433,0.488326,0.844435,-1.669356,-2.857751,2.661294,0.871861,,,,
8,390,390.000000,agent_5,actor_logits,2,1,4,2.661295,-2.857751,1.789435,0.488326,0.844435,-1.669356,-2.857751,2.661295,0.871860,,,,
8,392,392.000000,agent_0,actor_logits,0,1,4,13.444401,-10.843525,13.133743,0.000029,0.999998,13.444401,-10.843525,-3.188542,0.310658,,,,
8,392,392.000000,agent_1,actor_logits,0,1,4,13.444401,-10.843525,13.133743,0.000029,0.999998,13.444401,-10.843525,-3.188543,0.310657,,,,
8,392,392.000000,agent_2,actor_logits,0,1,4,13.444401,-10.843523,13.133743,0.000029,0.999998,13.444401,-10.843523,-3.188542,0.310657,,,,
8,392,392.000000,agent_3,actor_logits,0,1,4,13.444401,-10.843525,13.133743,0.000029,0.999998,13.444401,-10.843525,-3.188543,0.310657,,,,
8,392,392.000000,agent_4,actor_logits,0,1,4,13.444399,-10.843524,13.133741,0.000029,0.999998,13.444399,-10.843524,-3.188542,0.310658,,,,
8,392,392.000000,agent_5,actor_logits,0,1,4,13.444401,-10.843525,13.133743,0.000029,0.999998,13.444401,-10.843525,-3.188542,0.310658,,,,
8,394,394.000000,agent_0,actor_logits,1,1,3,9.082466,-7.437289,15.714726,0.000004,1.000000,-7.437289,9.082466,-6.632260,,,,,
8,394,394.000000,agent_1,actor_logits,1,1,3,9.082466,-7.437289,15.714726,0.000004,1.000000,-7.437289,9.082466,-6.632260,,,,,
8,394,394.000000,agent_2,actor_logits,1,1,3,9.082466,-7.437289,15.714725,0.000004,1.000000,-7.437289,9.082466,-6.632260,,,,,
8,394,394.000000,agent_3,actor_logits,1,1,3,9.082465,-7.437289,15.714725,0.000004,1.000000,-7.437289,9.082465,-6.632260,,,,,
8,394,394.000000,agent_4,actor_logits,1,1,3,9.082467,-7.437290,15.714727,0.000004,1.000000,-7.437290,9.082467,-6.632260,,,,,
8,394,394.000000,agent_5,actor_logits,1,1,3,9.082466,-7.437289,15.714725,0.000004,1.000000,-7.437289,9.082466,-6.632259,,,,,
8,396,396.000000,agent_0,actor_logits,1,1,3,10.826258,-13.363622,17.410025,0.000000,1.000000,-13.363622,10.826258,-6.583766,,,,,
8,396,396.000000,agent_1,actor_logits,1,1,3,10.826259,-13.363622,17.410025,0.000000,1.000000,-13.363622,10.826259,-6.583766,,,,,
8,396,396.000000,agent_2,actor_logits,1,1,3,10.826259,-13.363622,17.410025,0.000000,1.000000,-13.363622,10.826259,-6.583766,,,,,
8,396,396.000000,agent_3,actor_logits,1,1,3,10.826258,-13.363622,17.410023,0.000000,1.000000,-13.363622,10.826258,-6.583766,,,,,
8,396,396.000000,agent_4,actor_logits,1,1,3,10.826259,-13.363623,17.410025,0.000000,1.000000,-13.363623,10.826259,-6.583766,,,,,
8,396,396.000000,agent_5,actor_logits,1,1,3,10.826259,-13.363622,17.410025,0.000000,1.000000,-13.363622,10.826259,-6.583766,,,,,
8,398,398.000000,agent_0,actor_logits,2,1,4,7.412296,-4.538865,9.163799,0.001564,0.999852,-2.788464,-4.538865,7.412296,-1.751503,,,,
8,398,398.000000,agent_1,actor_logits,2,1,4,7.412296,-4.538866,9.163800,0.001564,0.999852,-2.788464,-4.538866,7.412296,-1.751504,,,,
8,398,398.000000,agent_2,actor_logits,2,1,4,7.412296,-4.538866,9.163799,0.001564,0.999852,-2.788464,-4.538866,7.412296,-1.751504,,,,
8,398,398.000000,agent_3,actor_logits,2,1,4,7.412296,-4.538865,9.163800,0.001564,0.999852,-2.788464,-4.538865,7.412296,-1.751504,,,,
8,398,398.000000,agent_4,actor_logits,2,1,4,7.412296,-4.538865,9.163800,0.001564,0.999852,-2.788464,-4.538865,7.412296,-1.751504,,,,
8,398,398.000000,agent_5,actor_logits,2,1,4,7.412296,-4.538865,9.163800,0.001564,0.999852,-2.788464,-4.538865,7.412296,-1.751504,,,,
8,400,400.000000,agent_0,actor_logits,1,1,4,5.124635,-9.313542,1.437546,0.490158,0.807977,-3.686232,5.124635,3.687089,-9.313542,,,,
8,400,400.000000,agent_1,actor_logits,1,1,4,5.124635,-9.313542,1.437546,0.490158,0.807977,-3.686233,5.124635,3.687089,-9.313542,,,,
8,400,400.000000,agent_2,actor_logits,1,1,4,5.124635,-9.313542,1.437546,0.490158,0.807977,-3.686232,5.124635,3.687089,-9.313542,,,,
8,400,400.000000,agent_3,actor_logits,1,1,4,5.124636,-9.313543,1.437547,0.490158,0.807977,-3.686232,5.124636,3.687088,-9.313543,,,,
8,400,400.000000,agent_4,actor_logits,1,1,4,5.124637,-9.313543,1.437549,0.490158,0.807977,-3.686232,5.124637,3.687088,-9.313543,,,,
8,400,400.000000,agent_5,actor_logits,1,1,4,5.124635,-9.313543,1.437547,0.490158,0.807977,-3.686232,5.124635,3.687088,-9.313543,,,,
8,402,402.000000,agent_0,actor_logits,0,1,4,9.145432,-6.432041,6.632211,0.010065,0.998683,9.145432,-4.302120,-6.432041,2.513221,,,,
8,402,402.000000,agent_1,actor_logits,0,1,4,9.145432,-6.432041,6.632211,0.010065,0.998683,9.145432,-4.302120,-6.432041,2.513221,,,,
8,402,402.000000,agent_2,actor_logits,0,1,4,9.145432,-6.432041,6.632211,0.010065,0.998683,9.145432,-4.302120,-6.432041,2.513221,,,,
8,402,402.000000,agent_3,actor_logits,0,1,4,9.145432,-6.432040,6.632211,0.010065,0.998683,9.145432,-4.302120,-6.432040,2.513221,,,,
8,402,402.000000,agent_4,actor_logits,0,1,4,9.145432,-6.432041,6.632211,0.010065,0.998683,9.145432,-4.302119,-6.432041,2.513221,,,,
8,402,402.000000,agent_5,actor_logits,0,1,4,9.145432,-6.432041,6.632211,0.010065,0.998683,9.145432,-4.302120,-6.432041,2.513220,,,,
8,404,404.000000,agent_0,actor_logits,0,1,4,10.489532,-10.457411,8.073728,0.002882,0.999684,10.489532,-10.457411,-1.913503,2.415804,,,,
8,404,404.000000,agent_1,actor_logits,0,1,4,10.489532,-10.457411,8.073729,0.002882,0.999684,10.489532,-10.457411,-1.913502,2.415804,,,,
8,404,404.000000,agent_2,actor_logits,0,1,4,10.489532,-10.457411,8.073729,0.002882,0.999684,10.489532,-10.457411,-1.913503,2.415804,,,,
8,404,404.000000,agent_3,actor_logits,0,1,4,10.489532,-10.457411,8.073729,0.002882,0.999684,10.489532,-10.457411,-1.913502,2.415804,,,,
8,404,404.000000,agent_4,actor_logits,0,1,4,10.489532,-10.457411,8.073729,0.002882,0.999684,10.489532,-10.457411,-1.913503,2.415804,,,,
8,404,404.000000,agent_5,actor_logits,0,1,4,10.489532,-10.457411,8.073729,0.002882,0.999684,10.489532,-10.457411,-1.913503,2.415804,,,,
8,406,406.000000,agent_0,actor_logits,0,1,3,1.272117,-6.985832,0.355293,0.679002,0.587811,1.272117,0.916824,-6.985832,,,,,
8,406,406.000000,agent_1,actor_logits,0,1,3,1.272118,-6.985832,0.355294,0.679002,0.587811,1.272118,0.916824,-6.985832,,,,,
8,406,406.000000,agent_2,actor_logits,0,1,3,1.272118,-6.985832,0.355294,0.679002,0.587811,1.272118,0.916824,-6.985832,,,,,
8,406,406.000000,agent_3,actor_logits,0,1,3,1.272118,-6.985832,0.355294,0.679002,0.587811,1.272118,0.916823,-6.985832,,,,,
8,406,406.000000,agent_4,actor_logits,0,1,3,1.272118,-6.985832,0.355294,0.679002,0.587811,1.272118,0.916824,-6.985832,,,,,
8,406,406.000000,agent_5,actor_logits,0,1,3,1.272118,-6.985832,0.355294,0.679002,0.587811,1.272118,0.916824,-6.985832,,,,,
8,408,408.000000,agent_0,actor_logits,0,1,3,5.622556,-6.270394,9.215221,0.001105,0.999894,5.622556,-3.592666,-6.270394,,,,,
8,408,408.000000,agent_1,actor_logits,0,1,3,5.622555,-6.270393,9.215220,0.001105,0.999894,5.622555,-3.592665,-6.270393,,,,,
8,408,408.000000,agent_2,actor_logits,0,1,3,5.622555,-6.270393,9.215221,0.001105,0.999894,5.622555,-3.592666,-6.270393,,,,,
8,408,408.000000,agent_3,actor_logits,0,1,3,5.622556,-6.270393,9.215221,0.001105,0.999894,5.622556,-3.592666,-6.270393,,,,,
8,408,408.000000,agent_4,actor_logits,0,1,3,5.622556,-6.270393,9.215222,0.001105,0.999894,5.622556,-3.592666,-6.270393,,,,,
8,408,408.000000,agent_5,actor_logits,0,1,3,5.622555,-6.270393,9.215221,0.001105,0.999894,5.622555,-3.592666,-6.270393,,,,,
8,410,410.000000,agent_0,actor_logits,0,1,3,3.339480,-4.004940,5.756824,0.026657,0.996207,3.339480,-4.004940,-2.417344,,,,,
8,410,410.000000,agent_1,actor_logits,0,1,3,3.339480,-4.004940,5.756824,0.026657,0.996207,3.339480,-4.004940,-2.417344,,,,,
8,410,410.000000,agent_2,actor_logits,0,1,3,3.339479,-4.004941,5.756824,0.026657,0.996207,3.339479,-4.004941,-2.417344,,,,,
8,410,410.000000,agent_3,actor_logits,0,1,3,3.339480,-4.004940,5.756824,0.026657,0.996207,3.339480,-4.004940,-2.417344,,,,,
8,410,410.000000,agent_4,actor_logits,0,1,3,3.339480,-4.004941,5.756824,0.026657,0.996207,3.339480,-4.004941,-2.417344,,,,,
8,410,410.000000,agent_5,actor_logits,0,1,3,3.339479,-4.004941,5.756824,0.026657,0.996207,3.339479,-4.004941,-2.417344,,,,,
8,412,412.000000,agent_0,actor_logits,1,1,3,2.268236,-7.121553,2.341107,0.298136,0.912155,-0.072871,2.268236,-7.121553,,,,,
8,412,412.000000,agent_1,actor_logits,1,1,3,2.268237,-7.121554,2.341107,0.298136,0.912155,-0.072870,2.268237,-7.121554,,,,,
8,412,412.000000,agent_2,actor_logits,1,1,3,2.268237,-7.121554,2.341108,0.298136,0.912155,-0.072872,2.268237,-7.121554,,,,,
8,412,412.000000,agent_3,actor_logits,1,1,3,2.268237,-7.121554,2.341108,0.298136,0.912155,-0.072871,2.268237,-7.121554,,,,,
8,412,412.000000,agent_4,actor_logits,1,1,3,2.268237,-7.121554,2.341107,0.298136,0.912155,-0.072870,2.268237,-7.121554,,,,,
8,412,412.000000,agent_5,actor_logits,1,1,3,2.268237,-7.121553,2.341109,0.298136,0.912155,-0.072872,2.268237,-7.121553,,,,,
8,414,414.000000,agent_0,actor_logits,2,1,3,-0.364147,-3.571738,0.970983,0.700613,0.704640,-3.571738,-1.335129,-0.364147,,,,,
8,414,414.000000,agent_1,actor_logits,2,1,3,-0.364146,-3.571739,0.970983,0.700613,0.704640,-3.571739,-1.335129,-0.364146,,,,,
8,414,414.000000,agent_2,actor_logits,2,1,3,-0.364147,-3.571739,0.970982,0.700614,0.704640,-3.571739,-1.335129,-0.364147,,,,,
8,414,414.000000,agent_3,actor_logits,2,1,3,-0.364147,-3.571739,0.970982,0.700613,0.704640,-3.571739,-1.335128,-0.364147,,,,,
8,414,414.000000,agent_4,actor_logits,2,1,3,-0.364147,-3.571738,0.970982,0.700614,0.704640,-3.571738,-1.335129,-0.364147,,,,,
8,414,414.000000,agent_5,actor_logits,2,1,3,-0.364147,-3.571739,0.970982,0.700613,0.704640,-3.571739,-1.335129,-0.364147,,,,,
8,416,416.000000,agent_0,actor_logits,3,1,4,3.662488,-6.131490,2.332704,0.556394,0.837684,-6.131490,1.326126,1.329784,3.662488,,,,
8,416,416.000000,agent_1,actor_logits,3,1,4,3.662489,-6.131491,2.332704,0.556394,0.837684,-6.131491,1.326125,1.329785,3.662489,,,,
8,416,416.000000,agent_2,actor_logits,3,1,4,3.662489,-6.131492,2.332704,0.556394,0.837684,-6.131492,1.326125,1.329786,3.662489,,,,
8,416,416.000000,agent_3,actor_logits,3,1,4,3.662490,-6.131491,2.332705,0.556394,0.837684,-6.131491,1.326125,1.329785,3.662490,,,,
8,416,416.000000,agent_4,actor_logits,3,1,4,3.662488,-6.131491,2.332704,0.556394,0.837684,-6.131491,1.326126,1.329785,3.662488,,,,
8,416,416.000000,agent_5,actor_logits,3,1,4,3.662489,-6.131491,2.332703,0.556394,0.837684,-6.131491,1.326125,1.329786,3.662489,,,,
8,418,418.000000,agent_0,actor_logits,0,1,4,5.849986,-6.971155,2.069605,0.355635,0.887390,5.849986,-6.971155,-1.471358,3.780381,,,,
8,418,418.000000,agent_1,actor_logits,0,1,4,5.849985,-6.971156,2.069604,0.355635,0.887390,5.849985,-6.971156,-1.471357,3.780381,,,,
8,418,418.000000,agent_2,actor_logits,0,1,4,5.849985,-6.971156,2.069602,0.355636,0.887390,5.849985,-6.971156,-1.471357,3.780383,,,,
8,418,418.000000,agent_3,actor_logits,0,1,4,5.849985,-6.971156,2.069603,0.355635,0.887390,5.849985,-6.971156,-1.471357,3.780382,,,,
8,418,418.000000,agent_4,actor_logits,0,1,4,5.849986,-6.971156,2.069604,0.355635,0.887390,5.849986,-6.971156,-1.471358,3.780382,,,,
8,418,418.000000,agent_5,actor_logits,0,1,4,5.849985,-6.971156,2.069602,0.355635,0.887390,5.849985,-6.971156,-1.471357,3.780382,,,,
8,420,420.000000,agent_0,actor_logits,2,1,4,3.489856,-5.484313,2.516996,0.401215,0.895194,-5.484313,0.172492,3.489856,0.972860,,,,
8,420,420.000000,agent_1,actor_logits,2,1,4,3.489857,-5.484313,2.516998,0.401215,0.895194,-5.484313,0.172492,3.489857,0.972859,,,,
8,420,420.000000,agent_2,actor_logits,2,1,4,3.489858,-5.484313,2.516999,0.401215,0.895194,-5.484313,0.172491,3.489858,0.972859,,,,
8,420,420.000000,agent_3,actor_logits,2,1,4,3.489856,-5.484313,2.516998,0.401215,0.895194,-5.484313,0.172492,3.489856,0.972859,,,,
8,420,420.000000,agent_4,actor_logits,2,1,4,3.489856,-5.484312,2.516996,0.401215,0.895194,-5.484312,0.172493,3.489856,0.972860,,,,
8,420,420.000000,agent_5,actor_logits,2,1,4,3.489857,-5.484313,2.516998,0.401215,0.895194,-5.484313,0.172492,3.489857,0.972859,,,,
8,422,422.000000,agent_0,actor_logits,0,1,4,6.358044,-9.860520,3.402466,0.162602,0.964838,6.358044,-9.860520,0.598336,2.955579,,,,
8,422,422.000000,agent_1,actor_logits,0,1,4,6.358043,-9.860519,3.402465,0.162602,0.964838,6.358043,-9.860519,0.598336,2.955578,,,,
8,422,422.000000,agent_2,actor_logits,0,1,4,6.358043,-9.860519,3.402466,0.162602,0.964838,6.358043,-9.860519,0.598337,2.955577,,,,
8,422,422.000000,agent_3,actor_logits,0,1,4,6.358044,-9.860519,3.402466,0.162602,0.964838,6.358044,-9.860519,0.598336,2.955578,,,,
8,422,422.000000,agent_4,actor_logits,0,1,4,6.358045,-9.860519,3.402466,0.162602,0.964838,6.358045,-9.860519,0.598336,2.955579,,,,
8,422,422.000000,agent_5,actor_logits,0,1,4,6.358044,-9.860519,3.402466,0.162602,0.964838,6.358044,-9.860519,0.598336,2.955578,,,,
8,424,424.000000,agent_0,actor_logits,1,1,3,6.020148,-6.995150,12.096533,0.000104,0.999992,-6.995150,6.020148,-6.076384,,,,,
8,424,424.000000,agent_1,actor_logits,1,1,3,6.020149,-6.995150,12.096532,0.000104,0.999992,-6.995150,6.020149,-6.076383,,,,,
8,424,424.000000,agent_2,actor_logits,1,1,3,6.020148,-6.995150,12.096533,0.000104,0.999992,-6.995150,6.020148,-6.076384,,,,,
8,424,424.000000,agent_3,actor_logits,1,1,3,6.020149,-6.995149,12.096533,0.000104,0.999992,-6.995149,6.020149,-6.076384,,,,,
8,424,424.000000,agent_4,actor_logits,1,1,3,6.020149,-6.995150,12.096534,0.000104,0.999992,-6.995150,6.020149,-6.076385,,,,,
8,424,424.000000,agent_5,actor_logits,1,1,3,6.020149,-6.995149,12.096533,0.000104,0.999992,-6.995149,6.020149,-6.076384,,,,,
8,426,426.000000,agent_0,actor_logits,1,1,3,9.264711,-13.574733,14.426214,0.000008,0.999999,-13.574733,9.264711,-5.161503,,,,,
8,426,426.000000,agent_1,actor_logits,1,1,3,9.264711,-13.574733,14.426214,0.000008,0.999999,-13.574733,9.264711,-5.161502,,,,,
8,426,426.000000,agent_2,actor_logits,1,1,3,9.264712,-13.574734,14.426216,0.000008,0.999999,-13.574734,9.264712,-5.161503,,,,,
8,426,426.000000,agent_3,actor_logits,1,1,3,9.264710,-13.574731,14.426212,0.000008,0.999999,-13.574731,9.264710,-5.161502,,,,,
8,426,426.000000,agent_4,actor_logits,1,1,3,9.264711,-13.574733,14.426214,0.000008,0.999999,-13.574733,9.264711,-5.161503,,,,,
8,426,426.000000,agent_5,actor_logits,1,1,3,9.264711,-13.574733,14.426214,0.000008,0.999999,-13.574733,9.264711,-5.161502,,,,,
8,428,428.000000,agent_0,actor_logits,1,1,3,9.078728,-17.195107,11.206780,0.000166,0.999986,-17.195107,9.078728,-2.128052,,,,,
8,428,428.000000,agent_1,actor_logits,1,1,3,9.078728,-17.195107,11.206780,0.000166,0.999986,-17.195107,9.078728,-2.128052,,,,,
8,428,428.000000,agent_2,actor_logits,1,1,3,9.078729,-17.195105,11.206781,0.000166,0.999986,-17.195105,9.078729,-2.128053,,,,,
8,428,428.000000,agent_3,actor_logits,1,1,3,9.078728,-17.195107,11.206779,0.000166,0.999986,-17.195107,9.078728,-2.128052,,,,,
8,428,428.000000,agent_4,actor_logits,1,1,3,9.078728,-17.195105,11.206779,0.000166,0.999986,-17.195105,9.078728,-2.128052,,,,,
8,428,428.000000,agent_5,actor_logits,1,1,3,9.078729,-17.195107,11.206781,0.000166,0.999986,-17.195107,9.078729,-2.128053,,,,,
8,430,430.000000,agent_0,actor_logits,2,1,4,7.760660,-6.531042,4.417756,0.064709,0.988077,-4.504454,-6.531042,7.760660,3.342904,,,,
8,430,430.000000,agent_1,actor_logits,2,1,4,7.760661,-6.531043,4.417757,0.064709,0.988077,-4.504454,-6.531043,7.760661,3.342904,,,,
8,430,430.000000,agent_2,actor_logits,2,1,4,7.760660,-6.531042,4.417756,0.064709,0.988077,-4.504454,-6.531042,7.760660,3.342904,,,,
8,430,430.000000,agent_3,actor_logits,2,1,4,7.760661,-6.531043,4.417758,0.064709,0.988077,-4.504455,-6.531043,7.760661,3.342904,,,,
8,430,430.000000,agent_4,actor_logits,2,1,4,7.760660,-6.531042,4.417756,0.064709,0.988077,-4.504455,-6.531042,7.760660,3.342904,,,,
8,430,430.000000,agent_5,actor_logits,2,1,4,7.760660,-6.531042,4.417755,0.064709,0.988077,-4.504454,-6.531042,7.760660,3.342904,,,,
8,432,432.000000,agent_0,actor_logits,2,1,4,6.470054,-6.602608,4.826760,0.046883,0.992003,-6.602608,1.643294,6.470054,-3.501234,,,,
8,432,432.000000,agent_1,actor_logits,2,1,4,6.470055,-6.602609,4.826761,0.046883,0.992003,-6.602609,1.643294,6.470055,-3.501234,,,,
8,432,432.000000,agent_2,actor_logits,2,1,4,6.470055,-6.602609,4.826761,0.046883,0.992003,-6.602609,1.643294,6.470055,-3.501234,,,,
8,432,432.000000,agent_3,actor_logits,2,1,4,6.470056,-6.602609,4.826763,0.046883,0.992003,-6.602609,1.643293,6.470056,-3.501234,,,,
8,432,432.000000,agent_4,actor_logits,2,1,4,6.470055,-6.602609,4.826761,0.046883,0.992003,-6.602609,1.643294,6.470055,-3.501234,,,,
8,432,432.000000,agent_5,actor_logits,2,1,4,6.470054,-6.602609,4.826760,0.046883,0.992003,-6.602609,1.643294,6.470054,-3.501234,,,,
8,434,434.000000,agent_0,actor_logits,2,1,4,3.794095,-9.516473,2.458835,0.380303,0.899666,0.143927,1.335259,3.794095,-9.516473,,,,
8,434,434.000000,agent_1,actor_logits,2,1,4,3.794095,-9.516473,2.458836,0.380303,0.899667,0.143927,1.335259,3.794095,-9.516473,,,,
8,434,434.000000,agent_2,actor_logits,2,1,4,3.794095,-9.516473,2.458836,0.380303,0.899667,0.143927,1.335259,3.794095,-9.516473,,,,
8,434,434.000000,agent_3,actor_logits,2,1,4,3.794096,-9.516473,2.458838,0.380303,0.899667,0.143927,1.335258,3.794096,-9.516473,,,,
8,434,434.000000,agent_4,actor_logits,2,1,4,3.794095,-9.516473,2.458835,0.380303,0.899667,0.143927,1.335260,3.794095,-9.516473,,,,
8,434,434.000000,agent_5,actor_logits,2,1,4,3.794094,-9.516473,2.458835,0.380304,0.899666,0.143928,1.335259,3.794094,-9.516473,,,,
8,436,436.000000,agent_0,actor_logits,0,1,4,3.042723,-12.978694,0.399507,1.011260,0.499207,3.042723,2.643216,1.941691,-12.978694,,,,
8,436,436.000000,agent_1,actor_logits,0,1,4,3.042724,-12.978693,0.399508,1.011260,0.499207,3.042724,2.643216,1.941691,-12.978693,,,,
8,436,436.000000,agent_2,actor_logits,0,1,4,3.042724,-12.978694,0.399508,1.011260,0.499207,3.042724,2.643216,1.941691,-12.978694,,,,
8,436,436.000000,agent_3,actor_logits,0,1,4,3.042724,-12.978694,0.399508,1.011260,0.499207,3.042724,2.643216,1.941692,-12.978694,,,,
8,436,436.000000,agent_4,actor_logits,0,1,4,3.042724,-12.978693,0.399508,1.011260,0.499207,3.042724,2.643216,1.941691,-12.978693,,,,
8,436,436.000000,agent_5,actor_logits,0,1,4,3.042724,-12.978693,0.399508,1.011259,0.499207,3.042724,2.643216,1.941691,-12.978693,,,,
8,438,438.000000,agent_0,actor_logits,1,1,4,9.886553,-10.745996,10.333168,0.000396,0.999966,-0.446615,9.886553,-3.256636,-10.745996,,,,
8,438,438.000000,agent_1,actor_logits,1,1,4,9.886553,-10.745996,10.333167,0.000396,0.999966,-0.446615,9.886553,-3.256636,-10.745996,,,,
8,438,438.000000,agent_2,actor_logits,1,1,4,9.886553,-10.745996,10.333166,0.000396,0.999966,-0.446614,9.886553,-3.256636,-10.745996,,,,
8,438,438.000000,agent_3,actor_logits,1,1,4,9.886553,-10.745997,10.333166,0.000396,0.999966,-0.446613,9.886553,-3.256637,-10.745997,,,,
8,438,438.000000,agent_4,actor_logits,1,1,4,9.886553,-10.745996,10.333167,0.000396,0.999966,-0.446614,9.886553,-3.256636,-10.745996,,,,
8,438,438.000000,agent_5,actor_logits,1,1,4,9.886553,-10.745996,10.333167,0.000396,0.999966,-0.446614,9.886553,-3.256636,-10.745996,,,,
8,440,440.000000,agent_0,actor_logits,0,1,4,8.238143,-16.875566,1.562731,0.516854,0.817575,8.238143,6.675412,-16.875566,3.937947,,,,
8,440,440.000000,agent_1,actor_logits,0,1,4,8.238142,-16.875566,1.562731,0.516855,0.817575,8.238142,6.675411,-16.875566,3.937947,,,,
8,440,440.000000,agent_2,actor_logits,0,1,4,8.238143,-16.875566,1.562731,0.516854,0.817575,8.238143,6.675412,-16.875566,3.937948,,,,
8,440,440.000000,agent_3,actor_logits,0,1,4,8.238145,-16.875568,1.562734,0.516854,0.817576,8.238145,6.675411,-16.875568,3.937947,,,,
8,440,440.000000,agent_4,actor_logits,0,1,4,8.238143,-16.875566,1.562732,0.516854,0.817575,8.238143,6.675411,-16.875566,3.937947,,,,
8,440,440.000000,agent_5,actor_logits,0,1,4,8.238144,-16.875566,1.562733,0.516854,0.817576,8.238144,6.675411,-16.875566,3.937947,,,,
8,442,442.000000,agent_0,actor_logits,3,1,4,6.390213,-6.243073,2.182464,0.328663,0.898608,-3.239727,4.207749,-6.243073,6.390213,,,,
8,442,442.000000,agent_1,actor_logits,3,1,4,6.390213,-6.243072,2.182464,0.328663,0.898608,-3.239727,4.207749,-6.243072,6.390213,,,,
8,442,442.000000,agent_2,actor_logits,3,1,4,6.390213,-6.243072,2.182464,0.328663,0.898608,-3.239726,4.207749,-6.243072,6.390213,,,,
8,442,442.000000,agent_3,actor_logits,3,1,4,6.390213,-6.243072,2.182464,0.328663,0.898608,-3.239725,4.207749,-6.243072,6.390213,,,,
8,442,442.000000,agent_4,actor_logits,3,1,4,6.390213,-6.243072,2.182464,0.328663,0.898608,-3.239726,4.207749,-6.243072,6.390213,,,,
8,442,442.000000,agent_5,actor_logits,3,1,4,6.390213,-6.243072,2.182464,0.328663,0.898608,-3.239726,4.207749,-6.243072,6.390213,,,,
8,444,444.000000,agent_0,actor_logits,1,1,4,11.839886,-15.827065,6.630095,0.010216,0.998669,0.570095,11.839886,-15.827065,5.209790,,,,
8,444,444.000000,agent_1,actor_logits,1,1,4,11.839886,-15.827065,6.630095,0.010216,0.998669,0.570095,11.839886,-15.827065,5.209791,,,,
8,444,444.000000,agent_2,actor_logits,1,1,4,11.839886,-15.827065,6.630095,0.010216,0.998669,0.570095,11.839886,-15.827065,5.209791,,,,
8,444,444.000000,agent_3,actor_logits,1,1,4,11.839885,-15.827065,6.630094,0.010216,0.998669,0.570097,11.839885,-15.827065,5.209791,,,,
8,444,444.000000,agent_4,actor_logits,1,1,4,11.839886,-15.827065,6.630095,0.010216,0.998669,0.570096,11.839886,-15.827065,5.209791,,,,
8,444,444.000000,agent_5,actor_logits,1,1,4,11.839886,-15.827065,6.630095,0.010216,0.998669,0.570097,11.839886,-15.827065,5.209791,,,,
8,446,446.000000,agent_0,actor_logits,1,1,4,15.925134,-19.694796,11.210161,0.000171,0.999986,1.030151,15.925134,-19.694796,4.714972,,,,
8,446,446.000000,agent_1,actor_logits,1,1,4,15.925135,-19.694796,11.210162,0.000171,0.999986,1.030151,15.925135,-19.694796,4.714972,,,,
8,446,446.000000,agent_2,actor_logits,1,1,4,15.925134,-19.694796,11.210161,0.000171,0.999986,1.030151,15.925134,-19.694796,4.714973,,,,
8,446,446.000000,agent_3,actor_logits,1,1,4,15.925133,-19.694796,11.210161,0.000171,0.999986,1.030152,15.925133,-19.694796,4.714972,,,,
8,446,446.000000,agent_4,actor_logits,1,1,4,15.925134,-19.694796,11.210161,0.000171,0.999986,1.030151,15.925134,-19.694796,4.714973,,,,
8,446,446.000000,agent_5,actor_logits,1,1,4,15.925134,-19.694796,11.210161,0.000171,0.999986,1.030152,15.925134,-19.694796,4.714972,,,,
8,448,448.000000,agent_0,actor_logits,3,1,4,9.000965,-8.349563,7.279409,0.006529,0.999232,-0.447071,1.721556,-8.349563,9.000965,,,,
8,448,448.000000,agent_1,actor_logits,3,1,4,9.000965,-8.349563,7.279409,0.006529,0.999232,-0.447072,1.721556,-8.349563,9.000965,,,,
8,448,448.000000,agent_2,actor_logits,3,1,4,9.000965,-8.349563,7.279409,0.006529,0.999232,-0.447072,1.721556,-8.349563,9.000965,,,,
8,448,448.000000,agent_3,actor_logits,3,1,4,9.000964,-8.349562,7.279409,0.006529,0.999232,-0.447071,1.721555,-8.349562,9.000964,,,,
8,448,448.000000,agent_4,actor_logits,3,1,4,9.000964,-8.349563,7.279408,0.006529,0.999232,-0.447071,1.721555,-8.349563,9.000964,,,,
8,448,448.000000,agent_5,actor_logits,3,1,4,9.000965,-8.349563,7.279410,0.006529,0.999232,-0.447071,1.721555,-8.349563,9.000965,,,,
8,450,450.000000,agent_0,actor_logits,1,1,4,13.409799,-7.311852,16.078054,0.000002,1.000000,-5.473111,13.409799,-7.311852,-2.668256,,,,
8,450,450.000000,agent_1,actor_logits,1,1,4,13.409799,-7.311851,16.078054,0.000002,1.000000,-5.473112,13.409799,-7.311851,-2.668256,,,,
8,450,450.000000,agent_2,actor_logits,1,1,4,13.409800,-7.311852,16.078056,0.000002,1.000000,-5.473111,13.409800,-7.311852,-2.668256,,,,
8,450,450.000000,agent_3,actor_logits,1,1,4,13.409798,-7.311852,16.078054,0.000002,1.000000,-5.473110,13.409798,-7.311852,-2.668257,,,,
8,450,450.000000,agent_4,actor_logits,1,1,4,13.409798,-7.311851,16.078054,0.000002,1.000000,-5.473110,13.409798,-7.311851,-2.668256,,,,
8,450,450.000000,agent_5,actor_logits,1,1,4,13.409798,-7.311852,16.078053,0.000002,1.000000,-5.473110,13.409798,-7.311852,-2.668256,,,,
8,452,452.000000,agent_0,actor_logits,0,1,4,9.584477,-10.393564,5.686257,0.022676,0.996614,9.584477,-10.393564,-2.618588,3.898221,,,,
8,452,452.000000,agent_1,actor_logits,0,1,4,9.584478,-10.393564,5.686257,0.022676,0.996614,9.584478,-10.393564,-2.618588,3.898221,,,,
8,452,452.000000,agent_2,actor_logits,0,1,4,9.584477,-10.393564,5.686256,0.022677,0.996614,9.584477,-10.393564,-2.618588,3.898221,,,,
8,452,452.000000,agent_3,actor_logits,0,1,4,9.584478,-10.393564,5.686258,0.022676,0.996614,9.584478,-10.393564,-2.618588,3.898221,,,,
8,452,452.000000,agent_4,actor_logits,0,1,4,9.584478,-10.393565,5.686258,0.022676,0.996614,9.584478,-10.393565,-2.618588,3.898220,,,,
8,452,452.000000,agent_5,actor_logits,0,1,4,9.584477,-10.393564,5.686257,0.022676,0.996614,9.584477,-10.393564,-2.618588,3.898220,,,,
8,454,454.000000,agent_0,actor_logits,3,1,4,7.887229,-2.451348,9.362355,0.001896,0.999822,-1.840565,-1.475126,-2.451348,7.887229,,,,
8,454,454.000000,agent_1,actor_logits,3,1,4,7.887229,-2.451348,9.362355,0.001896,0.999822,-1.840564,-1.475126,-2.451348,7.887229,,,,
8,454,454.000000,agent_2,actor_logits,3,1,4,7.887229,-2.451348,9.362355,0.001896,0.999822,-1.840565,-1.475126,-2.451348,7.887229,,,,
8,454,454.000000,agent_3,actor_logits,3,1,4,7.887229,-2.451348,9.362355,0.001896,0.999822,-1.840564,-1.475126,-2.451348,7.887229,,,,
8,454,454.000000,agent_4,actor_logits,3,1,4,7.887228,-2.451349,9.362354,0.001896,0.999822,-1.840564,-1.475126,-2.451349,7.887228,,,,
8,454,454.000000,agent_5,actor_logits,3,1,4,7.887228,-2.451348,9.362354,0.001896,0.999822,-1.840564,-1.475126,-2.451348,7.887228,,,,
8,456,456.000000,agent_0,actor_logits,0,1,4,7.188733,-5.581365,4.342240,0.068851,0.987146,7.188733,-4.238543,-5.581365,2.846493,,,,
8,456,456.000000,agent_1,actor_logits,0,1,4,7.188735,-5.581365,4.342243,0.068851,0.987146,7.188735,-4.238543,-5.581365,2.846492,,,,
8,456,456.000000,agent_2,actor_logits,0,1,4,7.188735,-5.581365,4.342242,0.068851,0.987146,7.188735,-4.238543,-5.581365,2.846492,,,,
8,456,456.000000,agent_3,actor_logits,0,1,4,7.188735,-5.581365,4.342243,0.068851,0.987146,7.188735,-4.238543,-5.581365,2.846492,,,,
8,456,456.000000,agent_4,actor_logits,0,1,4,7.188735,-5.581365,4.342243,0.068851,0.987146,7.188735,-4.238543,-5.581365,2.846492,,,,
8,456,456.000000,agent_5,actor_logits,0,1,4,7.188734,-5.581366,4.342242,0.068851,0.987146,7.188734,-4.238543,-5.581366,2.846492,,,,
8,458,458.000000,agent_0,actor_logits,3,1,4,4.591612,-3.689777,4.597891,0.103899,0.981948,-0.006279,-0.229560,-3.689777,4.591612,,,,
8,458,458.000000,agent_1,actor_logits,3,1,4,4.591612,-3.689778,4.597890,0.103899,0.981948,-0.006278,-0.229560,-3.689778,4.591612,,,,
8,458,458.000000,agent_2,actor_logits,3,1,4,4.591612,-3.689778,4.597890,0.103899,0.981948,-0.006278,-0.229560,-3.689778,4.591612,,,,
8,458,458.000000,agent_3,actor_logits,3,1,4,4.591612,-3.689778,4.597890,0.103899,0.981948,-0.006278,-0.229561,-3.689778,4.591612,,,,
8,458,458.000000,agent_4,actor_logits,3,1,4,4.591612,-3.689778,4.597891,0.103899,0.981948,-0.006278,-0.229560,-3.689778,4.591612,,,,
8,458,458.000000,agent_5,actor_logits,3,1,4,4.591612,-3.689777,4.597890,0.103899,0.981948,-0.006278,-0.229561,-3.689777,4.591612,,,,
8,460,460.000000,agent_0,actor_logits,0,1,4,4.649395,-5.815748,3.162462,0.190135,0.956483,4.649395,-1.111894,-5.815748,1.486933,,,,
8,460,460.000000,agent_1,actor_logits,0,1,4,4.649395,-5.815748,3.162463,0.190135,0.956483,4.649395,-1.111894,-5.815748,1.486932,,,,
8,460,460.000000,agent_2,actor_logits,0,1,4,4.649395,-5.815748,3.162463,0.190135,0.956483,4.649395,-1.111894,-5.815748,1.486932,,,,
8,460,460.000000,agent_3,actor_logits,0,1,4,4.649395,-5.815749,3.162462,0.190135,0.956483,4.649395,-1.111894,-5.815749,1.486933,,,,
8,460,460.000000,agent_4,actor_logits,0,1,4,4.649396,-5.815749,3.162464,0.190135,0.956483,4.649396,-1.111894,-5.815749,1.486932,,,,
8,460,460.000000,agent_5,actor_logits,0,1,4,4.649395,-5.815748,3.162462,0.190135,0.956483,4.649395,-1.111893,-5.815748,1.486932,,,,
8,462,462.000000,agent_0,actor_logits,3,1,4,1.824994,-4.938561,0.242172,1.047041,0.452578,1.582821,0.965762,-4.938561,1.824994,,,,
8,462,462.000000,agent_1,actor_logits,3,1,4,1.824993,-4.938561,0.242172,1.047041,0.452578,1.582821,0.965764,-4.938561,1.824993,,,,
8,462,462.000000,agent_2,actor_logits,3,1,4,1.824994,-4.938561,0.242173,1.047041,0.452578,1.582821,0.965762,-4.938561,1.824994,,,,
8,462,462.000000,agent_3,actor_logits,3,1,4,1.824994,-4.938561,0.242173,1.047041,0.452578,1.582821,0.965762,-4.938561,1.824994,,,,
8,462,462.000000,agent_4,actor_logits,3,1,4,1.824994,-4.938562,0.242172,1.047041,0.452578,1.582821,0.965763,-4.938562,1.824994,,,,
8,462,462.000000,agent_5,actor_logits,3,1,4,1.824994,-4.938562,0.242173,1.047041,0.452578,1.582821,0.965763,-4.938562,1.824994,,,,
8,464,464.000000,agent_0,actor_logits,3,1,4,1.980080,-4.210084,0.834138,0.971490,0.578999,0.745027,1.145942,-4.210084,1.980080,,,,
8,464,464.000000,agent_1,actor_logits,3,1,4,1.980081,-4.210085,0.834138,0.971490,0.578999,0.745027,1.145943,-4.210085,1.980081,,,,
8,464,464.000000,agent_2,actor_logits,3,1,4,1.980079,-4.210084,0.834137,0.971490,0.578999,0.745027,1.145943,-4.210084,1.980079,,,,
8,464,464.000000,agent_3,actor_logits,3,1,4,1.980080,-4.210084,0.834137,0.971490,0.578999,0.745026,1.145943,-4.210084,1.980080,,,,
8,464,464.000000,agent_4,actor_logits,3,1,4,1.980081,-4.210085,0.834138,0.971490,0.578999,0.745027,1.145943,-4.210085,1.980081,,,,
8,464,464.000000,agent_5,actor_logits,3,1,4,1.980080,-4.210084,0.834137,0.971490,0.578999,0.745027,1.145943,-4.210084,1.980080,,,,
8,466,466.000000,agent_0,actor_logits,0,1,4,8.805365,-9.535864,7.690130,0.004317,0.999513,8.805365,1.115235,-9.535864,-1.600522,,,,
8,466,466.000000,agent_1,actor_logits,0,1,4,8.805365,-9.535865,7.690130,0.004317,0.999513,8.805365,1.115235,-9.535865,-1.600522,,,,
8,466,466.000000,agent_2,actor_logits,0,1,4,8.805365,-9.535863,7.690130,0.004317,0.999513,8.805365,1.115235,-9.535863,-1.600523,,,,
8,466,466.000000,agent_3,actor_logits,0,1,4,8.805365,-9.535864,7.690130,0.004317,0.999513,8.805365,1.115235,-9.535864,-1.600522,,,,
8,466,466.000000,agent_4,actor_logits,0,1,4,8.805365,-9.535865,7.690130,0.004317,0.999513,8.805365,1.115235,-9.535865,-1.600522,,,,
8,466,466.000000,agent_5,actor_logits,0,1,4,8.805365,-9.535865,7.690129,0.004317,0.999513,8.805365,1.115235,-9.535865,-1.600522,,,,
8,468,468.000000,agent_0,actor_logits,0,1,4,2.313550,-3.588516,2.149312,0.611791,0.817539,2.313550,-3.588516,0.164238,0.049084,,,,
8,468,468.000000,agent_1,actor_logits,0,1,4,2.313550,-3.588516,2.149312,0.611791,0.817539,2.313550,-3.588516,0.164238,0.049085,,,,
8,468,468.000000,agent_2,actor_logits,0,1,4,2.313550,-3.588517,2.149312,0.611791,0.817539,2.313550,-3.588517,0.164238,0.049085,,,,
8,468,468.000000,agent_3,actor_logits,0,1,4,2.313550,-3.588517,2.149313,0.611791,0.817539,2.313550,-3.588517,0.164237,0.049085,,,,
8,468,468.000000,agent_4,actor_logits,0,1,4,2.313550,-3.588516,2.149312,0.611791,0.817539,2.313550,-3.588516,0.164238,0.049085,,,,
8,468,468.000000,agent_5,actor_logits,0,1,4,2.313550,-3.588516,2.149313,0.611791,0.817539,2.313550,-3.588516,0.164237,0.049085,,,,
8,470,470.000000,agent_0,actor_logits,1,1,4,3.536892,-8.532413,2.070562,0.428277,0.873529,-0.444427,3.536892,1.466330,-8.532413,,,,
8,470,470.000000,agent_1,actor_logits,1,1,4,3.536892,-8.532412,2.070562,0.428277,0.873529,-0.444427,3.536892,1.466330,-8.532412,,,,
8,470,470.000000,agent_2,actor_logits,1,1,4,3.536892,-8.532413,2.070563,0.428277,0.873529,-0.444427,3.536892,1.466330,-8.532413,,,,
8,470,470.000000,agent_3,actor_logits,1,1,4,3.536892,-8.532412,2.070562,0.428277,0.873529,-0.444427,3.536892,1.466329,-8.532412,,,,
8,470,470.000000,agent_4,actor_logits,1,1,4,3.536892,-8.532412,2.070563,0.428277,0.873529,-0.444427,3.536892,1.466329,-8.532412,,,,
8,470,470.000000,agent_5,actor_logits,1,1,4,3.536892,-8.532413,2.070563,0.428277,0.873529,-0.444427,3.536892,1.466329,-8.532413,,,,
8,472,472.000000,agent_0,actor_logits,0,1,4,11.777958,-22.290524,2.703840,0.237412,0.936937,11.777958,9.074118,-22.290524,3.847239,,,,
8,472,472.000000,agent_1,actor_logits,0,1,4,11.777958,-22.290522,2.703839,0.237412,0.936937,11.777958,9.074119,-22.290522,3.847239,,,,
8,472,472.000000,agent_2,actor_logits,0,1,4,11.777958,-22.290522,2.703840,0.237412,0.936937,11.777958,9.074118,-22.290522,3.847239,,,,
8,472,472.000000,agent_3,actor_logits,0,1,4,11.777958,-22.290522,2.703840,0.237412,0.936937,11.777958,9.074118,-22.290522,3.847239,,,,
8,472,472.000000,agent_4,actor_logits,0,1,4,11.777958,-22.290524,2.703839,0.237412,0.936937,11.777958,9.074119,-22.290524,3.847239,,,,
8,472,472.000000,agent_5,actor_logits,0,1,4,11.777958,-22.290524,2.703840,0.237412,0.936937,11.777958,9.074118,-22.290524,3.847239,,,,
8,474,474.000000,agent_0,actor_logits,3,1,4,6.408146,-6.270309,5.756813,0.035406,0.994903,0.172651,0.651333,-6.270309,6.408146,,,,
8,474,474.000000,agent_1,actor_logits,3,1,4,6.408147,-6.270309,5.756814,0.035406,0.994903,0.172650,0.651333,-6.270309,6.408147,,,,
8,474,474.000000,agent_2,actor_logits,3,1,4,6.408147,-6.270309,5.756814,0.035406,0.994903,0.172650,0.651333,-6.270309,6.408147,,,,
8,474,474.000000,agent_3,actor_logits,3,1,4,6.408146,-6.270309,5.756813,0.035406,0.994903,0.172651,0.651333,-6.270309,6.408146,,,,
8,474,474.000000,agent_4,actor_logits,3,1,4,6.408146,-6.270309,5.756813,0.035406,0.994903,0.172650,0.651334,-6.270309,6.408146,,,,
8,474,474.000000,agent_5,actor_logits,3,1,4,6.408146,-6.270310,5.756813,0.035406,0.994903,0.172650,0.651334,-6.270310,6.408146,,,,
8,476,476.000000,agent_0,actor_logits,1,1,4,12.687845,-20.113337,6.221099,0.015661,0.997882,3.782336,12.687845,-20.113337,6.466746,,,,
8,476,476.000000,agent_1,actor_logits,1,1,4,12.687845,-20.113335,6.221098,0.015661,0.997882,3.782335,12.687845,-20.113335,6.466747,,,,
8,476,476.000000,agent_2,actor_logits,1,1,4,12.687844,-20.113335,6.221098,0.015661,0.997882,3.782336,12.687844,-20.113335,6.466746,,,,
8,476,476.000000,agent_3,actor_logits,1,1,4,12.687845,-20.113337,6.221099,0.015661,0.997882,3.782336,12.687845,-20.113337,6.466746,,,,
8,476,476.000000,agent_4,actor_logits,1,1,4,12.687845,-20.113335,6.221099,0.015661,0.997882,3.782336,12.687845,-20.113335,6.466746,,,,
8,476,476.000000,agent_5,actor_logits,1,1,4,12.687845,-20.113335,6.221099,0.015661,0.997882,3.782335,12.687845,-20.113335,6.466746,,,,
8,478,478.000000,agent_0,actor_logits,0,1,3,6.714163,-12.141048,7.581827,0.004372,0.999491,6.714163,-12.141048,-0.867664,,,,,
8,478,478.000000,agent_1,actor_logits,0,1,3,6.714163,-12.141047,7.581828,0.004372,0.999491,6.714163,-12.141047,-0.867665,,,,,
8,478,478.000000,agent_2,actor_logits,0,1,3,6.714165,-12.141048,7.581829,0.004372,0.999491,6.714165,-12.141048,-0.867664,,,,,
8,478,478.000000,agent_3,actor_logits,0,1,3,6.714164,-12.141048,7.581829,0.004372,0.999491,6.714164,-12.141048,-0.867664,,,,,
8,478,478.000000,agent_4,actor_logits,0,1,3,6.714164,-12.141048,7.581828,0.004372,0.999491,6.714164,-12.141048,-0.867664,,,,,
8,478,478.000000,agent_5,actor_logits,0,1,3,6.714164,-12.141047,7.581829,0.004372,0.999491,6.714164,-12.141047,-0.867665,,,,,
8,480,480.000000,agent_0,actor_logits,0,1,3,3.932209,-5.841209,7.345454,0.005997,0.999298,3.932209,-3.413244,-5.841209,,,,,
8,480,480.000000,agent_1,actor_logits,0,1,3,3.932209,-5.841208,7.345453,0.005997,0.999298,3.932209,-3.413245,-5.841208,,,,,
8,480,480.000000,agent_2,actor_logits,0,1,3,3.932210,-5.841209,7.345454,0.005997,0.999298,3.932210,-3.413244,-5.841209,,,,,
8,480,480.000000,agent_3,actor_logits,0,1,3,3.932209,-5.841208,7.345454,0.005997,0.999298,3.932209,-3.413245,-5.841208,,,,,
8,480,480.000000,agent_4,actor_logits,0,1,3,3.932209,-5.841208,7.345453,0.005997,0.999298,3.932209,-3.413245,-5.841208,,,,,
8,480,480.000000,agent_5,actor_logits,0,1,3,3.932209,-5.841208,7.345454,0.005997,0.999298,3.932209,-3.413245,-5.841208,,,,,
8,482,482.000000,agent_0,actor_logits,0,1,3,5.126423,-10.030287,4.925082,0.042749,0.992790,5.126423,0.201341,-10.030287,,,,,
8,482,482.000000,agent_1,actor_logits,0,1,3,5.126422,-10.030286,4.925081,0.042749,0.992790,5.126422,0.201341,-10.030286,,,,,
8,482,482.000000,agent_2,actor_logits,0,1,3,5.126423,-10.030287,4.925082,0.042749,0.992790,5.126423,0.201341,-10.030287,,,,,
8,482,482.000000,agent_3,actor_logits,0,1,3,5.126423,-10.030287,4.925082,0.042749,0.992790,5.126423,0.201341,-10.030287,,,,,
8,482,482.000000,agent_4,actor_logits,0,1,3,5.126423,-10.030287,4.925081,0.042749,0.992790,5.126423,0.201341,-10.030287,,,,,
8,482,482.000000,agent_5,actor_logits,0,1,3,5.126423,-10.030287,4.925081,0.042749,0.992790,5.126423,0.201341,-10.030287,,,,,
8,484,484.000000,agent_0,actor_logits,1,1,2,-7.948763,-8.755877,0.807113,0.617900,0.691494,-8.755877,-7.948763,,,,,,
8,484,484.000000,agent_1,actor_logits,1,1,2,-7.948764,-8.755877,0.807112,0.617900,0.691494,-8.755877,-7.948764,,,,,,
8,484,484.000000,agent_2,actor_logits,1,1,2,-7.948763,-8.755877,0.807113,0.617900,0.691494,-8.755877,-7.948763,,,,,,
8,484,484.000000,agent_3,actor_logits,1,1,2,-7.948764,-8.755877,0.807112,0.617900,0.691494,-8.755877,-7.948764,,,,,,
8,484,484.000000,agent_4,actor_logits,1,1,2,-7.948763,-8.755877,0.807113,0.617900,0.691494,-8.755877,-7.948763,,,,,,
8,484,484.000000,agent_5,actor_logits,1,1,2,-7.948763,-8.755877,0.807113,0.617900,0.691494,-8.755877,-7.948763,,,,,,
8,486,486.000000,agent_0,actor_logits,2,1,3,2.116590,-11.750270,0.919669,0.597647,0.714974,-11.750270,1.196921,2.116590,,,,,
8,486,486.000000,agent_1,actor_logits,2,1,3,2.116589,-11.750269,0.919669,0.597647,0.714974,-11.750269,1.196920,2.116589,,,,,
8,486,486.000000,agent_2,actor_logits,2,1,3,2.116590,-11.750270,0.919670,0.597647,0.714974,-11.750270,1.196921,2.116590,,,,,
8,486,486.000000,agent_3,actor_logits,2,1,3,2.116590,-11.750271,0.919669,0.597647,0.714974,-11.750271,1.196921,2.116590,,,,,
8,486,486.000000,agent_4,actor_logits,2,1,3,2.116590,-11.750271,0.919669,0.597647,0.714974,-11.750271,1.196921,2.116590,,,,,
8,486,486.000000,agent_5,actor_logits,2,1,3,2.116589,-11.750270,0.919668,0.597647,0.714974,-11.750270,1.196921,2.116589,,,,,
8,488,488.000000,agent_0,actor_logits,2,1,3,6.554865,-10.614136,10.239285,0.000402,0.999964,-10.614136,-3.684420,6.554865,,,,,
8,488,488.000000,agent_1,actor_logits,2,1,3,6.554865,-10.614136,10.239285,0.000402,0.999964,-10.614136,-3.684420,6.554865,,,,,
8,488,488.000000,agent_2,actor_logits,2,1,3,6.554864,-10.614136,10.239285,0.000402,0.999964,-10.614136,-3.684420,6.554864,,,,,
8,488,488.000000,agent_3,actor_logits,2,1,3,6.554864,-10.614136,10.239285,0.000402,0.999964,-10.614136,-3.684420,6.554864,,,,,
8,488,488.000000,agent_4,actor_logits,2,1,3,6.554865,-10.614136,10.239285,0.000402,0.999964,-10.614136,-3.684420,6.554865,,,,,
8,488,488.000000,agent_5,actor_logits,2,1,3,6.554865,-10.614136,10.239285,0.000402,0.999964,-10.614136,-3.684420,6.554865,,,,,
8,490,490.000000,agent_0,actor_logits,2,1,3,5.955671,-6.216034,12.012579,0.000147,0.999989,-6.056908,-6.216034,5.955671,,,,,
8,490,490.000000,agent_1,actor_logits,2,1,3,5.955670,-6.216033,12.012578,0.000147,0.999989,-6.056908,-6.216033,5.955670,,,,,
8,490,490.000000,agent_2,actor_logits,2,1,3,5.955670,-6.216034,12.012577,0.000147,0.999989,-6.056907,-6.216034,5.955670,,,,,
8,490,490.000000,agent_3,actor_logits,2,1,3,5.955670,-6.216034,12.012579,0.000147,0.999989,-6.056908,-6.216034,5.955670,,,,,
8,490,490.000000,agent_4,actor_logits,2,1,3,5.955671,-6.216034,12.012579,0.000147,0.999989,-6.056909,-6.216034,5.955671,,,,,
8,490,490.000000,agent_5,actor_logits,2,1,3,5.955671,-6.216033,12.012579,0.000147,0.999989,-6.056909,-6.216033,5.955671,,,,,
8,492,492.000000,agent_0,actor_logits,2,1,3,5.504880,-6.639377,8.456018,0.002080,0.999782,-6.639377,-2.951138,5.504880,,,,,
8,492,492.000000,agent_1,actor_logits,2,1,3,5.504879,-6.639377,8.456017,0.002080,0.999782,-6.639377,-2.951138,5.504879,,,,,
8,492,492.000000,agent_2,actor_logits,2,1,3,5.504880,-6.639377,8.456018,0.002080,0.999782,-6.639377,-2.951138,5.504880,,,,,
8,492,492.000000,agent_3,actor_logits,2,1,3,5.504879,-6.639377,8.456018,0.002080,0.999782,-6.639377,-2.951138,5.504879,,,,,
8,492,492.000000,agent_4,actor_logits,2,1,3,5.504879,-6.639377,8.456018,0.002080,0.999782,-6.639377,-2.951138,5.504879,,,,,
8,492,492.000000,agent_5,actor_logits,2,1,3,5.504879,-6.639377,8.456017,0.002080,0.999782,-6.639377,-2.951138,5.504879,,,,,
8,494,494.000000,agent_0,actor_logits,2,1,3,1.640383,-4.108637,2.582356,0.273769,0.926972,-0.941973,-4.108637,1.640383,,,,,
8,494,494.000000,agent_1,actor_logits,2,1,3,1.640382,-4.108636,2.582355,0.273769,0.926972,-0.941973,-4.108636,1.640382,,,,,
8,494,494.000000,agent_2,actor_logits,2,1,3,1.640383,-4.108636,2.582355,0.273769,0.926972,-0.941973,-4.108636,1.640383,,,,,
8,494,494.000000,agent_3,actor_logits,2,1,3,1.640382,-4.108636,2.582355,0.273769,0.926972,-0.941973,-4.108636,1.640382,,,,,
8,494,494.000000,agent_4,actor_logits,2,1,3,1.640383,-4.108636,2.582357,0.273769,0.926972,-0.941973,-4.108636,1.640383,,,,,
8,494,494.000000,agent_5,actor_logits,2,1,3,1.640383,-4.108636,2.582356,0.273769,0.926972,-0.941973,-4.108636,1.640383,,,,,
8,496,496.000000,agent_0,actor_logits,0,1,2,3.994939,-3.494933,7.489872,0.004741,0.999442,3.994939,-3.494933,,,,,,
8,496,496.000000,agent_1,actor_logits,0,1,2,3.994938,-3.494932,7.489871,0.004741,0.999442,3.994938,-3.494932,,,,,,
8,496,496.000000,agent_2,actor_logits,0,1,2,3.994939,-3.494933,7.489872,0.004741,0.999442,3.994939,-3.494933,,,,,,
8,496,496.000000,agent_3,actor_logits,0,1,2,3.994938,-3.494933,7.489871,0.004741,0.999442,3.994938,-3.494933,,,,,,
8,496,496.000000,agent_4,actor_logits,0,1,2,3.994938,-3.494933,7.489871,0.004741,0.999442,3.994938,-3.494933,,,,,,
8,496,496.000000,agent_5,actor_logits,0,1,2,3.994938,-3.494933,7.489871,0.004741,0.999442,3.994938,-3.494933,,,,,,
8,498,498.000000,agent_0,actor_logits,0,1,3,4.850363,-4.551453,7.516246,0.005490,0.999374,4.850363,-4.551453,-2.665883,,,,,
8,498,498.000000,agent_1,actor_logits,0,1,3,4.850362,-4.551454,7.516245,0.005490,0.999374,4.850362,-4.551454,-2.665883,,,,,
8,498,498.000000,agent_2,actor_logits,0,1,3,4.850363,-4.551454,7.516245,0.005490,0.999374,4.850363,-4.551454,-2.665882,,,,,
8,498,498.000000,agent_3,actor_logits,0,1,3,4.850362,-4.551454,7.516244,0.005490,0.999374,4.850362,-4.551454,-2.665882,,,,,
8,498,498.000000,agent_4,actor_logits,0,1,3,4.850362,-4.551454,7.516244,0.005490,0.999374,4.850362,-4.551454,-2.665882,,,,,
8,498,498.000000,agent_5,actor_logits,0,1,3,4.850363,-4.551454,7.516245,0.005490,0.999374,4.850363,-4.551454,-2.665883,,,,,
9,0,0.000000,agent_0,actor_logits,0,1,2,1.750134,-2.708004,4.458138,0.062569,0.988549,1.750134,-2.708004,,,,,,
9,0,0.000000,agent_1,actor_logits,3,1,4,4.275782,-4.192782,0.598823,0.658950,0.644635,3.676959,-2.163707,-4.192782,4.275782,,,,
9,0,0.000000,agent_2,actor_logits,3,1,4,4.275782,-4.192782,0.598823,0.658950,0.644635,3.676959,-2.163707,-4.192782,4.275782,,,,
9,0,0.000000,agent_3,actor_logits,3,1,4,4.275782,-4.192782,0.598823,0.658950,0.644635,3.676959,-2.163707,-4.192782,4.275782,,,,
9,0,0.000000,agent_4,actor_logits,3,1,4,4.275782,-4.192782,0.598823,0.658950,0.644635,3.676959,-2.163707,-4.192782,4.275782,,,,
9,0,0.000000,agent_5,actor_logits,3,1,4,4.275782,-4.192782,0.598823,0.658950,0.644635,3.676959,-2.163707,-4.192782,4.275782,,,,
9,2,2.000000,agent_0,actor_logits,0,1,3,8.712852,-10.546273,11.830924,0.000093,0.999993,8.712852,-3.118073,-10.546273,,,,,
9,2,2.000000,agent_1,actor_logits,0,1,4,9.283766,-10.214175,1.782147,0.412253,0.855960,9.283766,-3.726804,-10.214175,7.501619,,,,
9,2,2.000000,agent_2,actor_logits,0,1,4,9.283766,-10.214175,1.782147,0.412253,0.855960,9.283766,-3.726804,-10.214175,7.501619,,,,
9,2,2.000000,agent_3,actor_logits,0,1,4,9.283766,-10.214175,1.782147,0.412253,0.855960,9.283766,-3.726804,-10.214175,7.501619,,,,
9,2,2.000000,agent_4,actor_logits,0,1,4,9.283766,-10.214175,1.782147,0.412253,0.855960,9.283766,-3.726804,-10.214175,7.501619,,,,
9,2,2.000000,agent_5,actor_logits,0,1,3,9.015912,-10.135222,13.051483,0.000030,0.999998,9.015912,-4.035571,-10.135222,,,,,
9,4,4.000000,agent_0,actor_logits,0,1,2,2.494239,-0.016915,2.511154,0.266585,0.924920,2.494239,-0.016915,,,,,,
9,4,4.000000,agent_1,actor_logits,3,1,4,7.876810,-10.040870,4.281576,0.084309,0.984723,3.595234,1.495948,-10.040870,7.876810,,,,
9,4,4.000000,agent_2,actor_logits,3,1,4,8.646394,-11.595740,0.576625,0.653459,0.640279,8.069769,-1.802688,-11.595740,8.646394,,,,
9,4,4.000000,agent_3,actor_logits,3,1,4,8.646394,-11.595740,0.576625,0.653459,0.640279,8.069769,-1.802688,-11.595740,8.646394,,,,
9,4,4.000000,agent_4,actor_logits,3,1,4,8.646394,-11.595740,0.576625,0.653459,0.640279,8.069769,-1.802688,-11.595740,8.646394,,,,
9,4,4.000000,agent_5,actor_logits,3,1,4,8.457970,-11.825717,0.017014,0.693308,0.504245,8.440956,-1.811011,-11.825717,8.457970,,,,
9,6,6.000000,agent_0,actor_logits,0,1,3,10.263895,-11.435867,13.089073,0.000029,0.999998,10.263895,-2.825178,-11.435867,,,,,
9,6,6.000000,agent_1,actor_logits,0,1,4,8.756479,-10.080455,2.843277,0.213207,0.944959,8.756479,-2.565063,-10.080455,5.913203,,,,
9,6,6.000000,agent_2,actor_logits,0,1,4,9.162502,-11.534616,3.006512,0.190295,0.952841,9.162502,-1.291708,-11.534616,6.155991,,,,
9,6,6.000000,agent_3,actor_logits,0,1,4,9.162502,-11.534616,3.006512,0.190295,0.952841,9.162502,-1.291708,-11.534616,6.155991,,,,
9,6,6.000000,agent_4,actor_logits,0,1,4,9.162502,-11.534616,3.006512,0.190295,0.952841,9.162502,-1.291708,-11.534616,6.155991,,,,
9,6,6.000000,agent_5,actor_logits,0,1,3,7.807025,-9.489247,10.019696,0.000491,0.999956,7.807025,-2.212671,-9.489247,,,,,
9,8,8.000000,agent_0,actor_logits,0,1,2,3.660542,0.089232,3.571311,0.125406,0.972650,3.660542,0.089232,,,,,,
9,8,8.000000,agent_1,actor_logits,3,1,4,4.097706,-7.639593,1.631742,0.786326,0.720466,2.449498,2.465964,-7.639593,4.097706,,,,
9,8,8.000000,agent_2,actor_logits,0,1,4,9.866840,-11.012746,2.477314,0.272556,0.922534,9.866840,-3.307977,-11.012746,7.389526,,,,
9,8,8.000000,agent_3,actor_logits,0,1,4,9.866840,-11.012746,2.477314,0.272556,0.922534,9.866840,-3.307977,-11.012746,7.389526,,,,
9,8,8.000000,agent_4,actor_logits,0,1,4,9.866840,-11.012746,2.477314,0.272556,0.922534,9.866840,-3.307977,-11.012746,7.389526,,,,
9,8,8.000000,agent_5,actor_logits,0,1,4,10.412739,-10.990374,3.169433,0.169009,0.959667,10.412739,-3.796030,-10.990374,7.243306,,,,
9,10,10.000000,agent_0,actor_logits,0,1,3,10.113424,-11.402928,12.746233,0.000040,0.999997,10.113424,-2.632808,-11.402928,,,,,
9,10,10.000000,agent_1,actor_logits,0,1,4,7.503531,-9.375761,1.926673,0.381353,0.872841,7.503531,-2.369144,-9.375761,5.576858,,,,
9,10,10.000000,agent_2,actor_logits,0,1,4,8.924381,-9.503350,3.597423,0.123060,0.973327,8.924381,-9.503350,-2.660438,5.326958,,,,
9,10,10.000000,agent_3,actor_logits,0,1,4,8.924381,-9.503350,3.597423,0.123060,0.973327,8.924381,-9.503350,-2.660438,5.326958,,,,
9,10,10.000000,agent_4,actor_logits,0,1,4,8.924381,-9.503350,3.597423,0.123060,0.973327,8.924381,-9.503350,-2.660438,5.326958,,,,
9,10,10.000000,agent_5,actor_logits,0,1,4,9.451141,-9.422253,4.218692,0.075848,0.985492,9.451141,-9.422253,-3.078888,5.232450,,,,
9,12,12.000000,agent_0,actor_logits,0,1,2,0.700005,-2.263186,2.963192,0.195906,0.950883,0.700005,-2.263186,,,,,,
9,12,12.000000,agent_1,actor_logits,1,1,4,5.370199,-4.249525,6.241550,0.026371,0.996438,-1.091555,5.370199,-4.249525,-0.871351,,,,
9,12,12.000000,agent_2,actor_logits,0,1,3,1.538725,-9.600599,0.323845,0.680309,0.580256,1.538725,1.214879,-9.600599,,,,,
9,12,12.000000,agent_3,actor_logits,3,1,4,8.471861,-6.708388,0.584143,0.652254,0.642020,7.887718,-6.708388,-6.174830,8.471861,,,,
9,12,12.000000,agent_4,actor_logits,3,1,4,8.471861,-6.708388,0.584143,0.652254,0.642020,7.887718,-6.708388,-6.174830,8.471861,,,,
9,12,12.000000,agent_5,actor_logits,3,1,4,8.247816,-6.785709,0.103884,0.691807,0.525947,8.143932,-6.785709,-6.209245,8.247816,,,,
9,14,14.000000,agent_0,actor_logits,0,1,3,8.284451,-16.439379,5.904520,0.018782,0.997280,8.284451,2.379931,-16.439379,,,,,
9,14,14.000000,agent_1,actor_logits,0,1,3,7.280117,-7.290826,14.256008,0.000017,0.999999,7.280117,-6.975892,-7.290826,,,,,
9,14,14.000000,agent_2,actor_logits,0,1,3,4.200356,-15.157709,0.478615,0.665313,0.617421,4.200356,3.721741,-15.157709,,,,,
9,14,14.000000,agent_3,actor_logits,3,1,4,10.737622,-11.266816,4.168776,0.078910,0.984761,6.568846,-1.878631,-11.266816,10.737622,,,,
9,14,14.000000,agent_4,actor_logits,3,1,4,10.737622,-11.266816,4.168776,0.078910,0.984761,6.568846,-1.878631,-11.266816,10.737622,,,,
9,14,14.000000,agent_5,actor_logits,3,1,4,10.775647,-7.260365,5.558271,0.025200,0.996159,5.217376,-4.297355,-7.260365,10.775647,,,,
9,16,16.000000,agent_0,actor_logits,1,1,2,3.811403,-3.130301,6.941703,0.007670,0.999034,-3.130301,3.811403,,,,,,
9,16,16.000000,agent_1,actor_logits,1,1,2,6.140621,-2.134479,8.275100,0.002363,0.999745,-2.134479,6.140621,,,,,,
9,16,16.000000,agent_2,actor_logits,1,1,2,4.396390,-7.882054,12.278444,0.000062,0.999995,-7.882054,4.396390,,,,,,
9,16,16.000000,agent_3,actor_logits,3,1,4,12.338194,-14.517941,6.673563,0.009942,0.998716,1.601610,5.664631,-14.517941,12.338194,,,,
9,16,16.000000,agent_4,actor_logits,3,1,4,12.338194,-14.517941,6.673563,0.009942,0.998716,1.601610,5.664631,-14.517941,12.338194,,,,
9,16,16.000000,agent_5,actor_logits,3,1,4,12.419692,-9.705635,10.008255,0.000549,0.999951,-0.015924,2.411437,-9.705635,12.419692,,,,
9,18,18.000000,agent_0,actor_logits,0,1,3,6.257314,-11.346297,6.221115,0.014322,0.998017,6.257314,0.036198,-11.346297,,,,,
9,18,18.000000,agent_1,actor_logits,0,1,3,7.473300,-12.271223,7.084083,0.006772,0.999162,7.473300,0.389217,-12.271223,,,,,
9,18,18.000000,agent_2,actor_logits,0,1,3,5.611001,-12.228298,4.254015,0.073698,0.985992,5.611001,1.356986,-12.228298,,,,,
9,18,18.000000,agent_3,actor_logits,3,1,4,9.286947,-18.700312,2.533090,0.448156,0.880107,6.418932,6.753857,-18.700312,9.286947,,,,
9,18,18.000000,agent_4,actor_logits,3,1,4,9.286947,-18.700312,2.533090,0.448156,0.880107,6.418932,6.753857,-18.700312,9.286947,,,,
9,18,18.000000,agent_5,actor_logits,1,1,3,4.456395,-14.380240,0.028300,0.693047,0.507075,4.428095,4.456395,-14.380240,,,,,
9,20,20.000000,agent_0,actor_logits,0,1,2,3.127893,1.914684,1.213210,0.538227,0.770866,3.127893,1.914684,,,,,,
9,20,20.000000,agent_1,actor_logits,0,1,2,3.452239,1.335670,2.116569,0.341250,0.892503,3.452239,1.335670,,,,,,
9,20,20.000000,agent_2,actor_logits,0,1,2,3.522620,2.625144,0.897476,0.601766,0.710430,3.522620,2.625144,,,,,,
9,20,20.000000,agent_3,actor_logits,1,1,4,11.845337,-17.501608,3.236916,0.160983,0.962193,0.087250,11.845337,-17.501608,8.608421,,,,
9,20,20.000000,agent_4,actor_logits,1,1,3,11.078306,-17.374594,10.565446,0.000298,0.999974,0.512861,11.078306,-17.374594,,,,,
9,20,20.000000,agent_5,actor_logits,1,1,3,11.808539,-19.326267,9.466817,0.000810,0.999923,2.341722,11.808539,-19.326267,,,,,
9,22,22.000000,agent_0,actor_logits,1,1,3,10.063456,-16.890326,7.749028,0.003771,0.999569,2.314428,10.063456,-16.890326,,,,,
9,22,22.000000,agent_1,actor_logits,1,1,3,9.674559,-16.577114,7.210917,0.006059,0.999262,2.463642,9.674559,-16.577114,,,,,
9,22,22.000000,agent_2,actor_logits,1,1,3,10.110783,-17.299479,7.566309,0.004432,0.999483,2.544473,10.110783,-17.299479,,,,,
9,22,22.000000,agent_3,actor_logits,3,1,4,9.693488,-15.903289,0.930212,0.596259,0.717076,0.299092,8.763276,-15.903289,9.693488,,,,
9,22,22.000000,agent_4,actor_logits,1,1,3,8.807441,-16.861937,7.570495,0.004415,0.999485,1.236946,8.807441,-16.861937,,,,,
9,22,22.000000,agent_5,actor_logits,1,1,3,9.493932,-19.312033,5.468549,0.027174,0.995800,4.025383,9.493932,-19.312033,,,,,
9,24,24.000000,agent_0,actor_logits,1,1,3,9.649392,-15.445539,8.373344,0.002164,0.999769,1.276048,9.649392,-15.445539,,,,,
9,24,24.000000,agent_1,actor_logits,1,1,3,9.650658,-15.357617,8.463837,0.001996,0.999789,1.186821,9.650658,-15.357617,,,,,
9,24,24.000000,agent_2,actor_logits,1,1,3,9.334400,-15.398324,7.608771,0.004269,0.999504,1.725629,9.334400,-15.398324,,,,,
9,24,24.000000,agent_3,actor_logits,1,1,3,10.104364,-18.983957,6.498915,0.011271,0.998497,3.605449,10.104364,-18.983957,,,,,
9,24,24.000000,agent_4,actor_logits,1,1,3,9.848946,-19.451754,5.363758,0.029675,0.995339,4.485188,9.848946,-19.451754,,,,,
9,24,24.000000,agent_5,actor_logits,1,1,3,9.690284,-20.934916,2.906796,0.203836,0.948181,6.783488,9.690284,-20.934916,,,,,
9,26,26.000000,agent_0,actor_logits,1,1,3,7.293378,-16.998375,1.825684,0.402694,0.861247,5.467694,7.293378,-16.998375,,,,,
9,26,26.000000,agent_1,actor_logits,1,1,3,7.469381,-17.049660,2.234221,0.317814,0.903281,5.235160,7.469381,-17.049660,,,,,
9,26,26.000000,agent_2,actor_logits,1,1,3,7.147874,-17.048607,1.339421,0.510767,0.792395,5.808453,7.147874,-17.048607,,,,,
9,26,26.000000,agent_3,actor_logits,1,1,3,9.736261,-21.697016,2.716182,0.232504,0.937975,7.020079,9.736261,-21.697016,,,,,
9,26,26.000000,agent_4,actor_logits,1,1,3,9.543922,-21.711695,2.230993,0.318445,0.902998,7.312930,9.543922,-21.711695,,,,,
9,26,26.000000,agent_5,actor_logits,1,1,3,9.183186,-22.132940,0.751040,0.627317,0.679405,8.432146,9.183186,-22.132940,,,,,
9,28,28.000000,agent_0,actor_logits,1,1,3,6.104023,-15.843036,0.324419,0.680162,0.580401,5.779604,6.104023,-15.843036,,,,,
9,28,28.000000,agent_1,actor_logits,1,1,3,6.325039,-15.920753,0.805973,0.618096,0.691251,5.519066,6.325039,-15.920753,,,,,
9,28,28.000000,agent_2,actor_logits,1,1,3,6.054286,-15.937875,0.054408,0.692777,0.513599,5.999877,6.054286,-15.937875,,,,,
9,28,28.000000,agent_3,actor_logits,0,1,2,6.818256,-0.081963,6.900220,0.007952,0.998993,6.818256,-0.081963,,,,,,
9,28,28.000000,agent_4,actor_logits,0,1,2,7.022426,-0.200590,7.223016,0.005995,0.999271,7.022426,-0.200590,,,,,,
9,28,28.000000,agent_5,actor_logits,0,1,2,8.178225,-0.485585,8.663809,0.001669,0.999827,8.178225,-0.485585,,,,,,
9,30,30.000000,agent_0,actor_logits,0,1,3,5.874002,-15.306114,0.110271,0.691630,0.527540,5.874002,5.763731,-15.306114,,,,,
9,30,30.000000,agent_1,actor_logits,1,1,3,5.963938,-15.381227,0.283375,0.683209,0.570374,5.680563,5.963938,-15.381227,,,,,
9,30,30.000000,agent_2,actor_logits,0,1,3,5.980992,-15.394872,0.236053,0.686230,0.558741,5.980992,5.744939,-15.394872,,,,,
9,30,30.000000,agent_3,actor_logits,0,1,3,10.229115,-22.244846,1.543809,0.465246,0.824018,10.229115,8.685306,-22.244846,,,,,
9,30,30.000000,agent_4,actor_logits,0,1,3,10.194997,-22.193789,1.512765,0.472195,0.819471,10.194997,8.682232,-22.193789,,,,,
9,30,30.000000,agent_5,actor_logits,0,1,3,10.350352,-22.356352,1.495568,0.476043,0.816913,10.350352,8.854784,-22.356352,,,,,
9,32,32.000000,agent_0,actor_logits,0,1,3,8.949489,-10.988486,11.745974,0.000101,0.999992,8.949489,-2.796485,-10.988486,,,,,
9,32,32.000000,agent_1,actor_logits,1,1,3,5.843332,-14.344860,1.124626,0.556949,0.754846,4.718706,5.843332,-14.344860,,,,,
9,32,32.000000,agent_2,actor_logits,0,1,3,8.928259,-11.052178,11.649857,0.000110,0.999991,8.928259,-2.721597,-11.052178,,,,,
9,32,32.000000,agent_3,actor_logits,1,1,3,9.782623,-21.891935,2.022779,0.360565,0.883168,7.759845,9.782623,-21.891935,,,,,
9,32,32.000000,agent_4,actor_logits,1,1,3,9.795187,-21.818094,2.118737,0.340810,0.892711,7.676450,9.795187,-21.818094,,,,,
9,32,32.000000,agent_5,actor_logits,1,1,3,9.878879,-21.927004,2.062066,0.352410,0.887161,7.816813,9.878879,-21.927004,,,,,
9,34,34.000000,agent_0,actor_logits,0,1,3,14.706240,-10.184505,22.892509,0.000000,1.000000,14.706240,-8.186270,-10.184505,,,,,
9,34,34.000000,agent_1,actor_logits,0,1,4,7.965585,-15.373621,3.070825,0.288648,0.933191,7.965585,4.285041,-15.373621,4.894760,,,,
9,34,34.000000,agent_2,actor_logits,0,1,3,14.584129,-10.145144,22.705776,0.000000,1.000000,14.584129,-8.121647,-10.145144,,,,,
9,34,34.000000,agent_3,actor_logits,0,1,4,9.501150,-11.158446,0.313017,0.681055,0.577621,9.501150,-4.515275,-11.158446,9.188133,,,,
9,34,34.000000,agent_4,actor_logits,0,1,4,9.491995,-11.133815,0.299858,0.682040,0.574408,9.491995,-4.529508,-11.133815,9.192137,,,,
9,34,34.000000,agent_5,actor_logits,0,1,4,9.767841,-11.200355,0.757848,0.626205,0.680886,9.767841,-4.629209,-11.200355,9.009994,,,,
9,36,36.000000,agent_0,actor_logits,0,1,3,2.483498,-5.581255,4.712595,0.053702,0.990790,2.483498,-2.229096,-5.581255,,,,,
9,36,36.000000,agent_1,actor_logits,0,1,3,4.877048,-11.145675,3.360756,0.146858,0.966455,4.877048,1.516292,-11.145675,,,,,
9,36,36.000000,agent_2,actor_logits,0,1,3,2.513719,-5.619053,4.729679,0.052831,0.990959,2.513719,-2.215960,-5.619053,,,,,
9,36,36.000000,agent_3,actor_logits,1,1,4,13.449037,-15.869383,8.416096,0.002094,0.999778,-0.694622,13.449037,-15.869383,5.032940,,,,
9,36,36.000000,agent_4,actor_logits,1,1,4,13.389227,-15.847473,8.375961,0.002171,0.999769,-0.639294,13.389227,-15.847473,5.013266,,,,
9,36,36.000000,agent_5,actor_logits,1,1,4,13.426198,-15.955287,8.643848,0.001713,0.999823,-0.418749,13.426198,-15.955287,4.782350,,,,
9,38,38.000000,agent_0,actor_logits,0,1,3,-0.206521,-6.339868,0.790538,0.630997,0.686922,-0.206521,-0.997059,-6.339868,,,,,
9,38,38.000000,agent_1,actor_logits,1,1,3,0.015562,-5.018020,1.436379,0.519425,0.803663,-1.420817,0.015562,-5.018020,,,,,
9,38,38.000000,agent_2,actor_logits,0,1,3,-0.160557,-6.384713,0.844067,0.621082,0.698354,-0.160557,-1.004624,-6.384713,,,,,
9,38,38.000000,agent_3,actor_logits,0,1,3,9.839436,-17.501087,7.799395,0.003606,0.999590,9.839436,2.040040,-17.501087,,,,,
9,38,38.000000,agent_4,actor_logits,0,1,3,9.877197,-17.470289,7.894330,0.003315,0.999627,9.877197,1.982868,-17.470289,,,,,
9,38,38.000000,agent_5,actor_logits,0,1,3,10.149487,-17.530092,8.296090,0.002319,0.999751,10.149487,1.853397,-17.530092,,,,,
9,40,40.000000,agent_0,actor_logits,1,1,2,1.069709,-11.431063,12.500772,0.000050,0.999996,-11.431063,1.069709,,,,,,
9,40,40.000000,agent_1,actor_logits,1,1,3,2.146192,-4.827999,5.872688,0.026717,0.996263,-3.726496,2.146192,-4.827999,,,,,
9,40,40.000000,agent_2,actor_logits,1,1,2,1.055959,-11.412896,12.468856,0.000052,0.999996,-11.412896,1.055959,,,,,,
9,40,40.000000,agent_3,actor_logits,0,1,3,4.470748,-15.169965,1.278945,0.524020,0.782270,4.470748,3.191803,-15.169965,,,,,
9,40,40.000000,agent_4,actor_logits,0,1,3,4.480578,-15.148215,1.315969,0.515924,0.788510,4.480578,3.164609,-15.148215,,,,,
9,40,40.000000,agent_5,actor_logits,0,1,3,4.761479,-15.283868,1.532533,0.467771,0.822377,4.761479,3.228946,-15.283868,,,,,
9,42,42.000000,agent_0,actor_logits,1,1,3,7.446662,-7.786650,11.454071,0.000136,0.999989,-7.786650,7.446662,-4.007410,,,,,
9,42,42.000000,agent_1,actor_logits,0,1,4,3.328403,-4.130277,2.043887,0.373788,0.883150,3.328403,1.284516,-2.786562,-4.130277,,,,
9,42,42.000000,agent_2,actor_logits,1,1,3,7.475139,-7.793208,11.495934,0.000131,0.999990,-7.793208,7.475139,-4.020794,,,,,
9,42,42.000000,agent_3,actor_logits,1,1,3,7.057148,-9.842691,11.668127,0.000109,0.999991,-9.842691,7.057148,-4.610978,,,,,
9,42,42.000000,agent_4,actor_logits,1,1,3,7.020801,-9.789632,11.625356,0.000114,0.999991,-9.789632,7.020801,-4.604555,,,,,
9,42,42.000000,agent_5,actor_logits,1,1,3,7.110357,-9.591664,11.816140,0.000096,0.999993,-9.591664,7.110357,-4.705783,,,,,
9,44,44.000000,agent_0,actor_logits,2,1,4,5.768302,-12.362722,1.923045,0.539771,0.835865,3.845257,-12.362722,5.768302,2.776649,,,,
9,44,44.000000,agent_1,actor_logits,0,1,3,7.509468,-7.120668,9.756043,0.000630,0.999942,7.509468,-7.120668,-2.246576,,,,,
9,44,44.000000,agent_2,actor_logits,2,1,4,5.773332,-12.385387,1.884249,0.541913,0.833504,3.889083,-12.385387,5.773332,2.732825,,,,
9,44,44.000000,agent_3,actor_logits,2,1,4,7.123047,-12.217762,2.775233,0.236664,0.939538,0.917121,-12.217762,7.123047,4.347815,,,,
9,44,44.000000,agent_4,actor_logits,2,1,4,7.115546,-12.185808,2.736770,0.242192,0.937446,0.874912,-12.185808,7.115546,4.378776,,,,
9,44,44.000000,agent_5,actor_logits,2,1,4,6.972857,-12.083754,2.640958,0.259948,0.931365,0.940636,-12.083754,6.972857,4.331900,,,,
9,46,46.000000,agent_0,actor_logits,0,1,4,11.920515,-13.119429,8.786081,0.001529,0.999845,11.920515,-13.119429,-1.017313,3.134434,,,,
9,46,46.000000,agent_1,actor_logits,0,1,3,7.046846,-9.461533,6.509559,0.011168,0.998513,7.046846,-9.461533,0.537287,,,,,
9,46,46.000000,agent_2,actor_logits,0,1,4,11.950339,-13.105431,8.856283,0.001436,0.999855,11.950339,-13.105431,-1.031682,3.094056,,,,
9,46,46.000000,agent_3,actor_logits,0,1,4,10.192389,-12.291182,6.621473,0.010396,0.998648,10.192389,-12.291182,-0.515923,3.570917,,,,
9,46,46.000000,agent_4,actor_logits,0,1,4,10.173132,-12.274935,6.599056,0.010600,0.998618,10.173132,-12.274935,-0.516699,3.574076,,,,
9,46,46.000000,agent_5,actor_logits,0,1,4,10.223896,-12.156517,6.692636,0.009754,0.998743,10.223896,-12.156517,-0.643180,3.531260,,,,
9,48,48.000000,agent_0,actor_logits,1,1,3,4.543826,-6.707533,9.146254,0.001241,0.999880,-6.707533,4.543826,-4.602428,,,,,
9,48,48.000000,agent_1,actor_logits,2,1,3,10.483489,-13.139366,11.716983,0.000104,0.999992,-1.233494,-13.139366,10.483489,,,,,
9,48,48.000000,agent_2,actor_logits,1,1,3,4.560646,-6.691467,9.188253,0.001201,0.999885,-6.691467,4.560646,-4.627607,,,,,
9,48,48.000000,agent_3,actor_logits,1,1,3,5.553526,-7.944292,10.324244,0.000392,0.999966,-7.944292,5.553526,-4.770717,,,,,
9,48,48.000000,agent_4,actor_logits,1,1,3,5.558631,-7.945087,10.334579,0.000388,0.999966,-7.945087,5.558631,-4.775949,,,,,
9,48,48.000000,agent_5,actor_logits,1,1,3,5.600193,-7.862798,10.535013,0.000327,0.999972,-7.862798,5.600193,-4.934821,,,,,
9,50,50.000000,agent_0,actor_logits,2,1,3,4.640253,-9.105375,5.368784,0.029566,0.995361,-9.105375,-0.728531,4.640253,,,,,
9,50,50.000000,agent_1,actor_logits,1,1,4,3.575387,-7.443210,1.342344,0.811531,0.700072,-7.443210,3.575387,2.233044,1.786680,,,,
9,50,50.000000,agent_2,actor_logits,2,1,3,4.625268,-9.091840,5.348069,0.030084,0.995264,-9.091840,-0.722801,4.625268,,,,,
9,50,50.000000,agent_3,actor_logits,2,1,3,4.039809,-9.571969,4.445533,0.063225,0.988404,-9.571969,-0.405724,4.039809,,,,,
9,50,50.000000,agent_4,actor_logits,2,1,3,4.030738,-9.569862,4.434643,0.063783,0.988279,-9.569862,-0.403905,4.030738,,,,,
9,50,50.000000,agent_5,actor_logits,2,1,3,3.952731,-9.509628,4.342074,0.068709,0.987156,-9.509628,-0.389343,3.952731,,,,,
9,52,52.000000,agent_0,actor_logits,0,1,4,2.633858,-5.655696,0.714211,0.886673,0.608170,2.633858,-5.655696,1.919647,0.765956,,,,
9,52,52.000000,agent_1,actor_logits,0,1,4,3.879824,-5.847748,2.261143,0.453535,0.873976,3.879824,-5.847748,0.658584,1.618682,,,,
9,52,52.000000,agent_2,actor_logits,0,1,4,2.650138,-5.661009,0.734024,0.880673,0.613401,2.650138,-5.661009,1.916114,0.753261,,,,
9,52,52.000000,agent_3,actor_logits,0,1,4,2.542289,-5.014287,1.057916,0.797351,0.686297,2.542289,-5.014287,1.484373,0.329482,,,,
9,52,52.000000,agent_4,actor_logits,0,1,4,2.542307,-5.006648,1.064019,0.795765,0.687551,2.542307,-5.006648,1.478288,0.324467,,,,
9,52,52.000000,agent_5,actor_logits,0,1,4,2.566290,-4.986821,1.118676,0.779702,0.699239,2.566290,-4.986821,1.447614,0.292190,,,,
9,54,54.000000,agent_0,actor_logits,1,1,3,2.290005,-4.761356,6.068729,0.023263,0.996830,-4.761356,2.290005,-3.778724,,,,,
9,54,54.000000,agent_1,actor_logits,1,1,3,2.706178,-4.202518,6.858717,0.016124,0.997955,-4.152539,2.706178,-4.202518,,,,,
9,54,54.000000,agent_2,actor_logits,1,1,3,2.299270,-4.757424,6.083328,0.023028,0.996868,-4.757424,2.299270,-3.784058,,,,,
9,54,54.000000,agent_3,actor_logits,1,1,3,3.261566,-5.263014,7.666809,0.005944,0.999334,-5.263014,3.261566,-4.405242,,,,,
9,54,54.000000,agent_4,actor_logits,1,1,3,3.268979,-5.265460,7.680692,0.005878,0.999342,-5.265460,3.268979,-4.411714,,,,,
9,54,54.000000,agent_5,actor_logits,1,1,3,3.301205,-5.265459,7.746671,0.005598,0.999378,-5.265459,3.301205,-4.445467,,,,,
9,56,56.000000,agent_0,actor_logits,2,1,3,7.536821,-16.670738,4.142896,0.080500,0.984371,-16.670738,3.393926,7.536821,,,,,
9,56,56.000000,agent_1,actor_logits,2,1,3,7.549680,-16.409300,4.204405,0.076666,0.985290,-16.409300,3.345275,7.549680,,,,,
9,56,56.000000,agent_2,actor_logits,2,1,3,7.531631,-16.667185,4.133990,0.081070,0.984234,-16.667185,3.397641,7.531631,,,,,
9,56,56.000000,agent_3,actor_logits,2,1,3,6.863364,-17.011145,2.626925,0.246928,0.932574,-17.011145,4.236439,6.863364,,,,,
9,56,56.000000,agent_4,actor_logits,2,1,3,6.856607,-17.012695,2.613396,0.249170,0.931719,-17.012695,4.243212,6.856607,,,,,
9,56,56.000000,agent_5,actor_logits,2,1,3,6.826458,-17.017992,2.552800,0.259391,0.927761,-17.017992,4.273658,6.826458,,,,,
9,58,58.000000,agent_0,actor_logits,2,1,4,5.984577,-4.863752,0.832835,0.613806,0.696931,-4.464086,-4.863752,5.984577,5.151742,,,,
9,58,58.000000,agent_1,actor_logits,2,1,4,6.185789,-4.905904,1.233194,0.534269,0.774355,-4.529650,-4.905904,6.185789,4.952595,,,,
9,58,58.000000,agent_2,actor_logits,2,1,4,5.984732,-4.866769,0.841553,0.612270,0.698768,-4.455516,-4.866769,5.984732,5.143179,,,,
9,58,58.000000,agent_3,actor_logits,2,1,4,5.691598,-4.748740,0.770495,0.624686,0.683591,-4.230353,-4.748740,5.691598,4.921103,,,,
9,58,58.000000,agent_4,actor_logits,2,1,4,5.688790,-4.748407,0.768991,0.624939,0.683266,-4.227829,-4.748407,5.688790,4.919799,,,,
9,58,58.000000,agent_5,actor_logits,2,1,4,5.674750,-4.745940,0.754962,0.627267,0.680222,-4.218402,-4.745940,5.674750,4.919787,,,,
9,60,60.000000,agent_0,actor_logits,0,1,4,11.404380,-10.889648,8.838303,0.001453,0.999853,11.404380,-10.889648,-1.791343,2.566077,,,,
9,60,60.000000,agent_1,actor_logits,0,1,4,11.622263,-10.991070,9.161646,0.001087,0.999894,11.622263,-10.991070,-1.838941,2.460617,,,,
9,60,60.000000,agent_2,actor_logits,0,1,4,11.415258,-10.892332,8.855610,0.001431,0.999856,11.415258,-10.892332,-1.794344,2.559648,,,,
9,60,60.000000,agent_3,actor_logits,0,1,4,11.796065,-10.887878,9.396577,0.000876,0.999916,11.796065,-10.887878,-2.151581,2.399488,,,,
9,60,60.000000,agent_4,actor_logits,0,1,4,11.799629,-10.888464,9.401023,0.000872,0.999917,11.799629,-10.888464,-2.154498,2.398607,,,,
9,60,60.000000,agent_5,actor_logits,0,1,4,11.811980,-10.891199,9.413214,0.000863,0.999918,11.811980,-10.891199,-2.165612,2.398767,,,,
9,62,62.000000,agent_0,actor_logits,1,1,3,4.595777,-8.817533,6.292296,0.013493,0.998151,-8.817533,4.595777,-1.696519,,,,,
9,62,62.000000,agent_1,actor_logits,1,1,3,4.617140,-8.730930,6.381587,0.012496,0.998309,-8.730930,4.617140,-1.764446,,,,,
9,62,62.000000,agent_2,actor_logits,1,1,3,4.595450,-8.813695,6.292869,0.013486,0.998152,-8.813695,4.595450,-1.697419,,,,,
9,62,62.000000,agent_3,actor_logits,1,1,3,4.870564,-8.718769,6.877617,0.008129,0.998969,-8.718769,4.870564,-2.007053,,,,,
9,62,62.000000,agent_4,actor_logits,1,1,3,4.872484,-8.717319,6.882355,0.008096,0.998974,-8.717319,4.872484,-2.009871,,,,,
9,62,62.000000,agent_5,actor_logits,1,1,3,4.877345,-8.709583,6.896226,0.007999,0.998988,-8.709583,4.877345,-2.018881,,,,,
9,64,64.000000,agent_0,actor_logits,1,1,3,5.096617,-13.934743,0.271871,0.683993,0.567552,-13.934743,5.096617,4.824747,,,,,
9,64,64.000000,agent_1,actor_logits,1,1,3,5.137526,-13.917031,0.381704,0.675261,0.594284,-13.917031,5.137526,4.755822,,,,,
9,64,64.000000,agent_2,actor_logits,1,1,3,5.094761,-13.931334,0.270074,0.684112,0.567111,-13.931334,5.094761,4.824687,,,,,
9,64,64.000000,agent_3,actor_logits,1,1,3,5.343900,-13.899585,0.772299,0.623804,0.684018,-13.899585,5.343900,4.571601,,,,,
9,64,64.000000,agent_4,actor_logits,1,1,3,5.345240,-13.898882,0.775511,0.623267,0.684712,-13.898882,5.345240,4.569729,,,,,
9,64,64.000000,agent_5,actor_logits,1,1,3,5.349801,-13.896795,0.785455,0.621594,0.686855,-13.896795,5.349801,4.564346,,,,,
9,66,66.000000,agent_0,actor_logits,3,1,4,3.521675,-6.726937,0.792059,0.825845,0.641841,2.729616,-6.726937,1.268560,3.521675,,,,
9,66,66.000000,agent_1,actor_logits,3,1,4,3.582927,-6.694349,0.879207,0.798165,0.663536,2.703720,-6.694349,1.196204,3.582927,,,,
9,66,66.000000,agent_2,actor_logits,3,1,4,3.518222,-6.728065,0.785598,0.827144,0.640451,2.732624,-6.728065,1.269332,3.518222,,,,
9,66,66.000000,agent_3,actor_logits,3,1,4,3.362366,-6.719152,0.374003,0.851017,0.560103,2.988363,-6.719152,1.033118,3.362366,,,,
9,66,66.000000,agent_4,actor_logits,3,1,4,3.360838,-6.719396,0.370512,0.851178,0.559343,2.990326,-6.719396,1.031799,3.360838,,,,
9,66,66.000000,agent_5,actor_logits,3,1,4,3.357146,-6.718854,0.362527,0.851429,0.557631,2.994619,-6.718854,1.027644,3.357146,,,,
9,70,70.000000,agent_0,actor_logits,0,1,7,9.050423,-8.421329,8.338446,0.004845,0.999516,9.050423,-8.421329,-0.943539,-0.346869,0.711977,-0.868757,-0.558965,
9,70,70.000000,agent_1,actor_logits,0,1,7,9.055998,-8.358485,8.339267,0.004774,0.999524,9.055998,-8.358485,-1.005040,-0.378333,0.716731,-0.875282,-0.562006,
9,70,70.000000,agent_2,actor_logits,0,1,7,9.052622,-8.422981,8.340023,0.004837,0.999517,9.052622,-8.422981,-0.942802,-0.347641,0.712599,-0.868829,-0.558841,
9,70,70.000000,agent_3,actor_logits,0,1,7,9.092697,-8.181312,8.367504,0.004433,0.999559,9.092697,-8.181312,-1.120784,-0.584500,0.725193,-0.900581,-0.574898,
9,70,70.000000,agent_4,actor_logits,0,1,7,9.093014,-8.179794,8.368052,0.004430,0.999560,9.093014,-8.179794,-1.121951,-0.585971,0.724962,-0.900757,-0.575001,
9,70,70.000000,agent_5,actor_logits,0,1,7,9.093588,-8.174606,8.368726,0.004423,0.999561,9.093588,-8.174606,-1.125985,-0.589897,0.724862,-0.901302,-0.575272,
9,76,76.000000,agent_0,actor_logits,2,1,3,0.244529,-7.388625,2.810748,0.221787,0.942823,-7.388625,-2.566219,0.244529,,,,,
9,76,76.000000,agent_1,actor_logits,2,1,3,0.224491,-7.372221,2.792804,0.224621,0.941840,-7.372221,-2.568313,0.224491,,,,,
9,76,76.000000,agent_2,actor_logits,2,1,3,0.243921,-7.386904,2.810264,0.221867,0.942796,-7.386904,-2.566343,0.243921,,,,,
9,76,76.000000,agent_3,actor_logits,2,1,3,0.169683,-7.344088,2.714436,0.237048,0.937393,-7.344088,-2.544752,0.169683,,,,,
9,76,76.000000,agent_4,actor_logits,2,1,3,0.169594,-7.344570,2.714026,0.237111,0.937370,-7.344570,-2.544432,0.169594,,,,,
9,76,76.000000,agent_5,actor_logits,2,1,3,0.169037,-7.345701,2.712442,0.237359,0.937278,-7.345701,-2.543404,0.169037,,,,,
9,82,82.000000,agent_0,actor_logits,3,1,7,10.516883,-10.567886,4.666492,0.056727,0.990297,-10.567886,1.785948,1.567525,10.516883,5.850391,1.114879,-0.390505,
9,82,82.000000,agent_1,actor_logits,3,1,7,10.512310,-10.566315,4.659762,0.057035,0.990233,-10.566315,1.796703,1.556700,10.512310,5.852548,1.114238,-0.391128,
9,82,82.000000,agent_2,actor_logits,3,1,7,10.516789,-10.567726,4.666276,0.056736,0.990296,-10.567726,1.786173,1.567144,10.516789,5.850514,1.114856,-0.390498,
9,82,82.000000,agent_3,actor_logits,3,1,7,10.516517,-10.571655,4.658591,0.057079,0.990223,-10.571655,1.813491,1.542409,10.516517,5.857926,1.114889,-0.392664,
9,82,82.000000,agent_4,actor_logits,3,1,7,10.516583,-10.571649,4.658681,0.057075,0.990224,-10.571649,1.813362,1.542529,10.516583,5.857903,1.114905,-0.392664,
9,82,82.000000,agent_5,actor_logits,3,1,7,10.516684,-10.571814,4.658755,0.057071,0.990225,-10.571814,1.813393,1.542630,10.516684,5.857929,1.114928,-0.392686,
9,84,84.000000,agent_0,actor_logits,1,1,4,6.159162,-9.687798,1.969070,0.371977,0.877502,-5.228628,6.159162,4.190092,-9.687798,,,,
9,84,84.000000,agent_1,actor_logits,1,1,4,6.161171,-9.692372,1.979556,0.369761,0.878625,-5.223557,6.161171,4.181615,-9.692372,,,,
9,84,84.000000,agent_2,actor_logits,1,1,4,6.158998,-9.687718,1.968909,0.372011,0.877485,-5.228541,6.158998,4.190089,-9.687718,,,,
9,84,84.000000,agent_3,actor_logits,1,1,4,6.166273,-9.698759,1.986700,0.368254,0.879385,-5.226355,6.166273,4.179573,-9.698759,,,,
9,84,84.000000,agent_4,actor_logits,1,1,4,6.166309,-9.698785,1.986664,0.368261,0.879381,-5.226413,6.166309,4.179645,-9.698785,,,,
9,84,84.000000,agent_5,actor_logits,1,1,4,6.166480,-9.698917,1.986873,0.368217,0.879403,-5.226488,6.166480,4.179606,-9.698917,,,,
9,86,86.000000,agent_0,actor_logits,0,1,4,5.282176,-9.464385,2.410924,0.420601,0.887223,5.282176,1.995536,-9.464385,2.871252,,,,
9,86,86.000000,agent_1,actor_logits,0,1,4,5.291152,-9.472705,2.422275,0.417762,0.888299,5.291152,1.995042,-9.472705,2.868877,,,,
9,86,86.000000,agent_2,actor_logits,0,1,4,5.282215,-9.464351,2.410987,0.420578,0.887232,5.282215,1.995447,-9.464351,2.871228,,,,
9,86,86.000000,agent_3,actor_logits,0,1,4,5.292315,-9.473144,2.420662,0.417607,0.888312,5.292315,1.991882,-9.473144,2.871653,,,,
9,86,86.000000,agent_4,actor_logits,0,1,4,5.292260,-9.473073,2.420581,0.417624,0.888305,5.292260,1.991866,-9.473073,2.871679,,,,
9,86,86.000000,agent_5,actor_logits,0,1,4,5.292302,-9.473138,2.420615,0.417617,0.888308,5.292302,1.991890,-9.473138,2.871687,,,,
9,88,88.000000,agent_0,actor_logits,1,1,4,6.610335,-6.118718,4.861532,0.045133,0.992314,-5.850412,6.610335,1.748803,-6.118718,,,,
9,88,88.000000,agent_1,actor_logits,1,1,4,6.606336,-6.125185,4.859720,0.045201,0.992300,-5.839867,6.606336,1.746615,-6.125185,,,,
9,88,88.000000,agent_2,actor_logits,1,1,4,6.610300,-6.118854,4.861457,0.045136,0.992313,-5.850370,6.610300,1.748843,-6.118854,,,,
9,88,88.000000,agent_3,actor_logits,1,1,4,6.604118,-6.118111,4.858387,0.045251,0.992290,-5.839903,6.604118,1.745731,-6.118111,,,,
9,88,88.000000,agent_4,actor_logits,1,1,4,6.604128,-6.117995,4.858416,0.045250,0.992290,-5.839953,6.604128,1.745712,-6.117995,,,,
9,88,88.000000,agent_5,actor_logits,1,1,4,6.604113,-6.117890,4.858450,0.045249,0.992290,-5.839919,6.604113,1.745663,-6.117890,,,,
9,90,90.000000,agent_0,actor_logits,1,1,4,8.378442,-7.865151,5.700188,0.022519,0.996651,-2.779330,8.378442,-7.865151,2.678254,,,,
9,90,90.000000,agent_1,actor_logits,1,1,4,8.378355,-7.873536,5.700556,0.022514,0.996653,-2.769549,8.378355,-7.873536,2.677799,,,,
9,90,90.000000,agent_2,actor_logits,1,1,4,8.378429,-7.865257,5.700195,0.022519,0.996651,-2.779211,8.378429,-7.865257,2.678234,,,,
9,90,90.000000,agent_3,actor_logits,1,1,4,8.379679,-7.869674,5.702101,0.022484,0.996658,-2.774235,8.379679,-7.869674,2.677578,,,,
9,90,90.000000,agent_4,actor_logits,1,1,4,8.379675,-7.869568,5.702125,0.022483,0.996658,-2.774323,8.379675,-7.869568,2.677551,,,,
9,90,90.000000,agent_5,actor_logits,1,1,4,8.379693,-7.869506,5.702151,0.022483,0.996658,-2.774383,8.379693,-7.869506,2.677542,,,,
9,92,92.000000,agent_0,actor_logits,1,1,4,10.965111,-10.197178,7.349766,0.005369,0.999357,-3.971935,10.965111,-10.197178,3.615345,,,,
9,92,92.000000,agent_1,actor_logits,1,1,4,10.961763,-10.199739,7.347319,0.005380,0.999356,-3.965083,10.961763,-10.199739,3.614444,,,,
9,92,92.000000,agent_2,actor_logits,1,1,4,10.965057,-10.197268,7.349751,0.005369,0.999357,-3.971776,10.965057,-10.197268,3.615307,,,,
9,92,92.000000,agent_3,actor_logits,1,1,4,10.963203,-10.197643,7.347333,0.005380,0.999356,-3.969201,10.963203,-10.197643,3.615870,,,,
9,92,92.000000,agent_4,actor_logits,1,1,4,10.963215,-10.197585,7.347372,0.005380,0.999356,-3.969249,10.963215,-10.197585,3.615843,,,,
9,92,92.000000,agent_5,actor_logits,1,1,4,10.963244,-10.197527,7.347388,0.005380,0.999356,-3.969336,10.963244,-10.197527,3.615857,,,,
9,94,94.000000,agent_0,actor_logits,1,1,4,7.920936,-12.965980,2.274570,0.316718,0.905961,0.971166,7.920936,-12.965980,5.646367,,,,
9,94,94.000000,agent_1,actor_logits,1,1,4,7.918431,-12.968390,2.273888,0.316903,0.905896,0.977863,7.918431,-12.968390,5.644543,,,,
9,94,94.000000,agent_2,actor_logits,1,1,4,7.920887,-12.966086,2.274593,0.316715,0.905963,0.971378,7.920887,-12.966086,5.646294,,,,
9,94,94.000000,agent_3,actor_logits,1,1,4,7.919973,-12.965723,2.273293,0.316972,0.905852,0.971904,7.919973,-12.965723,5.646680,,,,
9,94,94.000000,agent_4,actor_logits,1,1,4,7.919958,-12.965670,2.273282,0.316974,0.905851,0.971866,7.919958,-12.965670,5.646676,,,,
9,94,94.000000,agent_5,actor_logits,1,1,4,7.919979,-12.965594,2.273259,0.316978,0.905849,0.971737,7.919979,-12.965594,5.646719,,,,
9,96,96.000000,agent_0,actor_logits,1,1,4,9.199643,-11.512757,4.819226,0.046976,0.991962,-1.205378,9.199643,-11.512757,4.380417,,,,
9,96,96.000000,agent_1,actor_logits,1,1,4,9.198477,-11.516708,4.819331,0.046975,0.991962,-1.198789,9.198477,-11.516708,4.379146,,,,
9,96,96.000000,agent_2,actor_logits,1,1,4,9.199594,-11.512890,4.819230,0.046976,0.991962,-1.205141,9.199594,-11.512890,4.380364,,,,
9,96,96.000000,agent_3,actor_logits,1,1,4,9.199934,-11.513535,4.819053,0.046983,0.991960,-1.205173,9.199934,-11.513535,4.380881,,,,
9,96,96.000000,agent_4,actor_logits,1,1,4,9.199903,-11.513453,4.819047,0.046983,0.991960,-1.205209,9.199903,-11.513453,4.380856,,,,
9,96,96.000000,agent_5,actor_logits,1,1,4,9.199926,-11.513363,4.819043,0.046983,0.991960,-1.205356,9.199926,-11.513363,4.380884,,,,
9,98,98.000000,agent_0,actor_logits,0,1,3,5.255589,-11.316105,5.459306,0.027388,0.995761,5.255589,-11.316105,-0.203718,,,,,
9,98,98.000000,agent_1,actor_logits,0,1,3,5.257995,-11.319416,5.460264,0.027366,0.995765,5.257995,-11.319416,-0.202268,,,,,
9,98,98.000000,agent_2,actor_logits,0,1,3,5.255690,-11.316243,5.459349,0.027387,0.995762,5.255690,-11.316243,-0.203659,,,,,
9,98,98.000000,agent_3,actor_logits,0,1,3,5.255058,-11.316027,5.458537,0.027406,0.995758,5.255058,-11.316027,-0.203479,,,,,
9,98,98.000000,agent_4,actor_logits,0,1,3,5.255080,-11.315989,5.458595,0.027404,0.995758,5.255080,-11.315989,-0.203515,,,,,
9,98,98.000000,agent_5,actor_logits,0,1,3,5.255021,-11.315900,5.458576,0.027405,0.995758,5.255021,-11.315900,-0.203555,,,,,
9,100,100.000000,agent_0,actor_logits,0,1,3,5.370280,-12.630415,2.337685,0.298002,0.911950,5.370280,3.032595,-12.630415,,,,,
9,100,100.000000,agent_1,actor_logits,0,1,3,5.375010,-12.631234,2.343662,0.296882,0.912429,5.375010,3.031348,-12.631234,,,,,
9,100,100.000000,agent_2,actor_logits,0,1,3,5.370476,-12.630422,2.337966,0.297950,0.911973,5.370476,3.032511,-12.630422,,,,,
9,100,100.000000,agent_3,actor_logits,0,1,3,5.370166,-12.630630,2.337185,0.298096,0.911910,5.370166,3.032981,-12.630630,,,,,
9,100,100.000000,agent_4,actor_logits,0,1,3,5.370095,-12.630631,2.337080,0.298116,0.911902,5.370095,3.033015,-12.630631,,,,,
9,100,100.000000,agent_5,actor_logits,0,1,3,5.369961,-12.630630,2.336887,0.298152,0.911886,5.369961,3.033074,-12.630630,,,,,
9,102,102.000000,agent_0,actor_logits,0,1,2,6.128727,-21.400005,27.528732,0.000000,1.000000,6.128727,-21.400005,,,,,,
9,102,102.000000,agent_1,actor_logits,0,1,2,6.132149,-21.399069,27.531218,0.000000,1.000000,6.132149,-21.399069,,,,,,
9,102,102.000000,agent_2,actor_logits,0,1,2,6.128874,-21.399961,27.528835,0.000000,1.000000,6.128874,-21.399961,,,,,,
9,102,102.000000,agent_3,actor_logits,0,1,2,6.128455,-21.400135,27.528589,0.000000,1.000000,6.128455,-21.400135,,,,,,
9,102,102.000000,agent_4,actor_logits,0,1,2,6.128449,-21.400139,27.528587,0.000000,1.000000,6.128449,-21.400139,,,,,,
9,102,102.000000,agent_5,actor_logits,0,1,2,6.128356,-21.400167,27.528524,0.000000,1.000000,6.128356,-21.400167,,,,,,
9,104,104.000000,agent_0,actor_logits,1,1,3,4.602271,-14.399640,1.987510,0.367961,0.879479,-14.399640,4.602271,2.614761,,,,,
9,104,104.000000,agent_1,actor_logits,1,1,3,4.604829,-14.398645,1.992220,0.366969,0.879978,-14.398645,4.604829,2.612609,,,,,
9,104,104.000000,agent_2,actor_logits,1,1,3,4.602369,-14.399587,1.987689,0.367923,0.879498,-14.399587,4.602369,2.614680,,,,,
9,104,104.000000,agent_3,actor_logits,1,1,3,4.602471,-14.399974,1.987808,0.367898,0.879511,-14.399974,4.602471,2.614664,,,,,
9,104,104.000000,agent_4,actor_logits,1,1,3,4.602438,-14.399963,1.987753,0.367910,0.879505,-14.399963,4.602438,2.614685,,,,,
9,104,104.000000,agent_5,actor_logits,1,1,3,4.602376,-14.399999,1.987637,0.367934,0.879493,-14.399999,4.602376,2.614738,,,,,
9,106,106.000000,agent_0,actor_logits,2,1,3,10.497521,-8.960428,18.917656,0.000000,1.000000,-8.420134,-8.960428,10.497521,,,,,
9,106,106.000000,agent_1,actor_logits,2,1,3,10.496440,-8.959288,18.915905,0.000000,1.000000,-8.419466,-8.959288,10.496440,,,,,
9,106,106.000000,agent_2,actor_logits,2,1,3,10.497484,-8.960384,18.917587,0.000000,1.000000,-8.420103,-8.960384,10.497484,,,,,
9,106,106.000000,agent_3,actor_logits,2,1,3,10.497306,-8.960303,18.917437,0.000000,1.000000,-8.420131,-8.960303,10.497306,,,,,
9,106,106.000000,agent_4,actor_logits,2,1,3,10.497325,-8.960317,18.917461,0.000000,1.000000,-8.420135,-8.960317,10.497325,,,,,
9,106,106.000000,agent_5,actor_logits,2,1,3,10.497352,-8.960344,18.917507,0.000000,1.000000,-8.420155,-8.960344,10.497352,,,,,
9,108,108.000000,agent_0,actor_logits,2,1,4,4.152375,-9.332023,0.085551,0.740117,0.516321,-9.332023,4.066823,4.152375,0.176987,,,,
9,108,108.000000,agent_1,actor_logits,2,1,4,4.151050,-9.333305,0.082180,0.740216,0.515484,-9.333305,4.068870,4.151050,0.178051,,,,
9,108,108.000000,agent_2,actor_logits,2,1,4,4.152326,-9.332072,0.085424,0.740121,0.516289,-9.332072,4.066902,4.152326,0.177028,,,,
9,108,108.000000,agent_3,actor_logits,2,1,4,4.152227,-9.332047,0.085268,0.740125,0.516251,-9.332047,4.066959,4.152227,0.177009,,,,
9,108,108.000000,agent_4,actor_logits,2,1,4,4.152252,-9.332014,0.085330,0.740122,0.516266,-9.332014,4.066922,4.152252,0.176982,,,,
9,108,108.000000,agent_5,actor_logits,2,1,4,4.152286,-9.331977,0.085417,0.740120,0.516288,-9.331977,4.066869,4.152286,0.176952,,,,
9,110,110.000000,agent_0,actor_logits,3,1,4,2.245986,-3.880136,0.118109,0.855944,0.504101,2.127876,-3.880136,-0.129771,2.245986,,,,
9,110,110.000000,agent_1,actor_logits,3,1,4,2.246578,-3.879001,0.119450,0.855857,0.504432,2.127128,-3.879001,-0.130359,2.246578,,,,
9,110,110.000000,agent_2,actor_logits,3,1,4,2.246010,-3.880092,0.118162,0.855940,0.504114,2.127848,-3.880092,-0.129795,2.246010,,,,
9,110,110.000000,agent_3,actor_logits,3,1,4,2.245951,-3.880030,0.118155,0.855948,0.504111,2.127796,-3.880030,-0.129788,2.245951,,,,
9,110,110.000000,agent_4,actor_logits,3,1,4,2.245932,-3.880054,0.118102,0.855949,0.504099,2.127830,-3.880054,-0.129784,2.245932,,,,
9,110,110.000000,agent_5,actor_logits,3,1,4,2.245913,-3.880084,0.118060,0.855951,0.504088,2.127853,-3.880084,-0.129770,2.245913,,,,
9,112,112.000000,agent_0,actor_logits,0,1,4,10.259526,-5.900224,9.235899,0.001003,0.999902,10.259526,-4.950625,-5.900224,1.023627,,,,
9,112,112.000000,agent_1,actor_logits,0,1,4,10.259245,-5.900370,9.235389,0.001004,0.999902,10.259245,-4.950379,-5.900370,1.023856,,,,
9,112,112.000000,agent_2,actor_logits,0,1,4,10.259518,-5.900229,9.235880,0.001003,0.999902,10.259518,-4.950617,-5.900229,1.023638,,,,
9,112,112.000000,agent_3,actor_logits,0,1,4,10.259476,-5.900261,9.235923,0.001003,0.999902,10.259476,-4.950519,-5.900261,1.023553,,,,
9,112,112.000000,agent_4,actor_logits,0,1,4,10.259503,-5.900267,9.235962,0.001003,0.999902,10.259503,-4.950526,-5.900267,1.023541,,,,
9,112,112.000000,agent_5,actor_logits,0,1,4,10.259516,-5.900267,9.235985,0.001003,0.999902,10.259516,-4.950531,-5.900267,1.023531,,,,
9,114,114.000000,agent_0,actor_logits,2,1,4,5.513364,-7.220828,5.822713,0.025872,0.996359,-0.309349,-1.762618,5.513364,-7.220828,,,,
9,114,114.000000,agent_1,actor_logits,2,1,4,5.513422,-7.220541,5.823042,0.025866,0.996360,-0.309620,-1.762600,5.513422,-7.220541,,,,
9,114,114.000000,agent_2,actor_logits,2,1,4,5.513367,-7.220813,5.822727,0.025871,0.996359,-0.309360,-1.762619,5.513367,-7.220813,,,,
9,114,114.000000,agent_3,actor_logits,2,1,4,5.513320,-7.220911,5.822686,0.025873,0.996359,-0.309365,-1.762516,5.513320,-7.220911,,,,
9,114,114.000000,agent_4,actor_logits,2,1,4,5.513313,-7.220918,5.822660,0.025873,0.996359,-0.309348,-1.762519,5.513313,-7.220918,,,,
9,114,114.000000,agent_5,actor_logits,2,1,4,5.513310,-7.220930,5.822648,0.025873,0.996358,-0.309337,-1.762518,5.513310,-7.220930,,,,
9,116,116.000000,agent_0,actor_logits,0,1,4,16.335466,-17.000891,15.161385,0.000005,1.000000,16.335466,-17.000891,-0.174778,1.174082,,,,
9,116,116.000000,agent_1,actor_logits,0,1,4,16.335121,-17.001013,15.160883,0.000005,1.000000,16.335121,-17.001013,-0.174489,1.174238,,,,
9,116,116.000000,agent_2,actor_logits,0,1,4,16.335451,-17.000898,15.161362,0.000005,1.000000,16.335451,-17.000898,-0.174764,1.174090,,,,
9,116,116.000000,agent_3,actor_logits,0,1,4,16.335455,-17.000826,15.161434,0.000005,1.000000,16.335455,-17.000826,-0.174818,1.174021,,,,
9,116,116.000000,agent_4,actor_logits,0,1,4,16.335459,-17.000826,15.161442,0.000005,1.000000,16.335459,-17.000826,-0.174820,1.174017,,,,
9,116,116.000000,agent_5,actor_logits,0,1,4,16.335470,-17.000822,15.161460,0.000005,1.000000,16.335470,-17.000822,-0.174828,1.174011,,,,
9,118,118.000000,agent_0,actor_logits,1,1,3,5.624936,-8.231061,7.885709,0.003355,0.999623,-2.260772,5.624936,-8.231061,,,,,
9,118,118.000000,agent_1,actor_logits,1,1,3,5.624968,-8.230735,7.886177,0.003353,0.999623,-2.261209,5.624968,-8.230735,,,,,
9,118,118.000000,agent_2,actor_logits,1,1,3,5.624934,-8.231046,7.885722,0.003355,0.999623,-2.260788,5.624934,-8.231046,,,,,
9,118,118.000000,agent_3,actor_logits,1,1,3,5.625100,-8.231148,7.885934,0.003354,0.999623,-2.260834,5.625100,-8.231148,,,,,
9,118,118.000000,agent_4,actor_logits,1,1,3,5.625096,-8.231158,7.885912,0.003354,0.999623,-2.260816,5.625096,-8.231158,,,,,
9,118,118.000000,agent_5,actor_logits,1,1,3,5.625098,-8.231170,7.885901,0.003354,0.999623,-2.260804,5.625098,-8.231170,,,,,
9,120,120.000000,agent_0,actor_logits,2,1,3,5.702315,-9.497911,7.952602,0.003152,0.999648,-2.250287,-9.497911,5.702315,,,,,
9,120,120.000000,agent_1,actor_logits,2,1,3,5.702625,-9.498045,7.953332,0.003150,0.999648,-2.250708,-9.498045,5.702625,,,,,
9,120,120.000000,agent_2,actor_logits,2,1,3,5.702330,-9.497920,7.952633,0.003152,0.999648,-2.250303,-9.497920,5.702330,,,,,
9,120,120.000000,agent_3,actor_logits,2,1,3,5.702258,-9.497822,7.952583,0.003152,0.999648,-2.250325,-9.497822,5.702258,,,,,
9,120,120.000000,agent_4,actor_logits,2,1,3,5.702253,-9.497828,7.952565,0.003152,0.999648,-2.250312,-9.497828,5.702253,,,,,
9,120,120.000000,agent_5,actor_logits,2,1,3,5.702243,-9.497822,7.952543,0.003152,0.999648,-2.250301,-9.497822,5.702243,,,,,
9,122,122.000000,agent_0,actor_logits,0,1,4,4.842806,-3.787393,2.329234,0.303498,0.910879,4.842806,-3.787393,-3.297015,2.513572,,,,
9,122,122.000000,agent_1,actor_logits,0,1,4,4.842707,-3.787847,2.328894,0.303562,0.910851,4.842707,-3.787847,-3.296608,2.513813,,,,
9,122,122.000000,agent_2,actor_logits,0,1,4,4.842803,-3.787411,2.329219,0.303501,0.910878,4.842803,-3.787411,-3.296999,2.513583,,,,
9,122,122.000000,agent_3,actor_logits,0,1,4,4.842781,-3.787337,2.329259,0.303493,0.910881,4.842781,-3.787337,-3.297018,2.513521,,,,
9,122,122.000000,agent_4,actor_logits,0,1,4,4.842776,-3.787328,2.329253,0.303494,0.910881,4.842776,-3.787328,-3.297021,2.513522,,,,
9,122,122.000000,agent_5,actor_logits,0,1,4,4.842777,-3.787313,2.329262,0.303493,0.910881,4.842777,-3.787313,-3.297033,2.513515,,,,
9,124,124.000000,agent_0,actor_logits,0,1,3,4.249339,-5.730965,6.738747,0.009661,0.998771,4.249339,-5.730965,-2.489408,,,,,
9,124,124.000000,agent_1,actor_logits,0,1,3,4.249143,-5.731155,6.738238,0.009665,0.998771,4.249143,-5.731155,-2.489095,,,,,
9,124,124.000000,agent_2,actor_logits,0,1,3,4.249331,-5.730974,6.738725,0.009661,0.998771,4.249331,-5.730974,-2.489394,,,,,
9,124,124.000000,agent_3,actor_logits,0,1,3,4.249342,-5.730919,6.738796,0.009661,0.998771,4.249342,-5.730919,-2.489454,,,,,
9,124,124.000000,agent_4,actor_logits,0,1,3,4.249344,-5.730917,6.738801,0.009661,0.998771,4.249344,-5.730917,-2.489457,,,,,
9,124,124.000000,agent_5,actor_logits,0,1,3,4.249350,-5.730911,6.738816,0.009660,0.998771,4.249350,-5.730911,-2.489466,,,,,
9,126,126.000000,agent_0,actor_logits,0,1,3,14.911104,-15.955873,15.281933,0.000004,1.000000,14.911104,-15.955873,-0.370829,,,,,
9,126,126.000000,agent_1,actor_logits,0,1,3,14.910893,-15.955996,15.281529,0.000004,1.000000,14.910893,-15.955996,-0.370636,,,,,
9,126,126.000000,agent_2,actor_logits,0,1,3,14.911094,-15.955875,15.281915,0.000004,1.000000,14.911094,-15.955875,-0.370821,,,,,
9,126,126.000000,agent_3,actor_logits,0,1,3,14.911160,-15.955927,15.281982,0.000004,1.000000,14.911160,-15.955927,-0.370823,,,,,
9,126,126.000000,agent_4,actor_logits,0,1,3,14.911160,-15.955923,15.281985,0.000004,1.000000,14.911160,-15.955923,-0.370825,,,,,
9,126,126.000000,agent_5,actor_logits,0,1,3,14.911165,-15.955919,15.281997,0.000004,1.000000,14.911165,-15.955919,-0.370831,,,,,
9,128,128.000000,agent_0,actor_logits,0,1,3,13.685724,-10.900559,20.397156,0.000000,1.000000,13.685724,-6.711432,-10.900559,,,,,
9,128,128.000000,agent_1,actor_logits,0,1,3,13.685709,-10.900413,20.397375,0.000000,1.000000,13.685709,-6.711667,-10.900413,,,,,
9,128,128.000000,agent_2,actor_logits,0,1,3,13.685722,-10.900554,20.397165,0.000000,1.000000,13.685722,-6.711442,-10.900554,,,,,
9,128,128.000000,agent_3,actor_logits,0,1,3,13.685715,-10.900578,20.397146,0.000000,1.000000,13.685715,-6.711432,-10.900578,,,,,
9,128,128.000000,agent_4,actor_logits,0,1,3,13.685715,-10.900577,20.397144,0.000000,1.000000,13.685715,-6.711429,-10.900577,,,,,
9,128,128.000000,agent_5,actor_logits,0,1,3,13.685715,-10.900581,20.397137,0.000000,1.000000,13.685715,-6.711422,-10.900581,,,,,
9,130,130.000000,agent_0,actor_logits,0,1,3,9.336647,-13.644326,8.635873,0.001711,0.999822,9.336647,-13.644326,0.700775,,,,,
9,130,130.000000,agent_1,actor_logits,0,1,3,9.336535,-13.644363,8.635704,0.001711,0.999822,9.336535,-13.644363,0.700831,,,,,
9,130,130.000000,agent_2,actor_logits,0,1,3,9.336643,-13.644328,8.635866,0.001711,0.999822,9.336643,-13.644328,0.700777,,,,,
9,130,130.000000,agent_3,actor_logits,0,1,3,9.336643,-13.644327,8.635875,0.001711,0.999822,9.336643,-13.644327,0.700768,,,,,
9,130,130.000000,agent_4,actor_logits,0,1,3,9.336643,-13.644326,8.635875,0.001711,0.999822,9.336643,-13.644326,0.700769,,,,,
9,130,130.000000,agent_5,actor_logits,0,1,3,9.336645,-13.644325,8.635879,0.001711,0.999822,9.336645,-13.644325,0.700767,,,,,
9,132,132.000000,agent_0,actor_logits,2,1,3,6.852693,-14.742190,1.200217,0.541006,0.768563,5.652476,-14.742190,6.852693,,,,,
9,132,132.000000,agent_1,actor_logits,2,1,3,6.852762,-14.742124,1.200355,0.540977,0.768588,5.652407,-14.742124,6.852762,,,,,
9,132,132.000000,agent_2,actor_logits,2,1,3,6.852696,-14.742188,1.200223,0.541005,0.768565,5.652473,-14.742188,6.852696,,,,,
9,132,132.000000,agent_3,actor_logits,2,1,3,6.852692,-14.742193,1.200222,0.541005,0.768564,5.652470,-14.742193,6.852692,,,,,
9,132,132.000000,agent_4,actor_logits,2,1,3,6.852692,-14.742193,1.200221,0.541006,0.768564,5.652471,-14.742193,6.852692,,,,,
9,132,132.000000,agent_5,actor_logits,2,1,3,6.852690,-14.742196,1.200218,0.541006,0.768564,5.652472,-14.742196,6.852690,,,,,
9,134,134.000000,agent_0,actor_logits,1,1,4,6.485471,-8.681793,3.011649,0.193064,0.952677,-8.681793,6.485471,-1.191216,3.473822,,,,
9,134,134.000000,agent_1,actor_logits,1,1,4,6.485373,-8.681713,3.011571,0.193075,0.952673,-8.681713,6.485373,-1.191162,3.473803,,,,
9,134,134.000000,agent_2,actor_logits,1,1,4,6.485467,-8.681789,3.011648,0.193065,0.952676,-8.681789,6.485467,-1.191214,3.473820,,,,
9,134,134.000000,agent_3,actor_logits,1,1,4,6.485465,-8.681805,3.011618,0.193069,0.952675,-8.681805,6.485465,-1.191211,3.473847,,,,
9,134,134.000000,agent_4,actor_logits,1,1,4,6.485466,-8.681806,3.011620,0.193068,0.952675,-8.681806,6.485466,-1.191211,3.473846,,,,
9,134,134.000000,agent_5,actor_logits,1,1,4,6.485468,-8.681808,3.011622,0.193068,0.952675,-8.681808,6.485468,-1.191213,3.473847,,,,
9,136,136.000000,agent_0,actor_logits,1,1,3,2.048435,-4.490795,6.453820,0.022571,0.996989,-4.405385,2.048435,-4.490795,,,,,
9,136,136.000000,agent_1,actor_logits,1,1,3,2.048380,-4.490758,6.453724,0.022573,0.996989,-4.405344,2.048380,-4.490758,,,,,
9,136,136.000000,agent_2,actor_logits,1,1,3,2.048432,-4.490793,6.453814,0.022571,0.996989,-4.405382,2.048432,-4.490793,,,,,
9,136,136.000000,agent_3,actor_logits,1,1,3,2.048437,-4.490797,6.453825,0.022571,0.996989,-4.405388,2.048437,-4.490797,,,,,
9,136,136.000000,agent_4,actor_logits,1,1,3,2.048438,-4.490798,6.453827,0.022571,0.996989,-4.405389,2.048438,-4.490798,,,,,
9,136,136.000000,agent_5,actor_logits,1,1,3,2.048439,-4.490798,6.453828,0.022571,0.996989,-4.405389,2.048439,-4.490798,,,,,
9,138,138.000000,agent_0,actor_logits,0,1,4,5.308382,-8.042942,3.114764,0.213784,0.951297,5.308382,-8.042942,0.318421,2.193617,,,,
9,138,138.000000,agent_1,actor_logits,0,1,4,5.308444,-8.042993,3.114805,0.213776,0.951299,5.308444,-8.042993,0.318410,2.193638,,,,
9,138,138.000000,agent_2,actor_logits,0,1,4,5.308384,-8.042943,3.114766,0.213784,0.951297,5.308384,-8.042943,0.318419,2.193619,,,,
9,138,138.000000,agent_3,actor_logits,0,1,4,5.308381,-8.042952,3.114756,0.213785,0.951297,5.308381,-8.042952,0.318426,2.193625,,,,
9,138,138.000000,agent_4,actor_logits,0,1,4,5.308382,-8.042951,3.114757,0.213785,0.951297,5.308382,-8.042951,0.318425,2.193624,,,,
9,138,138.000000,agent_5,actor_logits,0,1,4,5.308378,-8.042950,3.114753,0.213786,0.951296,5.308378,-8.042950,0.318426,2.193625,,,,
9,140,140.000000,agent_0,actor_logits,0,1,3,14.842919,-14.437695,20.599003,0.000000,1.000000,14.842919,-5.756083,-14.437695,,,,,
9,140,140.000000,agent_1,actor_logits,0,1,3,14.842907,-14.437671,20.599007,0.000000,1.000000,14.842907,-5.756100,-14.437671,,,,,
9,140,140.000000,agent_2,actor_logits,0,1,3,14.842919,-14.437693,20.599003,0.000000,1.000000,14.842919,-5.756084,-14.437693,,,,,
9,140,140.000000,agent_3,actor_logits,0,1,3,14.842919,-14.437690,20.599009,0.000000,1.000000,14.842919,-5.756089,-14.437690,,,,,
9,140,140.000000,agent_4,actor_logits,0,1,3,14.842920,-14.437690,20.599010,0.000000,1.000000,14.842920,-5.756090,-14.437690,,,,,
9,140,140.000000,agent_5,actor_logits,0,1,3,14.842920,-14.437690,20.599009,0.000000,1.000000,14.842920,-5.756089,-14.437690,,,,,
9,142,142.000000,agent_0,actor_logits,0,1,2,-6.892826,-7.530344,0.637518,0.644813,0.654192,-6.892826,-7.530344,,,,,,
9,142,142.000000,agent_1,actor_logits,0,1,2,-6.892830,-7.530361,0.637531,0.644811,0.654195,-6.892830,-7.530361,,,,,,
9,142,142.000000,agent_2,actor_logits,0,1,2,-6.892826,-7.530345,0.637520,0.644813,0.654193,-6.892826,-7.530345,,,,,,
9,142,142.000000,agent_3,actor_logits,0,1,2,-6.892825,-7.530350,0.637525,0.644812,0.654194,-6.892825,-7.530350,,,,,,
9,142,142.000000,agent_4,actor_logits,0,1,2,-6.892825,-7.530350,0.637526,0.644812,0.654194,-6.892825,-7.530350,,,,,,
9,142,142.000000,agent_5,actor_logits,0,1,2,-6.892826,-7.530349,0.637524,0.644812,0.654194,-6.892826,-7.530349,,,,,,
9,144,144.000000,agent_0,actor_logits,1,1,3,-0.208412,-4.699139,3.060140,0.239643,0.945096,-3.268553,-0.208412,-4.699139,,,,,
9,144,144.000000,agent_1,actor_logits,1,1,3,-0.208402,-4.699112,3.060176,0.239639,0.945097,-3.268578,-0.208402,-4.699112,,,,,
9,144,144.000000,agent_2,actor_logits,1,1,3,-0.208413,-4.699137,3.060140,0.239643,0.945096,-3.268553,-0.208413,-4.699137,,,,,
9,144,144.000000,agent_3,actor_logits,1,1,3,-0.208400,-4.699126,3.060174,0.239638,0.945097,-3.268574,-0.208400,-4.699126,,,,,
9,144,144.000000,agent_4,actor_logits,1,1,3,-0.208401,-4.699127,3.060169,0.239639,0.945097,-3.268571,-0.208401,-4.699127,,,,,
9,144,144.000000,agent_5,actor_logits,1,1,3,-0.208401,-4.699127,3.060171,0.239639,0.945097,-3.268572,-0.208401,-4.699127,,,,,
9,146,146.000000,agent_0,actor_logits,2,1,3,8.036204,-21.138418,3.860564,0.100450,0.979378,-21.138418,4.175640,8.036204,,,,,
9,146,146.000000,agent_1,actor_logits,2,1,3,8.036231,-21.138433,3.860594,0.100447,0.979379,-21.138433,4.175637,8.036231,,,,,
9,146,146.000000,agent_2,actor_logits,2,1,3,8.036206,-21.138418,3.860567,0.100449,0.979378,-21.138418,4.175640,8.036206,,,,,
9,146,146.000000,agent_3,actor_logits,2,1,3,8.036219,-21.138432,3.860580,0.100448,0.979378,-21.138432,4.175639,8.036219,,,,,
9,146,146.000000,agent_4,actor_logits,2,1,3,8.036216,-21.138430,3.860577,0.100449,0.979378,-21.138430,4.175639,8.036216,,,,,
9,146,146.000000,agent_5,actor_logits,2,1,3,8.036216,-21.138430,3.860577,0.100449,0.979378,-21.138430,4.175639,8.036216,,,,,
9,148,148.000000,agent_0,actor_logits,3,1,4,8.923635,-12.404362,4.585525,0.062147,0.989217,-12.404362,4.338109,1.662560,8.923635,,,,
9,148,148.000000,agent_1,actor_logits,3,1,4,8.923623,-12.404329,4.585560,0.062146,0.989217,-12.404329,4.338063,1.662584,8.923623,,,,
9,148,148.000000,agent_2,actor_logits,3,1,4,8.923635,-12.404361,4.585527,0.062147,0.989217,-12.404361,4.338108,1.662561,8.923635,,,,
9,148,148.000000,agent_3,actor_logits,3,1,4,8.923631,-12.404351,4.585542,0.062147,0.989217,-12.404351,4.338089,1.662573,8.923631,,,,
9,148,148.000000,agent_4,actor_logits,3,1,4,8.923630,-12.404352,4.585537,0.062147,0.989217,-12.404352,4.338092,1.662571,8.923630,,,,
9,148,148.000000,agent_5,actor_logits,3,1,4,8.923631,-12.404352,4.585539,0.062147,0.989217,-12.404352,4.338092,1.662571,8.923631,,,,
9,150,150.000000,agent_0,actor_logits,3,1,4,6.130095,-8.501975,1.736598,0.445380,0.847066,0.710039,4.393497,-8.501975,6.130095,,,,
9,150,150.000000,agent_1,actor_logits,3,1,4,6.130089,-8.501947,1.736651,0.445369,0.847072,0.710079,4.393437,-8.501947,6.130089,,,,
9,150,150.000000,agent_2,actor_logits,3,1,4,6.130095,-8.501975,1.736599,0.445379,0.847066,0.710040,4.393496,-8.501975,6.130095,,,,
9,150,150.000000,agent_3,actor_logits,3,1,4,6.130090,-8.501966,1.736618,0.445376,0.847068,0.710057,4.393472,-8.501966,6.130090,,,,
9,150,150.000000,agent_4,actor_logits,3,1,4,6.130090,-8.501968,1.736613,0.445377,0.847068,0.710055,4.393477,-8.501968,6.130090,,,,
9,150,150.000000,agent_5,actor_logits,3,1,4,6.130091,-8.501967,1.736614,0.445376,0.847068,0.710055,4.393476,-8.501967,6.130091,,,,
9,152,152.000000,agent_0,actor_logits,1,1,4,5.246722,-4.488686,2.477709,0.275119,0.922303,-3.056292,5.246722,-4.488686,2.769014,,,,
9,152,152.000000,agent_1,actor_logits,1,1,4,5.246691,-4.488658,2.477682,0.275124,0.922301,-3.056278,5.246691,-4.488658,2.769009,,,,
9,152,152.000000,agent_2,actor_logits,1,1,4,5.246722,-4.488685,2.477708,0.275119,0.922303,-3.056292,5.246722,-4.488685,2.769013,,,,
9,152,152.000000,agent_3,actor_logits,1,1,4,5.246708,-4.488673,2.477697,0.275121,0.922302,-3.056285,5.246708,-4.488673,2.769011,,,,
9,152,152.000000,agent_4,actor_logits,1,1,4,5.246710,-4.488676,2.477698,0.275121,0.922302,-3.056287,5.246710,-4.488676,2.769012,,,,
9,152,152.000000,agent_5,actor_logits,1,1,4,5.246710,-4.488675,2.477699,0.275120,0.922303,-3.056286,5.246710,-4.488675,2.769011,,,,
9,154,154.000000,agent_0,actor_logits,1,1,4,7.337011,-11.344431,3.595706,0.128872,0.972601,3.741305,7.337011,-11.344431,0.113563,,,,
9,154,154.000000,agent_1,actor_logits,1,1,4,7.336977,-11.344411,3.595661,0.128877,0.972600,3.741316,7.336977,-11.344411,0.113574,,,,
9,154,154.000000,agent_2,actor_logits,1,1,4,7.337009,-11.344431,3.595704,0.128872,0.972601,3.741305,7.337009,-11.344431,0.113563,,,,
9,154,154.000000,agent_3,actor_logits,1,1,4,7.336994,-11.344420,3.595683,0.128875,0.972601,3.741311,7.336994,-11.344420,0.113567,,,,
9,154,154.000000,agent_4,actor_logits,1,1,4,7.336998,-11.344424,3.595687,0.128874,0.972601,3.741311,7.336998,-11.344424,0.113565,,,,
9,154,154.000000,agent_5,actor_logits,1,1,4,7.336996,-11.344423,3.595685,0.128874,0.972601,3.741311,7.336996,-11.344423,0.113566,,,,
9,156,156.000000,agent_0,actor_logits,0,1,3,9.459590,-10.460035,11.936921,0.000085,0.999993,9.459590,-10.460035,-2.477331,,,,,
9,156,156.000000,agent_1,actor_logits,0,1,3,9.459575,-10.460022,11.936902,0.000085,0.999993,9.459575,-10.460022,-2.477328,,,,,
9,156,156.000000,agent_2,actor_logits,0,1,3,9.459589,-10.460033,11.936921,0.000085,0.999993,9.459589,-10.460033,-2.477332,,,,,
9,156,156.000000,agent_3,actor_logits,0,1,3,9.459581,-10.460028,11.936910,0.000085,0.999993,9.459581,-10.460028,-2.477328,,,,,
9,156,156.000000,agent_4,actor_logits,0,1,3,9.459583,-10.460030,11.936913,0.000085,0.999993,9.459583,-10.460030,-2.477329,,,,,
9,156,156.000000,agent_5,actor_logits,0,1,3,9.459584,-10.460030,11.936913,0.000085,0.999993,9.459584,-10.460030,-2.477328,,,,,
9,158,158.000000,agent_0,actor_logits,1,1,3,7.191523,-7.360314,12.406977,0.000062,0.999995,-7.360314,7.191523,-5.215455,,,,,
9,158,158.000000,agent_1,actor_logits,1,1,3,7.191525,-7.360301,12.406984,0.000062,0.999995,-7.360301,7.191525,-5.215459,,,,,
9,158,158.000000,agent_2,actor_logits,1,1,3,7.191523,-7.360315,12.406977,0.000062,0.999995,-7.360315,7.191523,-5.215454,,,,,
9,158,158.000000,agent_3,actor_logits,1,1,3,7.191524,-7.360309,12.406979,0.000062,0.999995,-7.360309,7.191524,-5.215455,,,,,
9,158,158.000000,agent_4,actor_logits,1,1,3,7.191524,-7.360309,12.406980,0.000062,0.999995,-7.360309,7.191524,-5.215456,,,,,
9,158,158.000000,agent_5,actor_logits,1,1,3,7.191524,-7.360309,12.406979,0.000062,0.999995,-7.360309,7.191524,-5.215455,,,,,
9,160,160.000000,agent_0,actor_logits,0,1,4,6.544278,-12.988231,2.408237,0.370046,0.900919,6.544278,2.632425,-12.988231,4.136042,,,,
9,160,160.000000,agent_1,actor_logits,0,1,4,6.544292,-12.988238,2.408254,0.370042,0.900921,6.544292,2.632421,-12.988238,4.136038,,,,
9,160,160.000000,agent_2,actor_logits,0,1,4,6.544277,-12.988231,2.408235,0.370047,0.900919,6.544277,2.632426,-12.988231,4.136042,,,,
9,160,160.000000,agent_3,actor_logits,0,1,4,6.544283,-12.988235,2.408244,0.370045,0.900920,6.544283,2.632425,-12.988235,4.136040,,,,
9,160,160.000000,agent_4,actor_logits,0,1,4,6.544283,-12.988235,2.408243,0.370045,0.900920,6.544283,2.632425,-12.988235,4.136040,,,,
9,160,160.000000,agent_5,actor_logits,0,1,4,6.544283,-12.988235,2.408243,0.370045,0.900920,6.544283,2.632425,-12.988235,4.136041,,,,
9,162,162.000000,agent_0,actor_logits,3,1,4,6.731666,-9.960656,2.134702,0.344370,0.893441,-9.960656,4.596964,-0.188267,6.731666,,,,
9,162,162.000000,agent_1,actor_logits,3,1,4,6.731663,-9.960650,2.134698,0.344371,0.893441,-9.960650,4.596965,-0.188271,6.731663,,,,
9,162,162.000000,agent_2,actor_logits,3,1,4,6.731667,-9.960656,2.134702,0.344370,0.893441,-9.960656,4.596964,-0.188267,6.731667,,,,
9,162,162.000000,agent_3,actor_logits,3,1,4,6.731665,-9.960653,2.134699,0.344371,0.893441,-9.960653,4.596966,-0.188271,6.731665,,,,
9,162,162.000000,agent_4,actor_logits,3,1,4,6.731665,-9.960653,2.134699,0.344371,0.893441,-9.960653,4.596966,-0.188271,6.731665,,,,
9,162,162.000000,agent_5,actor_logits,3,1,4,6.731666,-9.960654,2.134699,0.344371,0.893441,-9.960654,4.596966,-0.188270,6.731666,,,,
9,164,164.000000,agent_0,actor_logits,1,1,4,7.381871,-9.550187,3.844706,0.103874,0.978825,-0.949645,7.381871,-9.550187,3.537166,,,,
9,164,164.000000,agent_1,actor_logits,1,1,4,7.381869,-9.550189,3.844706,0.103874,0.978825,-0.949640,7.381869,-9.550189,3.537163,,,,
9,164,164.000000,agent_2,actor_logits,1,1,4,7.381871,-9.550187,3.844705,0.103874,0.978825,-0.949646,7.381871,-9.550187,3.537165,,,,
9,164,164.000000,agent_3,actor_logits,1,1,4,7.381872,-9.550189,3.844707,0.103874,0.978825,-0.949644,7.381872,-9.550189,3.537165,,,,
9,164,164.000000,agent_4,actor_logits,1,1,4,7.381873,-9.550189,3.844708,0.103874,0.978825,-0.949645,7.381873,-9.550189,3.537165,,,,
9,164,164.000000,agent_5,actor_logits,1,1,4,7.381872,-9.550189,3.844707,0.103874,0.978825,-0.949645,7.381872,-9.550189,3.537166,,,,
9,166,166.000000,agent_0,actor_logits,0,1,3,10.722959,-12.381875,12.167830,0.000068,0.999995,10.722959,-12.381875,-1.444872,,,,,
9,166,166.000000,agent_1,actor_logits,0,1,3,10.722960,-12.381872,12.167833,0.000068,0.999995,10.722960,-12.381872,-1.444872,,,,,
9,166,166.000000,agent_2,actor_logits,0,1,3,10.722959,-12.381874,12.167830,0.000068,0.999995,10.722959,-12.381874,-1.444872,,,,,
9,166,166.000000,agent_3,actor_logits,0,1,3,10.722958,-12.381873,12.167830,0.000068,0.999995,10.722958,-12.381873,-1.444872,,,,,
9,166,166.000000,agent_4,actor_logits,0,1,3,10.722960,-12.381874,12.167832,0.000068,0.999995,10.722960,-12.381874,-1.444872,,,,,
9,166,166.000000,agent_5,actor_logits,0,1,3,10.722958,-12.381874,12.167830,0.000068,0.999995,10.722958,-12.381874,-1.444872,,,,,
9,168,168.000000,agent_0,actor_logits,0,1,3,17.654444,-14.515000,21.767277,0.000000,1.000000,17.654444,-4.112833,-14.515000,,,,,
9,168,168.000000,agent_1,actor_logits,0,1,3,17.654444,-14.514998,21.767275,0.000000,1.000000,17.654444,-4.112831,-14.514998,,,,,
9,168,168.000000,agent_2,actor_logits,0,1,3,17.654444,-14.515000,21.767277,0.000000,1.000000,17.654444,-4.112832,-14.515000,,,,,
9,168,168.000000,agent_3,actor_logits,0,1,3,17.654444,-14.515000,21.767275,0.000000,1.000000,17.654444,-4.112831,-14.515000,,,,,
9,168,168.000000,agent_4,actor_logits,0,1,3,17.654444,-14.515000,21.767275,0.000000,1.000000,17.654444,-4.112832,-14.515000,,,,,
9,168,168.000000,agent_5,actor_logits,0,1,3,17.654444,-14.514998,21.767275,0.000000,1.000000,17.654444,-4.112831,-14.514998,,,,,
9,170,170.000000,agent_0,actor_logits,0,1,2,-3.061288,-6.642169,3.580881,0.124500,0.972904,-3.061288,-6.642169,,,,,,
9,170,170.000000,agent_1,actor_logits,0,1,2,-3.061289,-6.642169,3.580880,0.124500,0.972903,-3.061289,-6.642169,,,,,,
9,170,170.000000,agent_2,actor_logits,0,1,2,-3.061289,-6.642169,3.580881,0.124500,0.972904,-3.061289,-6.642169,,,,,,
9,170,170.000000,agent_3,actor_logits,0,1,2,-3.061290,-6.642170,3.580880,0.124500,0.972903,-3.061290,-6.642170,,,,,,
9,170,170.000000,agent_4,actor_logits,0,1,2,-3.061290,-6.642170,3.580880,0.124500,0.972903,-3.061290,-6.642170,,,,,,
9,170,170.000000,agent_5,actor_logits,0,1,2,-3.061290,-6.642170,3.580881,0.124500,0.972904,-3.061290,-6.642170,,,,,,
9,172,172.000000,agent_0,actor_logits,0,1,3,5.385826,-10.098872,6.800233,0.008680,0.998887,5.385826,-1.414408,-10.098872,,,,,
9,172,172.000000,agent_1,actor_logits,0,1,3,5.385825,-10.098871,6.800233,0.008680,0.998887,5.385825,-1.414408,-10.098871,,,,,
9,172,172.000000,agent_2,actor_logits,0,1,3,5.385826,-10.098872,6.800232,0.008680,0.998887,5.385826,-1.414407,-10.098872,,,,,
9,172,172.000000,agent_3,actor_logits,0,1,3,5.385825,-10.098871,6.800233,0.008680,0.998887,5.385825,-1.414408,-10.098871,,,,,
9,172,172.000000,agent_4,actor_logits,0,1,3,5.385825,-10.098872,6.800233,0.008680,0.998887,5.385825,-1.414408,-10.098872,,,,,
9,172,172.000000,agent_5,actor_logits,0,1,3,5.385826,-10.098872,6.800233,0.008680,0.998887,5.385826,-1.414408,-10.098872,,,,,
9,174,174.000000,agent_0,actor_logits,1,1,2,-3.805362,-11.966633,8.161271,0.002615,0.999715,-11.966633,-3.805362,,,,,,
9,174,174.000000,agent_1,actor_logits,1,1,2,-3.805362,-11.966633,8.161271,0.002615,0.999715,-11.966633,-3.805362,,,,,,
9,174,174.000000,agent_2,actor_logits,1,1,2,-3.805361,-11.966633,8.161272,0.002615,0.999715,-11.966633,-3.805361,,,,,,
9,174,174.000000,agent_3,actor_logits,1,1,2,-3.805363,-11.966633,8.161270,0.002615,0.999715,-11.966633,-3.805363,,,,,,
9,174,174.000000,agent_4,actor_logits,1,1,2,-3.805362,-11.966633,8.161271,0.002615,0.999715,-11.966633,-3.805362,,,,,,
9,174,174.000000,agent_5,actor_logits,1,1,2,-3.805362,-11.966633,8.161271,0.002615,0.999715,-11.966633,-3.805362,,,,,,
9,176,176.000000,agent_0,actor_logits,2,1,3,3.809264,-12.844238,2.888192,0.206507,0.947260,-12.844238,0.921073,3.809264,,,,,
9,176,176.000000,agent_1,actor_logits,2,1,3,3.809266,-12.844236,2.888195,0.206507,0.947260,-12.844236,0.921071,3.809266,,,,,
9,176,176.000000,agent_2,actor_logits,2,1,3,3.809264,-12.844238,2.888191,0.206508,0.947259,-12.844238,0.921073,3.809264,,,,,
9,176,176.000000,agent_3,actor_logits,2,1,3,3.809265,-12.844236,2.888193,0.206507,0.947260,-12.844236,0.921072,3.809265,,,,,
9,176,176.000000,agent_4,actor_logits,2,1,3,3.809265,-12.844237,2.888193,0.206507,0.947260,-12.844237,0.921072,3.809265,,,,,
9,176,176.000000,agent_5,actor_logits,2,1,3,3.809264,-12.844237,2.888192,0.206507,0.947260,-12.844237,0.921072,3.809264,,,,,
9,178,178.000000,agent_0,actor_logits,2,1,3,7.516413,-11.384652,9.400908,0.000860,0.999917,-11.384652,-1.884495,7.516413,,,,,
9,178,178.000000,agent_1,actor_logits,2,1,3,7.516415,-11.384651,9.400911,0.000860,0.999917,-11.384651,-1.884496,7.516415,,,,,
9,178,178.000000,agent_2,actor_logits,2,1,3,7.516413,-11.384651,9.400908,0.000860,0.999917,-11.384651,-1.884495,7.516413,,,,,
9,178,178.000000,agent_3,actor_logits,2,1,3,7.516414,-11.384651,9.400909,0.000860,0.999917,-11.384651,-1.884495,7.516414,,,,,
9,178,178.000000,agent_4,actor_logits,2,1,3,7.516413,-11.384651,9.400908,0.000860,0.999917,-11.384651,-1.884496,7.516413,,,,,
9,178,178.000000,agent_5,actor_logits,2,1,3,7.516414,-11.384651,9.400909,0.000860,0.999917,-11.384651,-1.884495,7.516414,,,,,
9,180,180.000000,agent_0,actor_logits,2,1,3,6.239820,-10.307676,6.001839,0.017285,0.997532,-10.307676,0.237980,6.239820,,,,,
9,180,180.000000,agent_1,actor_logits,2,1,3,6.239820,-10.307676,6.001842,0.017285,0.997532,-10.307676,0.237979,6.239820,,,,,
9,180,180.000000,agent_2,actor_logits,2,1,3,6.239820,-10.307676,6.001840,0.017285,0.997532,-10.307676,0.237980,6.239820,,,,,
9,180,180.000000,agent_3,actor_logits,2,1,3,6.239820,-10.307676,6.001840,0.017285,0.997532,-10.307676,0.237980,6.239820,,,,,
9,180,180.000000,agent_4,actor_logits,2,1,3,6.239820,-10.307676,6.001840,0.017285,0.997532,-10.307676,0.237980,6.239820,,,,,
9,180,180.000000,agent_5,actor_logits,2,1,3,6.239820,-10.307676,6.001840,0.017285,0.997532,-10.307676,0.237980,6.239820,,,,,
9,182,182.000000,agent_0,actor_logits,1,1,3,0.017457,-0.898047,0.592138,1.024883,0.511913,-0.898047,0.017457,-0.574681,,,,,
9,182,182.000000,agent_1,actor_logits,1,1,3,0.017455,-0.898046,0.592135,1.024883,0.511912,-0.898046,0.017455,-0.574680,,,,,
9,182,182.000000,agent_2,actor_logits,1,1,3,0.017456,-0.898046,0.592138,1.024883,0.511912,-0.898046,0.017456,-0.574681,,,,,
9,182,182.000000,agent_3,actor_logits,1,1,3,0.017456,-0.898047,0.592137,1.024883,0.511912,-0.898047,0.017456,-0.574681,,,,,
9,182,182.000000,agent_4,actor_logits,1,1,3,0.017456,-0.898046,0.592138,1.024883,0.511912,-0.898046,0.017456,-0.574681,,,,,
9,182,182.000000,agent_5,actor_logits,1,1,3,0.017456,-0.898046,0.592137,1.024883,0.511912,-0.898046,0.017456,-0.574681,,,,,
9,184,184.000000,agent_0,actor_logits,0,1,4,7.386434,-8.665623,4.703493,0.054988,0.990595,7.386434,-8.665623,-0.363451,2.682940,,,,
9,184,184.000000,agent_1,actor_logits,0,1,4,7.386433,-8.665623,4.703492,0.054988,0.990595,7.386433,-8.665623,-0.363451,2.682941,,,,
9,184,184.000000,agent_2,actor_logits,0,1,4,7.386434,-8.665623,4.703493,0.054988,0.990595,7.386434,-8.665623,-0.363451,2.682941,,,,
9,184,184.000000,agent_3,actor_logits,0,1,4,7.386433,-8.665623,4.703493,0.054988,0.990595,7.386433,-8.665623,-0.363451,2.682940,,,,
9,184,184.000000,agent_4,actor_logits,0,1,4,7.386434,-8.665623,4.703493,0.054988,0.990595,7.386434,-8.665623,-0.363451,2.682940,,,,
9,184,184.000000,agent_5,actor_logits,0,1,4,7.386434,-8.665623,4.703493,0.054988,0.990595,7.386434,-8.665623,-0.363451,2.682941,,,,
9,186,186.000000,agent_0,actor_logits,0,1,4,3.710386,-5.164621,1.151509,0.595587,0.753438,3.710386,-5.164621,-0.803986,2.558877,,,,
9,186,186.000000,agent_1,actor_logits,0,1,4,3.710385,-5.164621,1.151509,0.595587,0.753438,3.710385,-5.164621,-0.803986,2.558877,,,,
9,186,186.000000,agent_2,actor_logits,0,1,4,3.710385,-5.164621,1.151508,0.595587,0.753438,3.710385,-5.164621,-0.803987,2.558877,,,,
9,186,186.000000,agent_3,actor_logits,0,1,4,3.710385,-5.164621,1.151508,0.595587,0.753438,3.710385,-5.164621,-0.803986,2.558877,,,,
9,186,186.000000,agent_4,actor_logits,0,1,4,3.710386,-5.164621,1.151509,0.595587,0.753438,3.710386,-5.164621,-0.803987,2.558877,,,,
9,186,186.000000,agent_5,actor_logits,0,1,4,3.710386,-5.164621,1.151509,0.595587,0.753438,3.710386,-5.164621,-0.803987,2.558877,,,,
9,188,188.000000,agent_0,actor_logits,0,1,4,9.156806,-11.995478,5.814622,0.021763,0.996874,9.156806,-11.995478,0.369398,3.342184,,,,
9,188,188.000000,agent_1,actor_logits,0,1,4,9.156806,-11.995478,5.814623,0.021763,0.996874,9.156806,-11.995478,0.369397,3.342183,,,,
9,188,188.000000,agent_2,actor_logits,0,1,4,9.156807,-11.995478,5.814624,0.021763,0.996874,9.156807,-11.995478,0.369397,3.342183,,,,
9,188,188.000000,agent_3,actor_logits,0,1,4,9.156806,-11.995478,5.814624,0.021763,0.996874,9.156806,-11.995478,0.369397,3.342182,,,,
9,188,188.000000,agent_4,actor_logits,0,1,4,9.156807,-11.995478,5.814625,0.021763,0.996874,9.156807,-11.995478,0.369397,3.342182,,,,
9,188,188.000000,agent_5,actor_logits,0,1,4,9.156807,-11.995478,5.814624,0.021763,0.996874,9.156807,-11.995478,0.369397,3.342183,,,,
9,190,190.000000,agent_0,actor_logits,2,1,4,5.550106,-2.819816,7.747949,0.008314,0.999081,-2.197843,-2.719654,5.550106,-2.819816,,,,
9,190,190.000000,agent_1,actor_logits,2,1,4,5.550106,-2.819816,7.747949,0.008314,0.999081,-2.197843,-2.719654,5.550106,-2.819816,,,,
9,190,190.000000,agent_2,actor_logits,2,1,4,5.550106,-2.819816,7.747949,0.008314,0.999081,-2.197843,-2.719654,5.550106,-2.819816,,,,
9,190,190.000000,agent_3,actor_logits,2,1,4,5.550106,-2.819817,7.747949,0.008314,0.999081,-2.197844,-2.719654,5.550106,-2.819817,,,,
9,190,190.000000,agent_4,actor_logits,2,1,4,5.550106,-2.819816,7.747949,0.008314,0.999081,-2.197844,-2.719654,5.550106,-2.819816,,,,
9,190,190.000000,agent_5,actor_logits,2,1,4,5.550106,-2.819816,7.747949,0.008314,0.999081,-2.197844,-2.719654,5.550106,-2.819816,,,,
9,192,192.000000,agent_0,actor_logits,0,1,4,8.618048,-11.746588,4.213419,0.077255,0.985308,8.618048,-11.746588,-0.450936,4.404629,,,,
9,192,192.000000,agent_1,actor_logits,0,1,4,8.618047,-11.746588,4.213419,0.077255,0.985308,8.618047,-11.746588,-0.450936,4.404628,,,,
9,192,192.000000,agent_2,actor_logits,0,1,4,8.618048,-11.746588,4.213419,0.077255,0.985308,8.618048,-11.746588,-0.450936,4.404628,,,,
9,192,192.000000,agent_3,actor_logits,0,1,4,8.618048,-11.746588,4.213420,0.077255,0.985308,8.618048,-11.746588,-0.450936,4.404627,,,,
9,192,192.000000,agent_4,actor_logits,0,1,4,8.618047,-11.746588,4.213419,0.077255,0.985308,8.618047,-11.746588,-0.450937,4.404628,,,,
9,192,192.000000,agent_5,actor_logits,0,1,4,8.618047,-11.746588,4.213418,0.077255,0.985308,8.618047,-11.746588,-0.450937,4.404629,,,,
9,194,194.000000,agent_0,actor_logits,1,1,3,11.399067,-14.874110,15.287151,0.000004,1.000000,-14.874110,11.399067,-3.888084,,,,,
9,194,194.000000,agent_1,actor_logits,1,1,3,11.399067,-14.874110,15.287152,0.000004,1.000000,-14.874110,11.399067,-3.888085,,,,,
9,194,194.000000,agent_2,actor_logits,1,1,3,11.399067,-14.874111,15.287151,0.000004,1.000000,-14.874111,11.399067,-3.888085,,,,,
9,194,194.000000,agent_3,actor_logits,1,1,3,11.399067,-14.874109,15.287152,0.000004,1.000000,-14.874109,11.399067,-3.888086,,,,,
9,194,194.000000,agent_4,actor_logits,1,1,3,11.399067,-14.874109,15.287152,0.000004,1.000000,-14.874109,11.399067,-3.888085,,,,,
9,194,194.000000,agent_5,actor_logits,1,1,3,11.399068,-14.874109,15.287153,0.000004,1.000000,-14.874109,11.399068,-3.888086,,,,,
9,196,196.000000,agent_0,actor_logits,1,1,3,10.636003,-17.087105,15.080219,0.000004,1.000000,-17.087105,10.636003,-4.444216,,,,,
9,196,196.000000,agent_1,actor_logits,1,1,3,10.636002,-17.087103,15.080217,0.000004,1.000000,-17.087103,10.636002,-4.444216,,,,,
9,196,196.000000,agent_2,actor_logits,1,1,3,10.636003,-17.087105,15.080219,0.000004,1.000000,-17.087105,10.636003,-4.444216,,,,,
9,196,196.000000,agent_3,actor_logits,1,1,3,10.636003,-17.087105,15.080219,0.000004,1.000000,-17.087105,10.636003,-4.444217,,,,,
9,196,196.000000,agent_4,actor_logits,1,1,3,10.636003,-17.087107,15.080221,0.000004,1.000000,-17.087107,10.636003,-4.444217,,,,,
9,196,196.000000,agent_5,actor_logits,1,1,3,10.636002,-17.087105,15.080218,0.000004,1.000000,-17.087105,10.636002,-4.444217,,,,,
9,198,198.000000,agent_0,actor_logits,2,1,3,1.076981,-7.643626,2.676268,0.240333,0.935469,-7.643626,-1.599286,1.076981,,,,,
9,198,198.000000,agent_1,actor_logits,2,1,3,1.076981,-7.643625,2.676268,0.240333,0.935469,-7.643625,-1.599287,1.076981,,,,,
9,198,198.000000,agent_2,actor_logits,2,1,3,1.076981,-7.643626,2.676267,0.240333,0.935469,-7.643626,-1.599286,1.076981,,,,,
9,198,198.000000,agent_3,actor_logits,2,1,3,1.076981,-7.643625,2.676267,0.240333,0.935469,-7.643625,-1.599286,1.076981,,,,,
9,198,198.000000,agent_4,actor_logits,2,1,3,1.076981,-7.643625,2.676267,0.240333,0.935469,-7.643625,-1.599286,1.076981,,,,,
9,198,198.000000,agent_5,actor_logits,2,1,3,1.076981,-7.643626,2.676268,0.240333,0.935469,-7.643626,-1.599287,1.076981,,,,,
9,200,200.000000,agent_0,actor_logits,1,1,4,4.777654,-8.632838,0.783608,0.662340,0.681160,-8.632838,4.777654,0.297087,3.994045,,,,
9,200,200.000000,agent_1,actor_logits,1,1,4,4.777653,-8.632837,0.783608,0.662340,0.681160,-8.632837,4.777653,0.297087,3.994045,,,,
9,200,200.000000,agent_2,actor_logits,1,1,4,4.777654,-8.632839,0.783608,0.662340,0.681160,-8.632839,4.777654,0.297087,3.994046,,,,
9,200,200.000000,agent_3,actor_logits,1,1,4,4.777654,-8.632838,0.783608,0.662340,0.681160,-8.632838,4.777654,0.297087,3.994045,,,,
9,200,200.000000,agent_4,actor_logits,1,1,4,4.777654,-8.632839,0.783608,0.662340,0.681160,-8.632839,4.777654,0.297086,3.994046,,,,
9,200,200.000000,agent_5,actor_logits,1,1,4,4.777653,-8.632837,0.783607,0.662340,0.681160,-8.632837,4.777653,0.297087,3.994046,,,,
9,202,202.000000,agent_0,actor_logits,0,1,4,6.390905,-5.082635,3.357667,0.147656,0.966316,6.390905,-5.082635,-3.986705,3.033238,,,,
9,202,202.000000,agent_1,actor_logits,0,1,4,6.390905,-5.082636,3.357668,0.147656,0.966316,6.390905,-5.082636,-3.986706,3.033238,,,,
9,202,202.000000,agent_2,actor_logits,0,1,4,6.390904,-5.082635,3.357666,0.147656,0.966316,6.390904,-5.082635,-3.986706,3.033238,,,,
9,202,202.000000,agent_3,actor_logits,0,1,4,6.390905,-5.082635,3.357667,0.147656,0.966316,6.390905,-5.082635,-3.986706,3.033237,,,,
9,202,202.000000,agent_4,actor_logits,0,1,4,6.390906,-5.082635,3.357668,0.147656,0.966316,6.390906,-5.082635,-3.986706,3.033237,,,,
9,202,202.000000,agent_5,actor_logits,0,1,4,6.390905,-5.082636,3.357667,0.147656,0.966316,6.390905,-5.082636,-3.986706,3.033238,,,,
9,204,204.000000,agent_0,actor_logits,0,1,3,2.361553,-4.601343,5.208774,0.041244,0.993626,2.361553,-2.847221,-4.601343,,,,,
9,204,204.000000,agent_1,actor_logits,0,1,3,2.361554,-4.601343,5.208776,0.041244,0.993626,2.361554,-2.847222,-4.601343,,,,,
9,204,204.000000,agent_2,actor_logits,0,1,3,2.361552,-4.601343,5.208774,0.041244,0.993626,2.361552,-2.847222,-4.601343,,,,,
9,204,204.000000,agent_3,actor_logits,0,1,3,2.361554,-4.601344,5.208775,0.041244,0.993626,2.361554,-2.847221,-4.601344,,,,,
9,204,204.000000,agent_4,actor_logits,0,1,3,2.361554,-4.601345,5.208775,0.041244,0.993626,2.361554,-2.847221,-4.601345,,,,,
9,204,204.000000,agent_5,actor_logits,0,1,3,2.361554,-4.601343,5.208776,0.041244,0.993626,2.361554,-2.847223,-4.601343,,,,,
9,206,206.000000,agent_0,actor_logits,2,1,3,0.408923,-3.254514,1.114701,0.642322,0.738739,-0.705778,-3.254514,0.408923,,,,,
9,206,206.000000,agent_1,actor_logits,2,1,3,0.408922,-3.254514,1.114699,0.642323,0.738739,-0.705777,-3.254514,0.408922,,,,,
9,206,206.000000,agent_2,actor_logits,2,1,3,0.408922,-3.254513,1.114701,0.642322,0.738739,-0.705778,-3.254513,0.408922,,,,,
9,206,206.000000,agent_3,actor_logits,2,1,3,0.408922,-3.254513,1.114699,0.642323,0.738739,-0.705777,-3.254513,0.408922,,,,,
9,206,206.000000,agent_4,actor_logits,2,1,3,0.408922,-3.254513,1.114699,0.642323,0.738739,-0.705778,-3.254513,0.408922,,,,,
9,206,206.000000,agent_5,actor_logits,2,1,3,0.408923,-3.254515,1.114702,0.642322,0.738739,-0.705778,-3.254515,0.408923,,,,,
9,208,208.000000,agent_0,actor_logits,3,1,4,2.558378,-2.204097,2.565495,0.445628,0.888046,-0.644555,-2.204097,-0.007116,2.558378,,,,
9,208,208.000000,agent_1,actor_logits,3,1,4,2.558378,-2.204096,2.565494,0.445628,0.888045,-0.644556,-2.204096,-0.007116,2.558378,,,,
9,208,208.000000,agent_2,actor_logits,3,1,4,2.558378,-2.204096,2.565495,0.445628,0.888046,-0.644556,-2.204096,-0.007117,2.558378,,,,
9,208,208.000000,agent_3,actor_logits,3,1,4,2.558378,-2.204096,2.565495,0.445628,0.888046,-0.644556,-2.204096,-0.007116,2.558378,,,,
9,208,208.000000,agent_4,actor_logits,3,1,4,2.558377,-2.204095,2.565493,0.445628,0.888045,-0.644556,-2.204095,-0.007116,2.558377,,,,
9,208,208.000000,agent_5,actor_logits,3,1,4,2.558379,-2.204097,2.565495,0.445628,0.888046,-0.644555,-2.204097,-0.007117,2.558379,,,,
9,210,210.000000,agent_0,actor_logits,0,1,4,7.312784,-7.770645,5.490997,0.028361,0.995718,7.312784,-7.770645,-1.329038,1.821787,,,,
9,210,210.000000,agent_1,actor_logits,0,1,4,7.312785,-7.770644,5.490998,0.028361,0.995718,7.312785,-7.770644,-1.329038,1.821786,,,,
9,210,210.000000,agent_2,actor_logits,0,1,4,7.312784,-7.770646,5.490997,0.028361,0.995718,7.312784,-7.770646,-1.329037,1.821787,,,,
9,210,210.000000,agent_3,actor_logits,0,1,4,7.312785,-7.770646,5.490998,0.028361,0.995718,7.312785,-7.770646,-1.329038,1.821787,,,,
9,210,210.000000,agent_4,actor_logits,0,1,4,7.312786,-7.770646,5.490999,0.028361,0.995718,7.312786,-7.770646,-1.329038,1.821787,,,,
9,210,210.000000,agent_5,actor_logits,0,1,4,7.312784,-7.770645,5.490997,0.028361,0.995718,7.312784,-7.770645,-1.329037,1.821787,,,,
9,212,212.000000,agent_0,actor_logits,3,1,4,0.289513,-1.371838,0.044503,1.243494,0.374099,-1.371838,-0.351543,0.245011,0.289513,,,,
9,212,212.000000,agent_1,actor_logits,3,1,4,0.289514,-1.371838,0.044503,1.243494,0.374099,-1.371838,-0.351542,0.245011,0.289514,,,,
9,212,212.000000,agent_2,actor_logits,3,1,4,0.289514,-1.371838,0.044503,1.243494,0.374099,-1.371838,-0.351543,0.245011,0.289514,,,,
9,212,212.000000,agent_3,actor_logits,3,1,4,0.289514,-1.371838,0.044503,1.243494,0.374099,-1.371838,-0.351542,0.245010,0.289514,,,,
9,212,212.000000,agent_4,actor_logits,3,1,4,0.289514,-1.371838,0.044504,1.243494,0.374099,-1.371838,-0.351542,0.245010,0.289514,,,,
9,212,212.000000,agent_5,actor_logits,3,1,4,0.289513,-1.371838,0.044502,1.243494,0.374099,-1.371838,-0.351543,0.245011,0.289513,,,,
9,214,214.000000,agent_0,actor_logits,3,1,4,2.270403,-1.357755,2.367362,0.589197,0.843382,-0.096959,-0.456693,-1.357755,2.270403,,,,
9,214,214.000000,agent_1,actor_logits,3,1,4,2.270404,-1.357756,2.367362,0.589197,0.843382,-0.096959,-0.456693,-1.357756,2.270404,,,,
9,214,214.000000,agent_2,actor_logits,3,1,4,2.270403,-1.357755,2.367362,0.589197,0.843382,-0.096959,-0.456693,-1.357755,2.270403,,,,
9,214,214.000000,agent_3,actor_logits,3,1,4,2.270403,-1.357756,2.367362,0.589197,0.843382,-0.096958,-0.456693,-1.357756,2.270403,,,,
9,214,214.000000,agent_4,actor_logits,3,1,4,2.270403,-1.357756,2.367362,0.589197,0.843382,-0.096958,-0.456693,-1.357756,2.270403,,,,
9,214,214.000000,agent_5,actor_logits,3,1,4,2.270403,-1.357755,2.367362,0.589197,0.843382,-0.096958,-0.456693,-1.357755,2.270403,,,,
9,216,216.000000,agent_0,actor_logits,0,1,4,3.028985,-2.914879,1.527007,0.523161,0.813789,3.028985,-1.680158,-2.914879,1.501977,,,,
9,216,216.000000,agent_1,actor_logits,0,1,4,3.028985,-2.914879,1.527007,0.523161,0.813789,3.028985,-1.680158,-2.914879,1.501978,,,,
9,216,216.000000,agent_2,actor_logits,0,1,4,3.028985,-2.914879,1.527008,0.523161,0.813790,3.028985,-1.680158,-2.914879,1.501977,,,,
9,216,216.000000,agent_3,actor_logits,0,1,4,3.028985,-2.914879,1.527008,0.523161,0.813790,3.028985,-1.680158,-2.914879,1.501977,,,,
9,216,216.000000,agent_4,actor_logits,0,1,4,3.028985,-2.914878,1.527007,0.523161,0.813789,3.028985,-1.680158,-2.914878,1.501977,,,,
9,216,216.000000,agent_5,actor_logits,0,1,4,3.028985,-2.914879,1.527007,0.523161,0.813789,3.028985,-1.680159,-2.914879,1.501978,,,,
9,218,218.000000,agent_0,actor_logits,3,1,4,1.920629,-1.666826,2.088090,0.721527,0.786601,-0.167461,-1.666826,-0.202140,1.920629,,,,
9,218,218.000000,agent_1,actor_logits,3,1,4,1.920629,-1.666826,2.088090,0.721527,0.786601,-0.167461,-1.666826,-0.202140,1.920629,,,,
9,218,218.000000,agent_2,actor_logits,3,1,4,1.920629,-1.666826,2.088091,0.721527,0.786601,-0.167461,-1.666826,-0.202139,1.920629,,,,
9,218,218.000000,agent_3,actor_logits,3,1,4,1.920629,-1.666826,2.088090,0.721527,0.786601,-0.167461,-1.666826,-0.202139,1.920629,,,,
9,218,218.000000,agent_4,actor_logits,3,1,4,1.920629,-1.666826,2.088090,0.721527,0.786601,-0.167461,-1.666826,-0.202139,1.920629,,,,
9,218,218.000000,agent_5,actor_logits,3,1,4,1.920630,-1.666826,2.088090,0.721527,0.786601,-0.167461,-1.666826,-0.202140,1.920630,,,,
9,220,220.000000,agent_0,actor_logits,1,1,4,2.064883,-3.108881,0.398939,0.827437,0.574143,-3.108881,2.064883,-0.667992,1.665943,,,,
9,220,220.000000,agent_1,actor_logits,1,1,4,2.064883,-3.108882,0.398940,0.827437,0.574143,-3.108882,2.064883,-0.667992,1.665943,,,,
9,220,220.000000,agent_2,actor_logits,1,1,4,2.064882,-3.108881,0.398939,0.827437,0.574143,-3.108881,2.064882,-0.667991,1.665943,,,,
9,220,220.000000,agent_3,actor_logits,1,1,4,2.064883,-3.108881,0.398941,0.827437,0.574143,-3.108881,2.064883,-0.667992,1.665942,,,,
9,220,220.000000,agent_4,actor_logits,1,1,4,2.064883,-3.108881,0.398940,0.827437,0.574143,-3.108881,2.064883,-0.667992,1.665943,,,,
9,220,220.000000,agent_5,actor_logits,1,1,4,2.064883,-3.108881,0.398940,0.827437,0.574143,-3.108881,2.064883,-0.667992,1.665943,,,,
9,222,222.000000,agent_0,actor_logits,0,1,4,9.185722,-17.044065,2.177728,0.334811,0.897563,9.185722,7.007994,-17.044065,2.090596,,,,
9,222,222.000000,agent_1,actor_logits,0,1,4,9.185722,-17.044065,2.177728,0.334811,0.897563,9.185722,7.007994,-17.044065,2.090595,,,,
9,222,222.000000,agent_2,actor_logits,0,1,4,9.185724,-17.044065,2.177732,0.334810,0.897563,9.185724,7.007993,-17.044065,2.090595,,,,
9,222,222.000000,agent_3,actor_logits,0,1,4,9.185723,-17.044065,2.177729,0.334811,0.897563,9.185723,7.007995,-17.044065,2.090595,,,,
9,222,222.000000,agent_4,actor_logits,0,1,4,9.185723,-17.044065,2.177730,0.334811,0.897563,9.185723,7.007994,-17.044065,2.090596,,,,
9,222,222.000000,agent_5,actor_logits,0,1,4,9.185723,-17.044065,2.177729,0.334811,0.897563,9.185723,7.007994,-17.044065,2.090596,,,,
9,224,224.000000,agent_0,actor_logits,0,1,4,15.926647,-20.386026,13.172430,0.000053,0.999996,15.926647,2.710760,-20.386026,2.754218,,,,
9,224,224.000000,agent_1,actor_logits,0,1,4,15.926647,-20.386026,13.172428,0.000053,0.999996,15.926647,2.710760,-20.386026,2.754219,,,,
9,224,224.000000,agent_2,actor_logits,0,1,4,15.926647,-20.386026,13.172429,0.000053,0.999996,15.926647,2.710759,-20.386026,2.754218,,,,
9,224,224.000000,agent_3,actor_logits,0,1,4,15.926647,-20.386028,13.172428,0.000053,0.999996,15.926647,2.710761,-20.386028,2.754219,,,,
9,224,224.000000,agent_4,actor_logits,0,1,4,15.926647,-20.386028,13.172428,0.000053,0.999996,15.926647,2.710759,-20.386028,2.754219,,,,
9,224,224.000000,agent_5,actor_logits,0,1,4,15.926647,-20.386028,13.172429,0.000053,0.999996,15.926647,2.710760,-20.386028,2.754218,,,,
9,226,226.000000,agent_0,actor_logits,0,1,4,5.788372,-9.803340,2.598204,0.311157,0.920140,5.788372,1.397014,-9.803340,3.190168,,,,
9,226,226.000000,agent_1,actor_logits,0,1,4,5.788372,-9.803339,2.598203,0.311157,0.920140,5.788372,1.397013,-9.803339,3.190168,,,,
9,226,226.000000,agent_2,actor_logits,0,1,4,5.788373,-9.803340,2.598205,0.311157,0.920140,5.788373,1.397014,-9.803340,3.190168,,,,
9,226,226.000000,agent_3,actor_logits,0,1,4,5.788373,-9.803340,2.598205,0.311157,0.920140,5.788373,1.397014,-9.803340,3.190167,,,,
9,226,226.000000,agent_4,actor_logits,0,1,4,5.788372,-9.803340,2.598203,0.311157,0.920140,5.788372,1.397014,-9.803340,3.190169,,,,
9,226,226.000000,agent_5,actor_logits,0,1,4,5.788372,-9.803340,2.598203,0.311157,0.920140,5.788372,1.397014,-9.803340,3.190168,,,,
9,228,228.000000,agent_0,actor_logits,0,1,3,17.024466,-16.411959,22.065529,0.000000,1.000000,17.024466,-5.041064,-16.411959,,,,,
9,228,228.000000,agent_1,actor_logits,0,1,3,17.024466,-16.411957,22.065529,0.000000,1.000000,17.024466,-5.041063,-16.411957,,,,,
9,228,228.000000,agent_2,actor_logits,0,1,3,17.024464,-16.411957,22.065527,0.000000,1.000000,17.024464,-5.041063,-16.411957,,,,,
9,228,228.000000,agent_3,actor_logits,0,1,3,17.024464,-16.411957,22.065527,0.000000,1.000000,17.024464,-5.041063,-16.411957,,,,,
9,228,228.000000,agent_4,actor_logits,0,1,3,17.024464,-16.411957,22.065527,0.000000,1.000000,17.024464,-5.041063,-16.411957,,,,,
9,228,228.000000,agent_5,actor_logits,0,1,3,17.024464,-16.411957,22.065527,0.000000,1.000000,17.024464,-5.041063,-16.411957,,,,,
9,230,230.000000,agent_0,actor_logits,1,1,2,-7.123124,-7.581166,0.458043,0.667594,0.612550,-7.581166,-7.123124,,,,,,
9,230,230.000000,agent_1,actor_logits,1,1,2,-7.123124,-7.581166,0.458043,0.667594,0.612550,-7.581166,-7.123124,,,,,,
9,230,230.000000,agent_2,actor_logits,1,1,2,-7.123123,-7.581166,0.458044,0.667594,0.612550,-7.581166,-7.123123,,,,,,
9,230,230.000000,agent_3,actor_logits,1,1,2,-7.123123,-7.581166,0.458043,0.667594,0.612550,-7.581166,-7.123123,,,,,,
9,230,230.000000,agent_4,actor_logits,1,1,2,-7.123124,-7.581167,0.458043,0.667594,0.612550,-7.581167,-7.123124,,,,,,
9,230,230.000000,agent_5,actor_logits,1,1,2,-7.123123,-7.581167,0.458044,0.667594,0.612550,-7.581167,-7.123123,,,,,,
9,232,232.000000,agent_0,actor_logits,2,1,3,3.914280,-9.792555,6.417336,0.012110,0.998369,-9.792555,-2.503056,3.914280,,,,,
9,232,232.000000,agent_1,actor_logits,2,1,3,3.914280,-9.792556,6.417336,0.012110,0.998369,-9.792556,-2.503056,3.914280,,,,,
9,232,232.000000,agent_2,actor_logits,2,1,3,3.914280,-9.792555,6.417336,0.012110,0.998369,-9.792555,-2.503056,3.914280,,,,,
9,232,232.000000,agent_3,actor_logits,2,1,3,3.914280,-9.792555,6.417336,0.012110,0.998369,-9.792555,-2.503056,3.914280,,,,,
9,232,232.000000,agent_4,actor_logits,2,1,3,3.914280,-9.792555,6.417336,0.012110,0.998369,-9.792555,-2.503056,3.914280,,,,,
9,232,232.000000,agent_5,actor_logits,2,1,3,3.914280,-9.792555,6.417336,0.012110,0.998369,-9.792555,-2.503056,3.914280,,,,,
9,234,234.000000,agent_0,actor_logits,2,1,3,7.212506,-7.987214,12.063735,0.000079,0.999994,-7.987214,-4.851229,7.212506,,,,,
9,234,234.000000,agent_1,actor_logits,2,1,3,7.212505,-7.987215,12.063734,0.000079,0.999994,-7.987215,-4.851229,7.212505,,,,,
9,234,234.000000,agent_2,actor_logits,2,1,3,7.212506,-7.987215,12.063735,0.000079,0.999994,-7.987215,-4.851229,7.212506,,,,,
9,234,234.000000,agent_3,actor_logits,2,1,3,7.212505,-7.987214,12.063734,0.000079,0.999994,-7.987214,-4.851229,7.212505,,,,,
9,234,234.000000,agent_4,actor_logits,2,1,3,7.212505,-7.987214,12.063734,0.000079,0.999994,-7.987214,-4.851229,7.212505,,,,,
9,234,234.000000,agent_5,actor_logits,2,1,3,7.212505,-7.987214,12.063734,0.000079,0.999994,-7.987214,-4.851229,7.212505,,,,,
9,236,236.000000,agent_0,actor_logits,2,1,3,6.053069,-6.904531,8.627550,0.001757,0.999819,-6.904531,-2.574481,6.053069,,,,,
9,236,236.000000,agent_1,actor_logits,2,1,3,6.053069,-6.904531,8.627550,0.001757,0.999819,-6.904531,-2.574481,6.053069,,,,,
9,236,236.000000,agent_2,actor_logits,2,1,3,6.053069,-6.904531,8.627550,0.001757,0.999819,-6.904531,-2.574481,6.053069,,,,,
9,236,236.000000,agent_3,actor_logits,2,1,3,6.053069,-6.904531,8.627550,0.001757,0.999819,-6.904531,-2.574481,6.053069,,,,,
9,236,236.000000,agent_4,actor_logits,2,1,3,6.053069,-6.904531,8.627550,0.001757,0.999819,-6.904531,-2.574481,6.053069,,,,,
9,236,236.000000,agent_5,actor_logits,2,1,3,6.053069,-6.904531,8.627550,0.001757,0.999819,-6.904531,-2.574481,6.053069,,,,,
9,238,238.000000,agent_0,actor_logits,2,1,3,0.979323,-3.290178,0.918918,0.647403,0.707744,0.060405,-3.290178,0.979323,,,,,
9,238,238.000000,agent_1,actor_logits,2,1,3,0.979323,-3.290177,0.918917,0.647403,0.707744,0.060405,-3.290177,0.979323,,,,,
9,238,238.000000,agent_2,actor_logits,2,1,3,0.979322,-3.290178,0.918917,0.647403,0.707744,0.060405,-3.290178,0.979322,,,,,
9,238,238.000000,agent_3,actor_logits,2,1,3,0.979323,-3.290177,0.918917,0.647403,0.707744,0.060405,-3.290177,0.979323,,,,,
9,238,238.000000,agent_4,actor_logits,2,1,3,0.979323,-3.290178,0.918917,0.647403,0.707744,0.060406,-3.290178,0.979323,,,,,
9,238,238.000000,agent_5,actor_logits,2,1,3,0.979323,-3.290177,0.918917,0.647403,0.707744,0.060406,-3.290177,0.979323,,,,,
9,240,240.000000,agent_0,actor_logits,0,1,3,2.333632,-3.456715,0.353500,0.689680,0.586413,2.333632,1.980132,-3.456715,,,,,
9,240,240.000000,agent_1,actor_logits,0,1,3,2.333633,-3.456716,0.353500,0.689680,0.586413,2.333633,1.980133,-3.456716,,,,,
9,240,240.000000,agent_2,actor_logits,0,1,3,2.333632,-3.456716,0.353499,0.689680,0.586413,2.333632,1.980133,-3.456716,,,,,
9,240,240.000000,agent_3,actor_logits,0,1,3,2.333633,-3.456715,0.353501,0.689680,0.586413,2.333633,1.980132,-3.456715,,,,,
9,240,240.000000,agent_4,actor_logits,0,1,3,2.333632,-3.456715,0.353500,0.689680,0.586413,2.333632,1.980132,-3.456715,,,,,
9,240,240.000000,agent_5,actor_logits,0,1,3,2.333633,-3.456716,0.353500,0.689680,0.586413,2.333633,1.980132,-3.456716,,,,,
9,242,242.000000,agent_0,actor_logits,0,1,3,5.574682,-5.418853,7.566724,0.004632,0.999466,5.574682,-1.992042,-5.418853,,,,,
9,242,242.000000,agent_1,actor_logits,0,1,3,5.574681,-5.418853,7.566723,0.004632,0.999466,5.574681,-1.992042,-5.418853,,,,,
9,242,242.000000,agent_2,actor_logits,0,1,3,5.574680,-5.418853,7.566721,0.004632,0.999466,5.574680,-1.992041,-5.418853,,,,,
9,242,242.000000,agent_3,actor_logits,0,1,3,5.574681,-5.418852,7.566722,0.004632,0.999466,5.574681,-1.992042,-5.418852,,,,,
9,242,242.000000,agent_4,actor_logits,0,1,3,5.574681,-5.418852,7.566722,0.004632,0.999466,5.574681,-1.992042,-5.418852,,,,,
9,242,242.000000,agent_5,actor_logits,0,1,3,5.574681,-5.418853,7.566722,0.004632,0.999466,5.574681,-1.992042,-5.418853,,,,,
9,244,244.000000,agent_0,actor_logits,0,1,3,4.871382,-7.396330,3.672219,0.116196,0.975206,4.871382,1.199163,-7.396330,,,,,
9,244,244.000000,agent_1,actor_logits,0,1,3,4.871383,-7.396331,3.672219,0.116196,0.975206,4.871383,1.199164,-7.396331,,,,,
9,244,244.000000,agent_2,actor_logits,0,1,3,4.871382,-7.396331,3.672218,0.116197,0.975206,4.871382,1.199164,-7.396331,,,,,
9,244,244.000000,agent_3,actor_logits,0,1,3,4.871382,-7.396330,3.672219,0.116196,0.975206,4.871382,1.199164,-7.396330,,,,,
9,244,244.000000,agent_4,actor_logits,0,1,3,4.871383,-7.396330,3.672219,0.116196,0.975206,4.871383,1.199164,-7.396330,,,,,
9,244,244.000000,agent_5,actor_logits,0,1,3,4.871382,-7.396331,3.672219,0.116196,0.975206,4.871382,1.199163,-7.396331,,,,,
9,246,246.000000,agent_0,actor_logits,0,1,3,7.255711,-7.727642,7.920953,0.003243,0.999637,7.255711,-0.665242,-7.727642,,,,,
9,246,246.000000,agent_1,actor_logits,0,1,3,7.255711,-7.727641,7.920954,0.003243,0.999637,7.255711,-0.665242,-7.727641,,,,,
9,246,246.000000,agent_2,actor_logits,0,1,3,7.255710,-7.727641,7.920951,0.003243,0.999637,7.255710,-0.665242,-7.727641,,,,,
9,246,246.000000,agent_3,actor_logits,0,1,3,7.255710,-7.727641,7.920952,0.003243,0.999637,7.255710,-0.665242,-7.727641,,,,,
9,246,246.000000,agent_4,actor_logits,0,1,3,7.255711,-7.727640,7.920953,0.003243,0.999637,7.255711,-0.665242,-7.727640,,,,,
9,246,246.000000,agent_5,actor_logits,0,1,3,7.255710,-7.727641,7.920952,0.003243,0.999637,7.255710,-0.665242,-7.727641,,,,,
9,248,248.000000,agent_0,actor_logits,0,1,3,13.256100,-15.732914,12.060170,0.000076,0.999994,13.256100,1.195929,-15.732914,,,,,
9,248,248.000000,agent_1,actor_logits,0,1,3,13.256100,-15.732914,12.060170,0.000076,0.999994,13.256100,1.195929,-15.732914,,,,,
9,248,248.000000,agent_2,actor_logits,0,1,3,13.256099,-15.732915,12.060169,0.000076,0.999994,13.256099,1.195929,-15.732915,,,,,
9,248,248.000000,agent_3,actor_logits,0,1,3,13.256100,-15.732914,12.060171,0.000076,0.999994,13.256100,1.195929,-15.732914,,,,,
9,248,248.000000,agent_4,actor_logits,0,1,3,13.256100,-15.732915,12.060171,0.000076,0.999994,13.256100,1.195929,-15.732915,,,,,
9,248,248.000000,agent_5,actor_logits,0,1,3,13.256100,-15.732914,12.060171,0.000076,0.999994,13.256100,1.195928,-15.732914,,,,,
9,250,250.000000,agent_0,actor_logits,0,1,2,-4.415979,-11.572961,7.156981,0.006353,0.999221,-4.415979,-11.572961,,,,,,
9,250,250.000000,agent_1,actor_logits,0,1,2,-4.415979,-11.572962,7.156983,0.006353,0.999221,-4.415979,-11.572962,,,,,,
9,250,250.000000,agent_2,actor_logits,0,1,2,-4.415979,-11.572962,7.156982,0.006353,0.999221,-4.415979,-11.572962,,,,,,
9,250,250.000000,agent_3,actor_logits,0,1,2,-4.415980,-11.572962,7.156982,0.006353,0.999221,-4.415980,-11.572962,,,,,,
9,250,250.000000,agent_4,actor_logits,0,1,2,-4.415979,-11.572962,7.156982,0.006353,0.999221,-4.415979,-11.572962,,,,,,
9,250,250.000000,agent_5,actor_logits,0,1,2,-4.415980,-11.572961,7.156981,0.006353,0.999221,-4.415980,-11.572961,,,,,,
9,252,252.000000,agent_0,actor_logits,1,1,3,3.272101,-7.029557,6.834806,0.008798,0.998892,-7.029557,3.272101,-3.562706,,,,,
9,252,252.000000,agent_1,actor_logits,1,1,3,3.272101,-7.029557,6.834807,0.008798,0.998892,-7.029557,3.272101,-3.562706,,,,,
9,252,252.000000,agent_2,actor_logits,1,1,3,3.272101,-7.029557,6.834806,0.008798,0.998892,-7.029557,3.272101,-3.562705,,,,,
9,252,252.000000,agent_3,actor_logits,1,1,3,3.272101,-7.029557,6.834806,0.008798,0.998892,-7.029557,3.272101,-3.562705,,,,,
9,252,252.000000,agent_4,actor_logits,1,1,3,3.272101,-7.029557,6.834806,0.008798,0.998892,-7.029557,3.272101,-3.562705,,,,,
9,252,252.000000,agent_5,actor_logits,1,1,3,3.272101,-7.029558,6.834806,0.008798,0.998892,-7.029558,3.272101,-3.562705,,,,,
9,254,254.000000,agent_0,actor_logits,1,1,3,7.102353,-17.289534,9.070147,0.001158,0.999885,-17.289534,7.102353,-1.967794,,,,,
9,254,254.000000,agent_1,actor_logits,1,1,3,7.102353,-17.289534,9.070147,0.001158,0.999885,-17.289534,7.102353,-1.967794,,,,,
9,254,254.000000,agent_2,actor_logits,1,1,3,7.102353,-17.289532,9.070147,0.001158,0.999885,-17.289532,7.102353,-1.967794,,,,,
9,254,254.000000,agent_3,actor_logits,1,1,3,7.102354,-17.289532,9.070148,0.001158,0.999885,-17.289532,7.102354,-1.967794,,,,,
9,254,254.000000,agent_4,actor_logits,1,1,3,7.102354,-17.289534,9.070148,0.001158,0.999885,-17.289534,7.102354,-1.967794,,,,,
9,254,254.000000,agent_5,actor_logits,1,1,3,7.102353,-17.289534,9.070147,0.001158,0.999885,-17.289534,7.102353,-1.967794,,,,,
9,256,256.000000,agent_0,actor_logits,1,1,3,6.385086,-22.524824,2.939386,0.199223,0.949759,-22.524824,6.385086,3.445699,,,,,
9,256,256.000000,agent_1,actor_logits,1,1,3,6.385086,-22.524824,2.939387,0.199223,0.949759,-22.524824,6.385086,3.445699,,,,,
9,256,256.000000,agent_2,actor_logits,1,1,3,6.385086,-22.524824,2.939386,0.199223,0.949759,-22.524824,6.385086,3.445699,,,,,
9,256,256.000000,agent_3,actor_logits,1,1,3,6.385086,-22.524824,2.939387,0.199223,0.949759,-22.524824,6.385086,3.445699,,,,,
9,256,256.000000,agent_4,actor_logits,1,1,3,6.385086,-22.524824,2.939387,0.199223,0.949759,-22.524824,6.385086,3.445699,,,,,
9,256,256.000000,agent_5,actor_logits,1,1,3,6.385085,-22.524824,2.939385,0.199223,0.949759,-22.524824,6.385085,3.445700,,,,,
9,258,258.000000,agent_0,actor_logits,1,1,3,5.293547,-21.504469,0.401364,0.673409,0.599015,-21.504469,5.293547,4.892183,,,,,
9,258,258.000000,agent_1,actor_logits,1,1,3,5.293547,-21.504469,0.401364,0.673409,0.599015,-21.504469,5.293547,4.892183,,,,,
9,258,258.000000,agent_2,actor_logits,1,1,3,5.293546,-21.504471,0.401363,0.673409,0.599015,-21.504471,5.293546,4.892183,,,,,
9,258,258.000000,agent_3,actor_logits,1,1,3,5.293547,-21.504471,0.401364,0.673409,0.599015,-21.504471,5.293547,4.892183,,,,,
9,258,258.000000,agent_4,actor_logits,1,1,3,5.293548,-21.504469,0.401365,0.673409,0.599016,-21.504469,5.293548,4.892183,,,,,
9,258,258.000000,agent_5,actor_logits,1,1,3,5.293546,-21.504471,0.401362,0.673409,0.599015,-21.504471,5.293546,4.892184,,,,,
9,260,260.000000,agent_0,actor_logits,2,1,3,6.966480,-22.413683,0.922613,0.597085,0.715574,-22.413683,6.043867,6.966480,,,,,
9,260,260.000000,agent_1,actor_logits,2,1,3,6.966480,-22.413683,0.922612,0.597085,0.715574,-22.413683,6.043868,6.966480,,,,,
9,260,260.000000,agent_2,actor_logits,2,1,3,6.966480,-22.413681,0.922612,0.597085,0.715574,-22.413681,6.043868,6.966480,,,,,
9,260,260.000000,agent_3,actor_logits,2,1,3,6.966480,-22.413683,0.922613,0.597085,0.715574,-22.413683,6.043867,6.966480,,,,,
9,260,260.000000,agent_4,actor_logits,2,1,3,6.966480,-22.413683,0.922612,0.597085,0.715574,-22.413683,6.043868,6.966480,,,,,
9,260,260.000000,agent_5,actor_logits,2,1,3,6.966480,-22.413681,0.922613,0.597085,0.715574,-22.413681,6.043867,6.966480,,,,,
9,262,262.000000,agent_0,actor_logits,3,1,4,10.589973,-13.300498,3.547803,0.127791,0.972007,-13.300498,-0.810065,7.042170,10.589973,,,,
9,262,262.000000,agent_1,actor_logits,3,1,4,10.589973,-13.300496,3.547804,0.127791,0.972007,-13.300496,-0.810065,7.042169,10.589973,,,,
9,262,262.000000,agent_2,actor_logits,3,1,4,10.589973,-13.300497,3.547804,0.127791,0.972007,-13.300497,-0.810065,7.042169,10.589973,,,,
9,262,262.000000,agent_3,actor_logits,3,1,4,10.589972,-13.300497,3.547803,0.127791,0.972007,-13.300497,-0.810065,7.042169,10.589972,,,,
9,262,262.000000,agent_4,actor_logits,3,1,4,10.589973,-13.300497,3.547804,0.127791,0.972007,-13.300497,-0.810065,7.042170,10.589973,,,,
9,262,262.000000,agent_5,actor_logits,3,1,4,10.589972,-13.300497,3.547803,0.127791,0.972007,-13.300497,-0.810065,7.042169,10.589972,,,,
9,264,264.000000,agent_0,actor_logits,2,1,4,5.295024,-7.198732,4.117774,0.133888,0.974884,-7.198732,1.177250,5.295024,0.636296,,,,
9,264,264.000000,agent_1,actor_logits,2,1,4,5.295025,-7.198732,4.117775,0.133887,0.974884,-7.198732,1.177250,5.295025,0.636296,,,,
9,264,264.000000,agent_2,actor_logits,2,1,4,5.295024,-7.198732,4.117774,0.133888,0.974884,-7.198732,1.177251,5.295024,0.636296,,,,
9,264,264.000000,agent_3,actor_logits,2,1,4,5.295025,-7.198732,4.117775,0.133887,0.974884,-7.198732,1.177251,5.295025,0.636296,,,,
9,264,264.000000,agent_4,actor_logits,2,1,4,5.295025,-7.198732,4.117775,0.133887,0.974884,-7.198732,1.177250,5.295025,0.636296,,,,
9,264,264.000000,agent_5,actor_logits,2,1,4,5.295025,-7.198732,4.117775,0.133888,0.974884,-7.198732,1.177250,5.295025,0.636296,,,,
9,266,266.000000,agent_0,actor_logits,0,1,4,9.356964,-6.251433,10.207642,0.000456,0.999960,9.356964,-6.251433,-0.850678,-3.386692,,,,
9,266,266.000000,agent_1,actor_logits,0,1,4,9.356964,-6.251433,10.207642,0.000456,0.999960,9.356964,-6.251433,-0.850678,-3.386691,,,,
9,266,266.000000,agent_2,actor_logits,0,1,4,9.356964,-6.251433,10.207643,0.000456,0.999960,9.356964,-6.251433,-0.850679,-3.386692,,,,
9,266,266.000000,agent_3,actor_logits,0,1,4,9.356964,-6.251433,10.207642,0.000456,0.999960,9.356964,-6.251433,-0.850678,-3.386692,,,,
9,266,266.000000,agent_4,actor_logits,0,1,4,9.356964,-6.251433,10.207643,0.000456,0.999960,9.356964,-6.251433,-0.850678,-3.386692,,,,
9,266,266.000000,agent_5,actor_logits,0,1,4,9.356964,-6.251433,10.207642,0.000456,0.999960,9.356964,-6.251433,-0.850678,-3.386692,,,,
9,268,268.000000,agent_0,actor_logits,0,1,4,8.509019,-13.531344,4.387419,0.078368,0.986087,8.509019,-13.531344,2.118241,4.121600,,,,
9,268,268.000000,agent_1,actor_logits,0,1,4,8.509018,-13.531343,4.387419,0.078368,0.986087,8.509018,-13.531343,2.118241,4.121599,,,,
9,268,268.000000,agent_2,actor_logits,0,1,4,8.509018,-13.531343,4.387419,0.078368,0.986087,8.509018,-13.531343,2.118241,4.121599,,,,
9,268,268.000000,agent_3,actor_logits,0,1,4,8.509019,-13.531343,4.387420,0.078368,0.986087,8.509019,-13.531343,2.118241,4.121599,,,,
9,268,268.000000,agent_4,actor_logits,0,1,4,8.509019,-13.531343,4.387420,0.078368,0.986087,8.509019,-13.531343,2.118241,4.121599,,,,
9,268,268.000000,agent_5,actor_logits,0,1,4,8.509019,-13.531343,4.387420,0.078368,0.986087,8.509019,-13.531343,2.118241,4.121599,,,,
9,270,270.000000,agent_0,actor_logits,1,1,3,5.975664,-14.447420,4.431040,0.063950,0.988238,-14.447420,5.975664,1.544624,,,,,
9,270,270.000000,agent_1,actor_logits,1,1,3,5.975664,-14.447420,4.431039,0.063950,0.988238,-14.447420,5.975664,1.544625,,,,,
9,270,270.000000,agent_2,actor_logits,1,1,3,5.975664,-14.447420,4.431040,0.063950,0.988238,-14.447420,5.975664,1.544624,,,,,
9,270,270.000000,agent_3,actor_logits,1,1,3,5.975664,-14.447419,4.431040,0.063950,0.988238,-14.447419,5.975664,1.544624,,,,,
9,270,270.000000,agent_4,actor_logits,1,1,3,5.975665,-14.447420,4.431040,0.063950,0.988238,-14.447420,5.975665,1.544625,,,,,
9,270,270.000000,agent_5,actor_logits,1,1,3,5.975665,-14.447420,4.431041,0.063950,0.988238,-14.447420,5.975665,1.544624,,,,,
9,272,272.000000,agent_0,actor_logits,2,1,4,6.244188,-4.799906,4.808066,0.048147,0.991801,-4.799906,-3.101800,6.244188,1.436122,,,,
9,272,272.000000,agent_1,actor_logits,2,1,4,6.244188,-4.799907,4.808066,0.048147,0.991801,-4.799907,-3.101800,6.244188,1.436122,,,,
9,272,272.000000,agent_2,actor_logits,2,1,4,6.244188,-4.799907,4.808066,0.048147,0.991801,-4.799907,-3.101800,6.244188,1.436122,,,,
9,272,272.000000,agent_3,actor_logits,2,1,4,6.244188,-4.799907,4.808066,0.048147,0.991801,-4.799907,-3.101799,6.244188,1.436121,,,,
9,272,272.000000,agent_4,actor_logits,2,1,4,6.244189,-4.799907,4.808067,0.048147,0.991801,-4.799907,-3.101800,6.244189,1.436121,,,,
9,272,272.000000,agent_5,actor_logits,2,1,4,6.244188,-4.799907,4.808066,0.048147,0.991801,-4.799907,-3.101800,6.244188,1.436122,,,,
9,274,274.000000,agent_0,actor_logits,0,1,4,4.422392,-5.565396,4.302658,0.093334,0.983342,4.422392,-1.272865,0.119734,-5.565396,,,,
9,274,274.000000,agent_1,actor_logits,0,1,4,4.422393,-5.565396,4.302659,0.093334,0.983342,4.422393,-1.272865,0.119734,-5.565396,,,,
9,274,274.000000,agent_2,actor_logits,0,1,4,4.422392,-5.565396,4.302658,0.093334,0.983342,4.422392,-1.272865,0.119734,-5.565396,,,,
9,274,274.000000,agent_3,actor_logits,0,1,4,4.422393,-5.565396,4.302660,0.093333,0.983342,4.422393,-1.272864,0.119734,-5.565396,,,,
9,274,274.000000,agent_4,actor_logits,0,1,4,4.422393,-5.565397,4.302659,0.093334,0.983342,4.422393,-1.272864,0.119734,-5.565397,,,,
9,274,274.000000,agent_5,actor_logits,0,1,4,4.422393,-5.565396,4.302659,0.093334,0.983342,4.422393,-1.272865,0.119734,-5.565396,,,,
9,276,276.000000,agent_0,actor_logits,0,1,4,7.914322,-5.116703,5.346272,0.030192,0.995251,7.914322,-5.116703,-4.639106,2.568050,,,,
9,276,276.000000,agent_1,actor_logits,0,1,4,7.914322,-5.116702,5.346272,0.030192,0.995251,7.914322,-5.116702,-4.639106,2.568050,,,,
9,276,276.000000,agent_2,actor_logits,0,1,4,7.914322,-5.116703,5.346272,0.030192,0.995251,7.914322,-5.116703,-4.639106,2.568051,,,,
9,276,276.000000,agent_3,actor_logits,0,1,4,7.914322,-5.116702,5.346272,0.030192,0.995251,7.914322,-5.116702,-4.639106,2.568050,,,,
9,276,276.000000,agent_4,actor_logits,0,1,4,7.914322,-5.116702,5.346272,0.030192,0.995251,7.914322,-5.116702,-4.639106,2.568050,,,,
9,276,276.000000,agent_5,actor_logits,0,1,4,7.914323,-5.116703,5.346272,0.030192,0.995251,7.914323,-5.116703,-4.639106,2.568050,,,,
9,278,278.000000,agent_0,actor_logits,2,1,3,6.341499,-10.447237,5.738218,0.021637,0.996790,0.603281,-10.447237,6.341499,,,,,
9,278,278.000000,agent_1,actor_logits,2,1,3,6.341500,-10.447237,5.738219,0.021637,0.996790,0.603281,-10.447237,6.341500,,,,,
9,278,278.000000,agent_2,actor_logits,2,1,3,6.341499,-10.447237,5.738219,0.021637,0.996790,0.603281,-10.447237,6.341499,,,,,
9,278,278.000000,agent_3,actor_logits,2,1,3,6.341499,-10.447237,5.738218,0.021637,0.996790,0.603281,-10.447237,6.341499,,,,,
9,278,278.000000,agent_4,actor_logits,2,1,3,6.341499,-10.447236,5.738218,0.021637,0.996790,0.603281,-10.447236,6.341499,,,,,
9,278,278.000000,agent_5,actor_logits,2,1,3,6.341500,-10.447237,5.738219,0.021637,0.996790,0.603281,-10.447237,6.341500,,,,,
9,284,284.000000,agent_0,actor_logits,0,1,7,6.176219,-5.864835,0.338354,0.701492,0.581929,6.176219,-5.453227,-5.864835,5.837865,0.431143,-0.392496,-0.877444,
9,284,284.000000,agent_1,actor_logits,0,1,7,6.176220,-5.864836,0.338356,0.701492,0.581929,6.176220,-5.453227,-5.864836,5.837864,0.431144,-0.392496,-0.877444,
9,284,284.000000,agent_2,actor_logits,0,1,7,6.176219,-5.864835,0.338355,0.701492,0.581929,6.176219,-5.453228,-5.864835,5.837864,0.431144,-0.392496,-0.877444,
9,284,284.000000,agent_3,actor_logits,0,1,7,6.176219,-5.864836,0.338353,0.701492,0.581928,6.176219,-5.453227,-5.864836,5.837865,0.431144,-0.392496,-0.877445,
9,284,284.000000,agent_4,actor_logits,0,1,7,6.176220,-5.864837,0.338356,0.701492,0.581929,6.176220,-5.453227,-5.864837,5.837864,0.431144,-0.392496,-0.877444,
9,284,284.000000,agent_5,actor_logits,0,1,7,6.176219,-5.864835,0.338355,0.701492,0.581929,6.176219,-5.453228,-5.864835,5.837864,0.431144,-0.392496,-0.877444,
9,290,290.000000,agent_0,actor_logits,2,1,3,2.834552,-8.121284,9.324319,0.001130,0.999893,-6.489767,-8.121284,2.834552,,,,,
9,290,290.000000,agent_1,actor_logits,2,1,3,2.834551,-8.121284,9.324318,0.001130,0.999893,-6.489767,-8.121284,2.834551,,,,,
9,290,290.000000,agent_2,actor_logits,2,1,3,2.834552,-8.121284,9.324320,0.001130,0.999893,-6.489768,-8.121284,2.834552,,,,,
9,290,290.000000,agent_3,actor_logits,2,1,3,2.834551,-8.121283,9.324319,0.001130,0.999893,-6.489768,-8.121283,2.834551,,,,,
9,290,290.000000,agent_4,actor_logits,2,1,3,2.834551,-8.121284,9.324317,0.001130,0.999893,-6.489766,-8.121284,2.834551,,,,,
9,290,290.000000,agent_5,actor_logits,2,1,3,2.834551,-8.121283,9.324318,0.001130,0.999893,-6.489767,-8.121283,2.834551,,,,,
9,296,296.000000,agent_0,actor_logits,3,1,7,11.796405,-9.681776,5.224491,0.034403,0.994551,-9.681776,-0.593403,2.143455,11.796405,6.571914,1.126418,-0.536856,
9,296,296.000000,agent_1,actor_logits,3,1,7,11.796405,-9.681776,5.224490,0.034403,0.994551,-9.681776,-0.593403,2.143454,11.796405,6.571915,1.126418,-0.536856,
9,296,296.000000,agent_2,actor_logits,3,1,7,11.796405,-9.681776,5.224490,0.034403,0.994551,-9.681776,-0.593403,2.143454,11.796405,6.571915,1.126418,-0.536856,
9,296,296.000000,agent_3,actor_logits,3,1,7,11.796405,-9.681777,5.224490,0.034403,0.994551,-9.681777,-0.593403,2.143454,11.796405,6.571915,1.126418,-0.536856,
9,296,296.000000,agent_4,actor_logits,3,1,7,11.796405,-9.681777,5.224491,0.034403,0.994551,-9.681777,-0.593402,2.143454,11.796405,6.571914,1.126418,-0.536856,
9,296,296.000000,agent_5,actor_logits,3,1,7,11.796405,-9.681776,5.224490,0.034403,0.994551,-9.681776,-0.593403,2.143454,11.796405,6.571915,1.126418,-0.536856,
9,298,298.000000,agent_0,actor_logits,2,1,4,7.490946,-10.609260,3.140972,0.172535,0.958551,-6.290099,4.349974,7.490946,-10.609260,,,,
9,298,298.000000,agent_1,actor_logits,2,1,4,7.490946,-10.609260,3.140972,0.172535,0.958551,-6.290099,4.349974,7.490946,-10.609260,,,,
9,298,298.000000,agent_2,actor_logits,2,1,4,7.490946,-10.609260,3.140972,0.172535,0.958551,-6.290099,4.349974,7.490946,-10.609260,,,,
9,298,298.000000,agent_3,actor_logits,2,1,4,7.490946,-10.609260,3.140972,0.172535,0.958551,-6.290098,4.349974,7.490946,-10.609260,,,,
9,298,298.000000,agent_4,actor_logits,2,1,4,7.490947,-10.609260,3.140973,0.172535,0.958551,-6.290099,4.349974,7.490947,-10.609260,,,,
9,298,298.000000,agent_5,actor_logits,2,1,4,7.490946,-10.609260,3.140971,0.172535,0.958551,-6.290099,4.349975,7.490946,-10.609260,,,,
9,300,300.000000,agent_0,actor_logits,1,1,4,7.703519,-11.225326,3.905307,0.097034,0.980261,-5.844258,7.703519,3.798213,-11.225326,,,,
9,300,300.000000,agent_1,actor_logits,1,1,4,7.703520,-11.225327,3.905308,0.097034,0.980261,-5.844258,7.703520,3.798212,-11.225327,,,,
9,300,300.000000,agent_2,actor_logits,1,1,4,7.703520,-11.225327,3.905307,0.097034,0.980261,-5.844258,7.703520,3.798213,-11.225327,,,,
9,300,300.000000,agent_3,actor_logits,1,1,4,7.703519,-11.225327,3.905308,0.097034,0.980261,-5.844258,7.703519,3.798212,-11.225327,,,,
9,300,300.000000,agent_4,actor_logits,1,1,4,7.703519,-11.225327,3.905308,0.097034,0.980261,-5.844258,7.703519,3.798212,-11.225327,,,,
9,300,300.000000,agent_5,actor_logits,1,1,4,7.703520,-11.225327,3.905308,0.097034,0.980261,-5.844258,7.703520,3.798212,-11.225327,,,,
9,302,302.000000,agent_0,actor_logits,1,1,4,5.572497,-6.318323,4.639821,0.073065,0.987675,-0.301080,5.572497,-6.318323,0.932677,,,,
9,302,302.000000,agent_1,actor_logits,1,1,4,5.572497,-6.318322,4.639821,0.073065,0.987675,-0.301080,5.572497,-6.318322,0.932677,,,,
9,302,302.000000,agent_2,actor_logits,1,1,4,5.572497,-6.318322,4.639820,0.073065,0.987675,-0.301080,5.572497,-6.318322,0.932677,,,,
9,302,302.000000,agent_3,actor_logits,1,1,4,5.572497,-6.318323,4.639820,0.073065,0.987675,-0.301079,5.572497,-6.318323,0.932677,,,,
9,302,302.000000,agent_4,actor_logits,1,1,4,5.572497,-6.318323,4.639820,0.073065,0.987675,-0.301079,5.572497,-6.318323,0.932677,,,,
9,302,302.000000,agent_5,actor_logits,1,1,4,5.572497,-6.318323,4.639821,0.073065,0.987675,-0.301080,5.572497,-6.318323,0.932677,,,,
9,304,304.000000,agent_0,actor_logits,3,1,4,4.264954,-9.336792,1.240572,0.905493,0.637945,2.985948,3.024382,-9.336792,4.264954,,,,
9,304,304.000000,agent_1,actor_logits,3,1,4,4.264955,-9.336792,1.240573,0.905492,0.637945,2.985947,3.024382,-9.336792,4.264955,,,,
9,304,304.000000,agent_2,actor_logits,3,1,4,4.264955,-9.336793,1.240573,0.905492,0.637945,2.985947,3.024382,-9.336793,4.264955,,,,
9,304,304.000000,agent_3,actor_logits,3,1,4,4.264955,-9.336793,1.240573,0.905492,0.637945,2.985948,3.024381,-9.336793,4.264955,,,,
9,304,304.000000,agent_4,actor_logits,3,1,4,4.264955,-9.336793,1.240573,0.905492,0.637945,2.985947,3.024382,-9.336793,4.264955,,,,
9,304,304.000000,agent_5,actor_logits,3,1,4,4.264955,-9.336791,1.240572,0.905493,0.637945,2.985947,3.024382,-9.336791,4.264955,,,,
9,306,306.000000,agent_0,actor_logits,1,1,4,5.025055,-3.212208,4.412902,0.069842,0.987490,-3.212208,5.025055,-3.143416,0.612153,,,,
9,306,306.000000,agent_1,actor_logits,1,1,4,5.025056,-3.212208,4.412903,0.069842,0.987490,-3.212208,5.025056,-3.143417,0.612154,,,,
9,306,306.000000,agent_2,actor_logits,1,1,4,5.025056,-3.212208,4.412903,0.069842,0.987490,-3.212208,5.025056,-3.143416,0.612153,,,,
9,306,306.000000,agent_3,actor_logits,1,1,4,5.025056,-3.212208,4.412903,0.069842,0.987490,-3.212208,5.025056,-3.143417,0.612153,,,,
9,306,306.000000,agent_4,actor_logits,1,1,4,5.025056,-3.212208,4.412904,0.069842,0.987490,-3.212208,5.025056,-3.143416,0.612153,,,,
9,306,306.000000,agent_5,actor_logits,1,1,4,5.025056,-3.212208,4.412903,0.069842,0.987490,-3.212208,5.025056,-3.143417,0.612153,,,,
9,308,308.000000,agent_0,actor_logits,1,1,4,6.299567,-10.779920,3.521078,0.187949,0.960913,2.778490,6.299567,-10.779920,1.799568,,,,
9,308,308.000000,agent_1,actor_logits,1,1,4,6.299567,-10.779919,3.521079,0.187948,0.960913,2.778488,6.299567,-10.779919,1.799568,,,,
9,308,308.000000,agent_2,actor_logits,1,1,4,6.299568,-10.779919,3.521079,0.187948,0.960913,2.778489,6.299568,-10.779919,1.799568,,,,
9,308,308.000000,agent_3,actor_logits,1,1,4,6.299568,-10.779920,3.521078,0.187949,0.960913,2.778490,6.299568,-10.779920,1.799567,,,,
9,308,308.000000,agent_4,actor_logits,1,1,4,6.299567,-10.779919,3.521077,0.187949,0.960913,2.778490,6.299567,-10.779919,1.799568,,,,
9,308,308.000000,agent_5,actor_logits,1,1,4,6.299567,-10.779920,3.521077,0.187949,0.960913,2.778490,6.299567,-10.779920,1.799568,,,,
9,310,310.000000,agent_0,actor_logits,1,1,4,6.501554,-9.698592,3.708869,0.120085,0.975195,2.792685,6.501554,-9.698592,-0.478274,,,,
9,310,310.000000,agent_1,actor_logits,1,1,4,6.501554,-9.698592,3.708870,0.120085,0.975195,2.792684,6.501554,-9.698592,-0.478274,,,,
9,310,310.000000,agent_2,actor_logits,1,1,4,6.501554,-9.698591,3.708870,0.120085,0.975195,2.792684,6.501554,-9.698591,-0.478274,,,,
9,310,310.000000,agent_3,actor_logits,1,1,4,6.501554,-9.698593,3.708869,0.120085,0.975195,2.792686,6.501554,-9.698593,-0.478274,,,,
9,310,310.000000,agent_4,actor_logits,1,1,4,6.501553,-9.698592,3.708868,0.120085,0.975195,2.792686,6.501553,-9.698592,-0.478274,,,,
9,310,310.000000,agent_5,actor_logits,1,1,4,6.501554,-9.698592,3.708868,0.120085,0.975195,2.792686,6.501554,-9.698592,-0.478274,,,,
9,312,312.000000,agent_0,actor_logits,0,1,4,4.231596,-4.580299,0.662340,0.648887,0.659113,4.231596,-2.341527,-4.580299,3.569256,,,,
9,312,312.000000,agent_1,actor_logits,0,1,4,4.231596,-4.580300,0.662340,0.648887,0.659113,4.231596,-2.341527,-4.580300,3.569256,,,,
9,312,312.000000,agent_2,actor_logits,0,1,4,4.231595,-4.580299,0.662339,0.648887,0.659113,4.231595,-2.341526,-4.580299,3.569256,,,,
9,312,312.000000,agent_3,actor_logits,0,1,4,4.231597,-4.580299,0.662342,0.648887,0.659114,4.231597,-2.341527,-4.580299,3.569256,,,,
9,312,312.000000,agent_4,actor_logits,0,1,4,4.231597,-4.580299,0.662341,0.648887,0.659114,4.231597,-2.341527,-4.580299,3.569256,,,,
9,312,312.000000,agent_5,actor_logits,0,1,4,4.231596,-4.580299,0.662341,0.648887,0.659114,4.231596,-2.341527,-4.580299,3.569256,,,,
9,314,314.000000,agent_0,actor_logits,3,1,4,5.403740,-12.733597,0.301225,0.887825,0.534513,3.370794,-12.733597,5.102516,5.403740,,,,
9,314,314.000000,agent_1,actor_logits,3,1,4,5.403739,-12.733599,0.301224,0.887825,0.534513,3.370795,-12.733599,5.102516,5.403739,,,,
9,314,314.000000,agent_2,actor_logits,3,1,4,5.403739,-12.733597,0.301224,0.887825,0.534513,3.370794,-12.733597,5.102516,5.403739,,,,
9,314,314.000000,agent_3,actor_logits,3,1,4,5.403739,-12.733597,0.301224,0.887825,0.534513,3.370795,-12.733597,5.102515,5.403739,,,,
9,314,314.000000,agent_4,actor_logits,3,1,4,5.403739,-12.733597,0.301224,0.887825,0.534513,3.370794,-12.733597,5.102516,5.403739,,,,
9,314,314.000000,agent_5,actor_logits,3,1,4,5.403739,-12.733597,0.301224,0.887825,0.534513,3.370794,-12.733597,5.102515,5.403739,,,,
9,316,316.000000,agent_0,actor_logits,0,1,4,4.952983,-7.630099,2.668669,0.363107,0.908408,4.952983,1.494565,-7.630099,2.284314,,,,
9,316,316.000000,agent_1,actor_logits,0,1,4,4.952984,-7.630101,2.668672,0.363106,0.908408,4.952984,1.494564,-7.630101,2.284312,,,,
9,316,316.000000,agent_2,actor_logits,0,1,4,4.952984,-7.630101,2.668671,0.363106,0.908408,4.952984,1.494564,-7.630101,2.284313,,,,
9,316,316.000000,agent_3,actor_logits,0,1,4,4.952984,-7.630100,2.668671,0.363106,0.908408,4.952984,1.494564,-7.630100,2.284313,,,,
9,316,316.000000,agent_4,actor_logits,0,1,4,4.952984,-7.630101,2.668670,0.363106,0.908408,4.952984,1.494565,-7.630101,2.284313,,,,
9,316,316.000000,agent_5,actor_logits,0,1,4,4.952984,-7.630101,2.668671,0.363106,0.908408,4.952984,1.494564,-7.630101,2.284313,,,,
9,318,318.000000,agent_0,actor_logits,0,1,4,4.947454,-10.942211,0.080144,0.723855,0.517024,4.947454,-10.942211,4.867310,0.452253,,,,
9,318,318.000000,agent_1,actor_logits,0,1,4,4.947454,-10.942211,0.080144,0.723855,0.517024,4.947454,-10.942211,4.867311,0.452252,,,,
9,318,318.000000,agent_2,actor_logits,0,1,4,4.947455,-10.942212,0.080145,0.723855,0.517024,4.947455,-10.942212,4.867310,0.452252,,,,
9,318,318.000000,agent_3,actor_logits,0,1,4,4.947454,-10.942211,0.080144,0.723855,0.517024,4.947454,-10.942211,4.867310,0.452253,,,,
9,318,318.000000,agent_4,actor_logits,0,1,4,4.947454,-10.942211,0.080143,0.723855,0.517024,4.947454,-10.942211,4.867311,0.452253,,,,
9,318,318.000000,agent_5,actor_logits,0,1,4,4.947455,-10.942211,0.080145,0.723855,0.517024,4.947455,-10.942211,4.867310,0.452252,,,,
9,320,320.000000,agent_0,actor_logits,0,1,4,4.692639,-8.039310,0.131684,0.719107,0.530199,4.692639,0.032153,-8.039310,4.560955,,,,
9,320,320.000000,agent_1,actor_logits,0,1,4,4.692640,-8.039310,0.131684,0.719106,0.530199,4.692640,0.032152,-8.039310,4.560956,,,,
9,320,320.000000,agent_2,actor_logits,0,1,4,4.692640,-8.039310,0.131685,0.719107,0.530200,4.692640,0.032153,-8.039310,4.560955,,,,
9,320,320.000000,agent_3,actor_logits,0,1,4,4.692638,-8.039310,0.131683,0.719107,0.530199,4.692638,0.032153,-8.039310,4.560955,,,,
9,320,320.000000,agent_4,actor_logits,0,1,4,4.692639,-8.039310,0.131684,0.719107,0.530199,4.692639,0.032153,-8.039310,4.560956,,,,
9,320,320.000000,agent_5,actor_logits,0,1,4,4.692639,-8.039310,0.131685,0.719107,0.530200,4.692639,0.032153,-8.039310,4.560955,,,,
9,322,322.000000,agent_0,actor_logits,0,1,4,13.649858,-7.730071,12.001539,0.000080,0.999994,13.649858,-7.730071,-7.310847,1.648319,,,,
9,322,322.000000,agent_1,actor_logits,0,1,4,13.649858,-7.730071,12.001539,0.000080,0.999994,13.649858,-7.730071,-7.310846,1.648319,,,,
9,322,322.000000,agent_2,actor_logits,0,1,4,13.649858,-7.730070,12.001540,0.000080,0.999994,13.649858,-7.730070,-7.310846,1.648319,,,,
9,322,322.000000,agent_3,actor_logits,0,1,4,13.649858,-7.730071,12.001538,0.000080,0.999994,13.649858,-7.730071,-7.310846,1.648320,,,,
9,322,322.000000,agent_4,actor_logits,0,1,4,13.649858,-7.730072,12.001539,0.000080,0.999994,13.649858,-7.730072,-7.310846,1.648320,,,,
9,322,322.000000,agent_5,actor_logits,0,1,4,13.649858,-7.730071,12.001539,0.000080,0.999994,13.649858,-7.730071,-7.310846,1.648319,,,,
9,324,324.000000,agent_0,actor_logits,1,1,4,2.077602,-2.911642,2.964076,0.397061,0.905382,-0.886475,2.077602,-0.999627,-2.911642,,,,
9,324,324.000000,agent_1,actor_logits,1,1,4,2.077601,-2.911643,2.964076,0.397061,0.905382,-0.886475,2.077601,-0.999627,-2.911643,,,,
9,324,324.000000,agent_2,actor_logits,1,1,4,2.077602,-2.911642,2.964077,0.397061,0.905382,-0.886475,2.077602,-0.999627,-2.911642,,,,
9,324,324.000000,agent_3,actor_logits,1,1,4,2.077602,-2.911642,2.964078,0.397061,0.905382,-0.886476,2.077602,-0.999627,-2.911642,,,,
9,324,324.000000,agent_4,actor_logits,1,1,4,2.077601,-2.911642,2.964076,0.397061,0.905382,-0.886475,2.077601,-0.999627,-2.911642,,,,
9,324,324.000000,agent_5,actor_logits,1,1,4,2.077601,-2.911643,2.964076,0.397061,0.905382,-0.886475,2.077601,-0.999627,-2.911643,,,,
9,326,326.000000,agent_0,actor_logits,0,1,3,8.042435,-13.257819,6.719634,0.009307,0.998794,8.042435,1.322801,-13.257819,,,,,
9,326,326.000000,agent_1,actor_logits,0,1,3,8.042435,-13.257819,6.719634,0.009307,0.998794,8.042435,1.322801,-13.257819,,,,,
9,326,326.000000,agent_2,actor_logits,0,1,3,8.042434,-13.257819,6.719633,0.009307,0.998794,8.042434,1.322801,-13.257819,,,,,
9,326,326.000000,agent_3,actor_logits,0,1,3,8.042434,-13.257819,6.719633,0.009307,0.998794,8.042434,1.322800,-13.257819,,,,,
9,326,326.000000,agent_4,actor_logits,0,1,3,8.042435,-13.257819,6.719635,0.009307,0.998794,8.042435,1.322800,-13.257819,,,,,
9,326,326.000000,agent_5,actor_logits,0,1,3,8.042435,-13.257819,6.719635,0.009307,0.998794,8.042435,1.322800,-13.257819,,,,,
9,328,328.000000,agent_0,actor_logits,0,1,2,-4.052485,-9.708155,5.655670,0.023204,0.996515,-4.052485,-9.708155,,,,,,
9,328,328.000000,agent_1,actor_logits,0,1,2,-4.052485,-9.708153,5.655668,0.023204,0.996515,-4.052485,-9.708153,,,,,,
9,328,328.000000,agent_2,actor_logits,0,1,2,-4.052485,-9.708155,5.655670,0.023204,0.996515,-4.052485,-9.708155,,,,,,
9,328,328.000000,agent_3,actor_logits,0,1,2,-4.052485,-9.708155,5.655670,0.023204,0.996515,-4.052485,-9.708155,,,,,,
9,328,328.000000,agent_4,actor_logits,0,1,2,-4.052485,-9.708153,5.655668,0.023204,0.996515,-4.052485,-9.708153,,,,,,
9,328,328.000000,agent_5,actor_logits,0,1,2,-4.052484,-9.708155,5.655671,0.023204,0.996515,-4.052484,-9.708155,,,,,,
9,330,330.000000,agent_0,actor_logits,1,1,3,5.840337,-6.666129,11.746006,0.000151,0.999988,-5.905668,5.840337,-6.666129,,,,,
9,330,330.000000,agent_1,actor_logits,1,1,3,5.840337,-6.666128,11.746006,0.000151,0.999988,-5.905669,5.840337,-6.666128,,,,,
9,330,330.000000,agent_2,actor_logits,1,1,3,5.840337,-6.666127,11.746006,0.000151,0.999988,-5.905669,5.840337,-6.666127,,,,,
9,330,330.000000,agent_3,actor_logits,1,1,3,5.840337,-6.666128,11.746006,0.000151,0.999988,-5.905669,5.840337,-6.666128,,,,,
9,330,330.000000,agent_4,actor_logits,1,1,3,5.840337,-6.666127,11.746006,0.000151,0.999988,-5.905669,5.840337,-6.666127,,,,,
9,330,330.000000,agent_5,actor_logits,1,1,3,5.840337,-6.666128,11.746006,0.000151,0.999988,-5.905668,5.840337,-6.666128,,,,,
9,332,332.000000,agent_0,actor_logits,1,1,3,9.236054,-19.839357,11.197874,0.000167,0.999986,-19.839357,9.236054,-1.961820,,,,,
9,332,332.000000,agent_1,actor_logits,1,1,3,9.236054,-19.839357,11.197874,0.000167,0.999986,-19.839357,9.236054,-1.961820,,,,,
9,332,332.000000,agent_2,actor_logits,1,1,3,9.236053,-19.839357,11.197873,0.000167,0.999986,-19.839357,9.236053,-1.961819,,,,,
9,332,332.000000,agent_3,actor_logits,1,1,3,9.236054,-19.839357,11.197874,0.000167,0.999986,-19.839357,9.236054,-1.961820,,,,,
9,332,332.000000,agent_4,actor_logits,1,1,3,9.236053,-19.839357,11.197873,0.000167,0.999986,-19.839357,9.236053,-1.961820,,,,,
9,332,332.000000,agent_5,actor_logits,1,1,3,9.236054,-19.839357,11.197874,0.000167,0.999986,-19.839357,9.236054,-1.961820,,,,,
9,334,334.000000,agent_0,actor_logits,1,1,3,6.791646,-21.520403,3.516781,0.130681,0.971161,-21.520403,6.791646,3.274865,,,,,
9,334,334.000000,agent_1,actor_logits,1,1,3,6.791646,-21.520401,3.516780,0.130681,0.971161,-21.520401,6.791646,3.274866,,,,,
9,334,334.000000,agent_2,actor_logits,1,1,3,6.791645,-21.520401,3.516778,0.130682,0.971161,-21.520401,6.791645,3.274867,,,,,
9,334,334.000000,agent_3,actor_logits,1,1,3,6.791646,-21.520401,3.516781,0.130681,0.971161,-21.520401,6.791646,3.274865,,,,,
9,334,334.000000,agent_4,actor_logits,1,1,3,6.791646,-21.520401,3.516780,0.130681,0.971161,-21.520401,6.791646,3.274866,,,,,
9,334,334.000000,agent_5,actor_logits,1,1,3,6.791646,-21.520403,3.516780,0.130681,0.971161,-21.520403,6.791646,3.274866,,,,,
9,336,336.000000,agent_0,actor_logits,2,1,3,6.396626,-21.244081,1.780329,0.412626,0.855738,-21.244081,4.616298,6.396626,,,,,
9,336,336.000000,agent_1,actor_logits,2,1,3,6.396627,-21.244081,1.780330,0.412626,0.855738,-21.244081,4.616297,6.396627,,,,,
9,336,336.000000,agent_2,actor_logits,2,1,3,6.396628,-21.244081,1.780332,0.412626,0.855738,-21.244081,4.616296,6.396628,,,,,
9,336,336.000000,agent_3,actor_logits,2,1,3,6.396627,-21.244081,1.780330,0.412626,0.855738,-21.244081,4.616297,6.396627,,,,,
9,336,336.000000,agent_4,actor_logits,2,1,3,6.396627,-21.244081,1.780330,0.412626,0.855738,-21.244081,4.616297,6.396627,,,,,
9,336,336.000000,agent_5,actor_logits,2,1,3,6.396627,-21.244081,1.780331,0.412626,0.855738,-21.244081,4.616297,6.396627,,,,,
9,338,338.000000,agent_0,actor_logits,3,1,4,11.239626,-16.333052,5.839446,0.023189,0.996723,-16.333052,3.358164,5.400180,11.239626,,,,
9,338,338.000000,agent_1,actor_logits,3,1,4,11.239626,-16.333052,5.839446,0.023189,0.996723,-16.333052,3.358164,5.400180,11.239626,,,,
9,338,338.000000,agent_2,actor_logits,3,1,4,11.239627,-16.333052,5.839446,0.023189,0.996723,-16.333052,3.358163,5.400181,11.239627,,,,
9,338,338.000000,agent_3,actor_logits,3,1,4,11.239626,-16.333052,5.839446,0.023189,0.996723,-16.333052,3.358163,5.400180,11.239626,,,,
9,338,338.000000,agent_4,actor_logits,3,1,4,11.239626,-16.333052,5.839446,0.023189,0.996723,-16.333052,3.358164,5.400180,11.239626,,,,
9,338,338.000000,agent_5,actor_logits,3,1,4,11.239626,-16.333052,5.839446,0.023189,0.996723,-16.333052,3.358164,5.400180,11.239626,,,,
9,340,340.000000,agent_0,actor_logits,3,1,4,7.025106,-2.878116,7.672554,0.007474,0.999165,-2.878116,-0.647448,-1.020757,7.025106,,,,
9,340,340.000000,agent_1,actor_logits,3,1,4,7.025107,-2.878116,7.672555,0.007474,0.999165,-2.878116,-0.647449,-1.020757,7.025107,,,,
9,340,340.000000,agent_2,actor_logits,3,1,4,7.025107,-2.878116,7.672556,0.007474,0.999165,-2.878116,-0.647449,-1.020757,7.025107,,,,
9,340,340.000000,agent_3,actor_logits,3,1,4,7.025106,-2.878115,7.672554,0.007474,0.999165,-2.878115,-0.647448,-1.020757,7.025106,,,,
9,340,340.000000,agent_4,actor_logits,3,1,4,7.025106,-2.878116,7.672554,0.007474,0.999165,-2.878116,-0.647448,-1.020757,7.025106,,,,
9,340,340.000000,agent_5,actor_logits,3,1,4,7.025106,-2.878115,7.672555,0.007474,0.999165,-2.878115,-0.647449,-1.020758,7.025106,,,,
9,342,342.000000,agent_0,actor_logits,1,1,4,6.334859,-2.987897,8.214787,0.005113,0.999464,-1.879927,6.334859,-2.987897,-2.309136,,,,
9,342,342.000000,agent_1,actor_logits,1,1,4,6.334858,-2.987897,8.214786,0.005113,0.999464,-1.879927,6.334858,-2.987897,-2.309137,,,,
9,342,342.000000,agent_2,actor_logits,1,1,4,6.334858,-2.987897,8.214785,0.005113,0.999464,-1.879927,6.334858,-2.987897,-2.309136,,,,
9,342,342.000000,agent_3,actor_logits,1,1,4,6.334858,-2.987898,8.214786,0.005113,0.999464,-1.879928,6.334858,-2.987898,-2.309136,,,,
9,342,342.000000,agent_4,actor_logits,1,1,4,6.334858,-2.987897,8.214786,0.005113,0.999464,-1.879927,6.334858,-2.987897,-2.309137,,,,
9,342,342.000000,agent_5,actor_logits,1,1,4,6.334858,-2.987897,8.214786,0.005113,0.999464,-1.879927,6.334858,-2.987897,-2.309137,,,,
9,344,344.000000,agent_0,actor_logits,0,1,4,12.519753,-13.113924,8.528679,0.001889,0.999802,12.519753,-13.113924,-2.342014,3.991074,,,,
9,344,344.000000,agent_1,actor_logits,0,1,4,12.519753,-13.113924,8.528679,0.001889,0.999802,12.519753,-13.113924,-2.342014,3.991075,,,,
9,344,344.000000,agent_2,actor_logits,0,1,4,12.519753,-13.113924,8.528679,0.001889,0.999802,12.519753,-13.113924,-2.342014,3.991074,,,,
9,344,344.000000,agent_3,actor_logits,0,1,4,12.519753,-13.113924,8.528679,0.001889,0.999802,12.519753,-13.113924,-2.342014,3.991075,,,,
9,344,344.000000,agent_4,actor_logits,0,1,4,12.519753,-13.113924,8.528679,0.001889,0.999802,12.519753,-13.113924,-2.342014,3.991074,,,,
9,344,344.000000,agent_5,actor_logits,0,1,4,12.519754,-13.113925,8.528680,0.001889,0.999802,12.519754,-13.113925,-2.342014,3.991075,,,,
9,346,346.000000,agent_0,actor_logits,0,1,4,14.087612,-16.712410,8.516495,0.001910,0.999800,14.087612,-16.712410,-0.656640,5.571117,,,,
9,346,346.000000,agent_1,actor_logits,0,1,4,14.087611,-16.712410,8.516495,0.001910,0.999800,14.087611,-16.712410,-0.656639,5.571117,,,,
9,346,346.000000,agent_2,actor_logits,0,1,4,14.087611,-16.712410,8.516494,0.001910,0.999800,14.087611,-16.712410,-0.656640,5.571117,,,,
9,346,346.000000,agent_3,actor_logits,0,1,4,14.087612,-16.712410,8.516495,0.001910,0.999800,14.087612,-16.712410,-0.656640,5.571117,,,,
9,346,346.000000,agent_4,actor_logits,0,1,4,14.087612,-16.712410,8.516496,0.001910,0.999800,14.087612,-16.712410,-0.656640,5.571116,,,,
9,346,346.000000,agent_5,actor_logits,0,1,4,14.087612,-16.712410,8.516495,0.001910,0.999800,14.087612,-16.712410,-0.656639,5.571117,,,,
9,348,348.000000,agent_0,actor_logits,3,1,4,3.136129,-5.334543,0.778988,0.697955,0.674024,-5.334543,-0.571033,2.357141,3.136129,,,,
9,348,348.000000,agent_1,actor_logits,3,1,4,3.136129,-5.334544,0.778988,0.697955,0.674024,-5.334544,-0.571033,2.357141,3.136129,,,,
9,348,348.000000,agent_2,actor_logits,3,1,4,3.136130,-5.334543,0.778989,0.697955,0.674024,-5.334543,-0.571033,2.357141,3.136130,,,,
9,348,348.000000,agent_3,actor_logits,3,1,4,3.136129,-5.334543,0.778989,0.697955,0.674024,-5.334543,-0.571032,2.357141,3.136129,,,,
9,348,348.000000,agent_4,actor_logits,3,1,4,3.136129,-5.334543,0.778988,0.697955,0.674024,-5.334543,-0.571033,2.357141,3.136129,,,,
9,348,348.000000,agent_5,actor_logits,3,1,4,3.136129,-5.334543,0.778987,0.697955,0.674024,-5.334543,-0.571033,2.357141,3.136129,,,,
9,350,350.000000,agent_0,actor_logits,0,1,4,9.427437,-9.174901,5.934006,0.018387,0.997354,9.427437,-9.174901,-2.690722,3.493431,,,,
9,350,350.000000,agent_1,actor_logits,0,1,4,9.427437,-9.174902,5.934006,0.018387,0.997354,9.427437,-9.174902,-2.690721,3.493431,,,,
9,350,350.000000,agent_2,actor_logits,0,1,4,9.427437,-9.174902,5.934005,0.018387,0.997354,9.427437,-9.174902,-2.690722,3.493432,,,,
9,350,350.000000,agent_3,actor_logits,0,1,4,9.427437,-9.174901,5.934005,0.018387,0.997354,9.427437,-9.174901,-2.690722,3.493432,,,,
9,350,350.000000,agent_4,actor_logits,0,1,4,9.427437,-9.174900,5.934005,0.018387,0.997354,9.427437,-9.174900,-2.690722,3.493432,,,,
9,350,350.000000,agent_5,actor_logits,0,1,4,9.427437,-9.174902,5.934005,0.018387,0.997354,9.427437,-9.174902,-2.690722,3.493432,,,,
9,352,352.000000,agent_0,actor_logits,1,1,4,1.301066,-2.118516,0.447597,0.960785,0.553675,-2.118516,1.301066,-0.707171,0.853469,,,,
9,352,352.000000,agent_1,actor_logits,1,1,4,1.301066,-2.118515,0.447597,0.960785,0.553675,-2.118515,1.301066,-0.707171,0.853469,,,,
9,352,352.000000,agent_2,actor_logits,1,1,4,1.301066,-2.118516,0.447597,0.960785,0.553675,-2.118516,1.301066,-0.707170,0.853469,,,,
9,352,352.000000,agent_3,actor_logits,1,1,4,1.301065,-2.118515,0.447596,0.960785,0.553675,-2.118515,1.301065,-0.707171,0.853469,,,,
9,352,352.000000,agent_4,actor_logits,1,1,4,1.301065,-2.118516,0.447596,0.960785,0.553675,-2.118516,1.301065,-0.707171,0.853469,,,,
9,352,352.000000,agent_5,actor_logits,1,1,4,1.301065,-2.118515,0.447596,0.960785,0.553675,-2.118515,1.301065,-0.707171,0.853469,,,,
9,354,354.000000,agent_0,actor_logits,3,1,4,3.574065,-5.472227,1.561278,0.611702,0.793410,2.012787,0.586253,-5.472227,3.574065,,,,
9,354,354.000000,agent_1,actor_logits,3,1,4,3.574064,-5.472227,1.561276,0.611702,0.793409,2.012787,0.586253,-5.472227,3.574064,,,,
9,354,354.000000,agent_2,actor_logits,3,1,4,3.574064,-5.472228,1.561277,0.611702,0.793409,2.012787,0.586253,-5.472228,3.574064,,,,
9,354,354.000000,agent_3,actor_logits,3,1,4,3.574064,-5.472228,1.561277,0.611702,0.793409,2.012787,0.586253,-5.472228,3.574064,,,,
9,354,354.000000,agent_4,actor_logits,3,1,4,3.574065,-5.472227,1.561279,0.611702,0.793410,2.012786,0.586253,-5.472227,3.574065,,,,
9,354,354.000000,agent_5,actor_logits,3,1,4,3.574064,-5.472228,1.561277,0.611702,0.793409,2.012787,0.586253,-5.472228,3.574064,,,,
9,356,356.000000,agent_0,actor_logits,0,1,4,9.700251,-6.629757,7.237112,0.005929,0.999281,9.700251,-6.629757,-5.024869,2.463139,,,,
9,356,356.000000,agent_1,actor_logits,0,1,4,9.700250,-6.629757,7.237111,0.005929,0.999281,9.700250,-6.629757,-5.024868,2.463139,,,,
9,356,356.000000,agent_2,actor_logits,0,1,4,9.700249,-6.629756,7.237110,0.005929,0.999281,9.700249,-6.629756,-5.024868,2.463139,,,,
9,356,356.000000,agent_3,actor_logits,0,1,4,9.700250,-6.629756,7.237111,0.005929,0.999281,9.700250,-6.629756,-5.024869,2.463139,,,,
9,356,356.000000,agent_4,actor_logits,0,1,4,9.700249,-6.629757,7.237110,0.005929,0.999281,9.700249,-6.629757,-5.024868,2.463139,,,,
9,356,356.000000,agent_5,actor_logits,0,1,4,9.700249,-6.629756,7.237110,0.005929,0.999281,9.700249,-6.629756,-5.024869,2.463139,,,,
9,358,358.000000,agent_0,actor_logits,1,1,4,3.405477,-3.538006,2.392558,0.302922,0.914442,1.012919,3.405477,-3.538006,-3.317748,,,,
9,358,358.000000,agent_1,actor_logits,1,1,4,3.405477,-3.538006,2.392558,0.302922,0.914442,1.012919,3.405477,-3.538006,-3.317747,,,,
9,358,358.000000,agent_2,actor_logits,1,1,4,3.405477,-3.538006,2.392558,0.302922,0.914442,1.012919,3.405477,-3.538006,-3.317747,,,,
9,358,358.000000,agent_3,actor_logits,1,1,4,3.405477,-3.538006,2.392558,0.302922,0.914442,1.012919,3.405477,-3.538006,-3.317747,,,,
9,358,358.000000,agent_4,actor_logits,1,1,4,3.405477,-3.538006,2.392558,0.302922,0.914442,1.012919,3.405477,-3.538006,-3.317748,,,,
9,358,358.000000,agent_5,actor_logits,1,1,4,3.405477,-3.538006,2.392558,0.302922,0.914442,1.012919,3.405477,-3.538006,-3.317748,,,,
9,360,360.000000,agent_0,actor_logits,0,1,4,6.913328,-10.533364,3.812434,0.116209,0.976785,6.913328,0.519596,-10.533364,3.100894,,,,
9,360,360.000000,agent_1,actor_logits,0,1,4,6.913328,-10.533364,3.812434,0.116209,0.976785,6.913328,0.519595,-10.533364,3.100894,,,,
9,360,360.000000,agent_2,actor_logits,0,1,4,6.913329,-10.533364,3.812434,0.116209,0.976785,6.913329,0.519595,-10.533364,3.100895,,,,
9,360,360.000000,agent_3,actor_logits,0,1,4,6.913328,-10.533364,3.812433,0.116209,0.976785,6.913328,0.519595,-10.533364,3.100895,,,,
9,360,360.000000,agent_4,actor_logits,0,1,4,6.913329,-10.533364,3.812434,0.116209,0.976785,6.913329,0.519594,-10.533364,3.100894,,,,
9,360,360.000000,agent_5,actor_logits,0,1,4,6.913329,-10.533365,3.812434,0.116209,0.976785,6.913329,0.519595,-10.533365,3.100895,,,,
9,362,362.000000,agent_0,actor_logits,0,1,3,10.138752,-16.583479,8.755445,0.001537,0.999842,10.138752,1.383307,-16.583479,,,,,
9,362,362.000000,agent_1,actor_logits,0,1,3,10.138752,-16.583479,8.755445,0.001537,0.999842,10.138752,1.383307,-16.583479,,,,,
9,362,362.000000,agent_2,actor_logits,0,1,3,10.138751,-16.583479,8.755444,0.001537,0.999842,10.138751,1.383307,-16.583479,,,,,
9,362,362.000000,agent_3,actor_logits,0,1,3,10.138751,-16.583479,8.755444,0.001537,0.999842,10.138751,1.383308,-16.583479,,,,,
9,362,362.000000,agent_4,actor_logits,0,1,3,10.138751,-16.583479,8.755444,0.001537,0.999842,10.138751,1.383307,-16.583479,,,,,
9,362,362.000000,agent_5,actor_logits,0,1,3,10.138751,-16.583479,8.755444,0.001537,0.999842,10.138751,1.383307,-16.583479,,,,,
9,364,364.000000,agent_0,actor_logits,0,1,2,-6.346082,-9.590167,3.244085,0.160046,0.962460,-6.346082,-9.590167,,,,,,
9,364,364.000000,agent_1,actor_logits,0,1,2,-6.346083,-9.590167,3.244084,0.160046,0.962460,-6.346083,-9.590167,,,,,,
9,364,364.000000,agent_2,actor_logits,0,1,2,-6.346083,-9.590167,3.244084,0.160046,0.962460,-6.346083,-9.590167,,,,,,
9,364,364.000000,agent_3,actor_logits,0,1,2,-6.346083,-9.590168,3.244085,0.160046,0.962460,-6.346083,-9.590168,,,,,,
9,364,364.000000,agent_4,actor_logits,0,1,2,-6.346083,-9.590167,3.244084,0.160046,0.962460,-6.346083,-9.590167,,,,,,
9,364,364.000000,agent_5,actor_logits,0,1,2,-6.346082,-9.590167,3.244085,0.160046,0.962460,-6.346082,-9.590167,,,,,,
9,366,366.000000,agent_0,actor_logits,1,1,3,2.937214,-6.042305,7.197541,0.007386,0.999126,-4.260327,2.937214,-6.042305,,,,,
9,366,366.000000,agent_1,actor_logits,1,1,3,2.937214,-6.042305,7.197542,0.007386,0.999126,-4.260328,2.937214,-6.042305,,,,,
9,366,366.000000,agent_2,actor_logits,1,1,3,2.937214,-6.042305,7.197541,0.007386,0.999126,-4.260327,2.937214,-6.042305,,,,,
9,366,366.000000,agent_3,actor_logits,1,1,3,2.937214,-6.042306,7.197540,0.007386,0.999126,-4.260326,2.937214,-6.042306,,,,,
9,366,366.000000,agent_4,actor_logits,1,1,3,2.937214,-6.042305,7.197542,0.007386,0.999126,-4.260328,2.937214,-6.042305,,,,,
9,366,366.000000,agent_5,actor_logits,1,1,3,2.937215,-6.042306,7.197542,0.007386,0.999126,-4.260328,2.937215,-6.042306,,,,,
9,368,368.000000,agent_0,actor_logits,1,1,3,7.738688,-15.840570,11.706860,0.000105,0.999992,-15.840570,7.738688,-3.968172,,,,,
9,368,368.000000,agent_1,actor_logits,1,1,3,7.738687,-15.840571,11.706859,0.000105,0.999992,-15.840571,7.738687,-3.968172,,,,,
9,368,368.000000,agent_2,actor_logits,1,1,3,7.738687,-15.840570,11.706859,0.000105,0.999992,-15.840570,7.738687,-3.968171,,,,,
9,368,368.000000,agent_3,actor_logits,1,1,3,7.738688,-15.840570,11.706861,0.000105,0.999992,-15.840570,7.738688,-3.968173,,,,,
9,368,368.000000,agent_4,actor_logits,1,1,3,7.738688,-15.840571,11.706860,0.000105,0.999992,-15.840571,7.738688,-3.968172,,,,,
9,368,368.000000,agent_5,actor_logits,1,1,3,7.738688,-15.840571,11.706860,0.000105,0.999992,-15.840571,7.738688,-3.968171,,,,,
9,370,370.000000,agent_0,actor_logits,1,1,3,7.262914,-20.635607,7.344644,0.005388,0.999354,-20.635607,7.262914,-0.081730,,,,,
9,370,370.000000,agent_1,actor_logits,1,1,3,7.262914,-20.635607,7.344643,0.005388,0.999354,-20.635607,7.262914,-0.081730,,,,,
9,370,370.000000,agent_2,actor_logits,1,1,3,7.262914,-20.635607,7.344643,0.005388,0.999354,-20.635607,7.262914,-0.081729,,,,,
9,370,370.000000,agent_3,actor_logits,1,1,3,7.262914,-20.635605,7.344645,0.005388,0.999354,-20.635605,7.262914,-0.081730,,,,,
9,370,370.000000,agent_4,actor_logits,1,1,3,7.262914,-20.635607,7.344644,0.005388,0.999354,-20.635607,7.262914,-0.081730,,,,,
9,370,370.000000,agent_5,actor_logits,1,1,3,7.262913,-20.635607,7.344642,0.005388,0.999354,-20.635607,7.262913,-0.081729,,,,,
9,372,372.000000,agent_0,actor_logits,1,1,3,7.269520,-22.184240,4.101808,0.083158,0.983726,-22.184240,7.269520,3.167713,,,,,
9,372,372.000000,agent_1,actor_logits,1,1,3,7.269520,-22.184244,4.101807,0.083158,0.983726,-22.184244,7.269520,3.167713,,,,,
9,372,372.000000,agent_2,actor_logits,1,1,3,7.269519,-22.184242,4.101806,0.083158,0.983726,-22.184242,7.269519,3.167713,,,,,
9,372,372.000000,agent_3,actor_logits,1,1,3,7.269520,-22.184242,4.101808,0.083158,0.983726,-22.184242,7.269520,3.167713,,,,,
9,372,372.000000,agent_4,actor_logits,1,1,3,7.269520,-22.184240,4.101807,0.083158,0.983726,-22.184240,7.269520,3.167713,,,,,
9,372,372.000000,agent_5,actor_logits,1,1,3,7.269519,-22.184242,4.101806,0.083158,0.983726,-22.184242,7.269519,3.167714,,,,,
9,374,374.000000,agent_0,actor_logits,2,1,3,9.455441,-18.452814,10.036366,0.000483,0.999956,-18.452814,-0.580925,9.455441,,,,,
9,374,374.000000,agent_1,actor_logits,2,1,3,9.455441,-18.452814,10.036366,0.000483,0.999956,-18.452814,-0.580925,9.455441,,,,,
9,374,374.000000,agent_2,actor_logits,2,1,3,9.455441,-18.452814,10.036367,0.000483,0.999956,-18.452814,-0.580926,9.455441,,,,,
9,374,374.000000,agent_3,actor_logits,2,1,3,9.455441,-18.452814,10.036366,0.000483,0.999956,-18.452814,-0.580925,9.455441,,,,,
9,374,374.000000,agent_4,actor_logits,2,1,3,9.455441,-18.452814,10.036366,0.000483,0.999956,-18.452814,-0.580925,9.455441,,,,,
9,374,374.000000,agent_5,actor_logits,2,1,3,9.455441,-18.452812,10.036366,0.000483,0.999956,-18.452812,-0.580926,9.455441,,,,,
9,376,376.000000,agent_0,actor_logits,3,1,4,8.834150,-6.874563,6.328249,0.013318,0.998196,-6.874563,2.505901,-1.901335,8.834150,,,,
9,376,376.000000,agent_1,actor_logits,3,1,4,8.834150,-6.874563,6.328249,0.013318,0.998196,-6.874563,2.505901,-1.901335,8.834150,,,,
9,376,376.000000,agent_2,actor_logits,3,1,4,8.834150,-6.874563,6.328250,0.013318,0.998196,-6.874563,2.505901,-1.901334,8.834150,,,,
9,376,376.000000,agent_3,actor_logits,3,1,4,8.834150,-6.874563,6.328249,0.013318,0.998196,-6.874563,2.505901,-1.901335,8.834150,,,,
9,376,376.000000,agent_4,actor_logits,3,1,4,8.834151,-6.874563,6.328250,0.013318,0.998196,-6.874563,2.505901,-1.901335,8.834151,,,,
9,376,376.000000,agent_5,actor_logits,3,1,4,8.834150,-6.874563,6.328250,0.013318,0.998196,-6.874563,2.505900,-1.901334,8.834150,,,,
9,378,378.000000,agent_0,actor_logits,3,1,4,5.698453,-3.324697,5.296511,0.041086,0.993812,-1.116619,0.401942,-3.324697,5.698453,,,,
9,378,378.000000,agent_1,actor_logits,3,1,4,5.698453,-3.324697,5.296511,0.041086,0.993812,-1.116619,0.401942,-3.324697,5.698453,,,,
9,378,378.000000,agent_2,actor_logits,3,1,4,5.698453,-3.324697,5.296512,0.041086,0.993812,-1.116619,0.401942,-3.324697,5.698453,,,,
9,378,378.000000,agent_3,actor_logits,3,1,4,5.698453,-3.324697,5.296511,0.041086,0.993812,-1.116619,0.401943,-3.324697,5.698453,,,,
9,378,378.000000,agent_4,actor_logits,3,1,4,5.698453,-3.324696,5.296511,0.041086,0.993812,-1.116619,0.401942,-3.324696,5.698453,,,,
9,378,378.000000,agent_5,actor_logits,3,1,4,5.698454,-3.324697,5.296512,0.041086,0.993812,-1.116619,0.401942,-3.324697,5.698454,,,,
9,380,380.000000,agent_0,actor_logits,1,1,4,3.807899,-5.966308,2.624358,0.467648,0.873545,1.183541,3.807899,-5.966308,1.179826,,,,
9,380,380.000000,agent_1,actor_logits,1,1,4,3.807899,-5.966307,2.624358,0.467649,0.873545,1.183541,3.807899,-5.966307,1.179827,,,,
9,380,380.000000,agent_2,actor_logits,1,1,4,3.807898,-5.966307,2.624357,0.467649,0.873545,1.183541,3.807898,-5.966307,1.179827,,,,
9,380,380.000000,agent_3,actor_logits,1,1,4,3.807899,-5.966308,2.624357,0.467649,0.873545,1.183541,3.807899,-5.966308,1.179827,,,,
9,380,380.000000,agent_4,actor_logits,1,1,4,3.807899,-5.966307,2.624357,0.467649,0.873545,1.183541,3.807899,-5.966307,1.179826,,,,
9,380,380.000000,agent_5,actor_logits,1,1,4,3.807898,-5.966307,2.624357,0.467649,0.873545,1.183541,3.807898,-5.966307,1.179827,,,,
9,382,382.000000,agent_0,actor_logits,0,1,4,7.076458,-10.341908,4.717752,0.071069,0.988150,7.076458,2.358707,-10.341908,1.286263,,,,
9,382,382.000000,agent_1,actor_logits,0,1,4,7.076459,-10.341908,4.717752,0.071069,0.988150,7.076459,2.358706,-10.341908,1.286263,,,,
9,382,382.000000,agent_2,actor_logits,0,1,4,7.076458,-10.341908,4.717752,0.071069,0.988150,7.076458,2.358706,-10.341908,1.286263,,,,
9,382,382.000000,agent_3,actor_logits,0,1,4,7.076458,-10.341908,4.717752,0.071069,0.988150,7.076458,2.358706,-10.341908,1.286263,,,,
9,382,382.000000,agent_4,actor_logits,0,1,4,7.076459,-10.341908,4.717752,0.071069,0.988150,7.076459,2.358707,-10.341908,1.286263,,,,
9,382,382.000000,agent_5,actor_logits,0,1,4,7.076459,-10.341908,4.717753,0.071069,0.988150,7.076459,2.358706,-10.341908,1.286263,,,,
9,384,384.000000,agent_0,actor_logits,0,1,4,10.539557,-11.586422,6.752076,0.009088,0.998830,10.539557,-11.586422,-2.217046,3.787480,,,,
9,384,384.000000,agent_1,actor_logits,0,1,4,10.539557,-11.586422,6.752077,0.009088,0.998830,10.539557,-11.586422,-2.217047,3.787481,,,,
9,384,384.000000,agent_2,actor_logits,0,1,4,10.539557,-11.586422,6.752077,0.009088,0.998830,10.539557,-11.586422,-2.217046,3.787480,,,,
9,384,384.000000,agent_3,actor_logits,0,1,4,10.539557,-11.586422,6.752077,0.009088,0.998830,10.539557,-11.586422,-2.217047,3.787480,,,,
9,384,384.000000,agent_4,actor_logits,0,1,4,10.539557,-11.586422,6.752076,0.009088,0.998830,10.539557,-11.586422,-2.217046,3.787480,,,,
9,384,384.000000,agent_5,actor_logits,0,1,4,10.539557,-11.586422,6.752077,0.009088,0.998830,10.539557,-11.586422,-2.217046,3.787480,,,,
9,386,386.000000,agent_0,actor_logits,3,1,4,4.049204,-4.736596,0.521825,0.666804,0.627044,-4.736596,-2.679590,3.527379,4.049204,,,,
9,386,386.000000,agent_1,actor_logits,3,1,4,4.049204,-4.736597,0.521825,0.666804,0.627044,-4.736597,-2.679590,3.527379,4.049204,,,,
9,386,386.000000,agent_2,actor_logits,3,1,4,4.049205,-4.736596,0.521826,0.666804,0.627044,-4.736596,-2.679590,3.527379,4.049205,,,,
9,386,386.000000,agent_3,actor_logits,3,1,4,4.049204,-4.736597,0.521825,0.666804,0.627043,-4.736597,-2.679589,3.527379,4.049204,,,,
9,386,386.000000,agent_4,actor_logits,3,1,4,4.049204,-4.736596,0.521825,0.666804,0.627044,-4.736596,-2.679590,3.527379,4.049204,,,,
9,386,386.000000,agent_5,actor_logits,3,1,4,4.049204,-4.736596,0.521824,0.666804,0.627043,-4.736596,-2.679590,3.527380,4.049204,,,,
9,388,388.000000,agent_0,actor_logits,0,1,4,7.560338,-7.455149,5.132248,0.036521,0.994085,7.560338,-2.405314,-7.455149,2.428089,,,,
9,388,388.000000,agent_1,actor_logits,0,1,4,7.560338,-7.455149,5.132248,0.036521,0.994085,7.560338,-2.405314,-7.455149,2.428090,,,,
9,388,388.000000,agent_2,actor_logits,0,1,4,7.560338,-7.455149,5.132247,0.036521,0.994085,7.560338,-2.405314,-7.455149,2.428090,,,,
9,388,388.000000,agent_3,actor_logits,0,1,4,7.560337,-7.455149,5.132247,0.036521,0.994085,7.560337,-2.405314,-7.455149,2.428090,,,,
9,388,388.000000,agent_4,actor_logits,0,1,4,7.560338,-7.455149,5.132247,0.036521,0.994085,7.560338,-2.405315,-7.455149,2.428090,,,,
9,388,388.000000,agent_5,actor_logits,0,1,4,7.560338,-7.455149,5.132249,0.036521,0.994085,7.560338,-2.405315,-7.455149,2.428090,,,,
9,390,390.000000,agent_0,actor_logits,2,1,4,2.661294,-2.857750,1.789434,0.488326,0.844435,-1.669356,-2.857750,2.661294,0.871860,,,,
9,390,390.000000,agent_1,actor_logits,2,1,4,2.661294,-2.857750,1.789433,0.488326,0.844435,-1.669356,-2.857750,2.661294,0.871860,,,,
9,390,390.000000,agent_2,actor_logits,2,1,4,2.661294,-2.857751,1.789434,0.488326,0.844435,-1.669356,-2.857751,2.661294,0.871860,,,,
9,390,390.000000,agent_3,actor_logits,2,1,4,2.661293,-2.857750,1.789433,0.488326,0.844435,-1.669355,-2.857750,2.661293,0.871861,,,,
9,390,390.000000,agent_4,actor_logits,2,1,4,2.661294,-2.857751,1.789433,0.488326,0.844435,-1.669356,-2.857751,2.661294,0.871861,,,,
9,390,390.000000,agent_5,actor_logits,2,1,4,2.661295,-2.857751,1.789435,0.488326,0.844435,-1.669356,-2.857751,2.661295,0.871860,,,,
9,392,392.000000,agent_0,actor_logits,0,1,4,13.444401,-10.843525,13.133743,0.000029,0.999998,13.444401,-10.843525,-3.188542,0.310658,,,,
9,392,392.000000,agent_1,actor_logits,0,1,4,13.444401,-10.843525,13.133743,0.000029,0.999998,13.444401,-10.843525,-3.188543,0.310657,,,,
9,392,392.000000,agent_2,actor_logits,0,1,4,13.444401,-10.843523,13.133743,0.000029,0.999998,13.444401,-10.843523,-3.188542,0.310657,,,,
9,392,392.000000,agent_3,actor_logits,0,1,4,13.444401,-10.843525,13.133743,0.000029,0.999998,13.444401,-10.843525,-3.188543,0.310657,,,,
9,392,392.000000,agent_4,actor_logits,0,1,4,13.444399,-10.843524,13.133741,0.000029,0.999998,13.444399,-10.843524,-3.188542,0.310658,,,,
9,392,392.000000,agent_5,actor_logits,0,1,4,13.444401,-10.843525,13.133743,0.000029,0.999998,13.444401,-10.843525,-3.188542,0.310658,,,,
9,394,394.000000,agent_0,actor_logits,1,1,3,9.082466,-7.437289,15.714726,0.000004,1.000000,-7.437289,9.082466,-6.632260,,,,,
9,394,394.000000,agent_1,actor_logits,1,1,3,9.082466,-7.437289,15.714726,0.000004,1.000000,-7.437289,9.082466,-6.632260,,,,,
9,394,394.000000,agent_2,actor_logits,1,1,3,9.082466,-7.437289,15.714725,0.000004,1.000000,-7.437289,9.082466,-6.632260,,,,,
9,394,394.000000,agent_3,actor_logits,1,1,3,9.082465,-7.437289,15.714725,0.000004,1.000000,-7.437289,9.082465,-6.632260,,,,,
9,394,394.000000,agent_4,actor_logits,1,1,3,9.082467,-7.437290,15.714727,0.000004,1.000000,-7.437290,9.082467,-6.632260,,,,,
9,394,394.000000,agent_5,actor_logits,1,1,3,9.082466,-7.437289,15.714725,0.000004,1.000000,-7.437289,9.082466,-6.632259,,,,,
9,396,396.000000,agent_0,actor_logits,1,1,3,10.826258,-13.363622,17.410025,0.000000,1.000000,-13.363622,10.826258,-6.583766,,,,,
9,396,396.000000,agent_1,actor_logits,1,1,3,10.826259,-13.363622,17.410025,0.000000,1.000000,-13.363622,10.826259,-6.583766,,,,,
9,396,396.000000,agent_2,actor_logits,1,1,3,10.826259,-13.363622,17.410025,0.000000,1.000000,-13.363622,10.826259,-6.583766,,,,,
9,396,396.000000,agent_3,actor_logits,1,1,3,10.826258,-13.363622,17.410023,0.000000,1.000000,-13.363622,10.826258,-6.583766,,,,,
9,396,396.000000,agent_4,actor_logits,1,1,3,10.826259,-13.363623,17.410025,0.000000,1.000000,-13.363623,10.826259,-6.583766,,,,,
9,396,396.000000,agent_5,actor_logits,1,1,3,10.826259,-13.363622,17.410025,0.000000,1.000000,-13.363622,10.826259,-6.583766,,,,,
9,398,398.000000,agent_0,actor_logits,2,1,4,7.412296,-4.538865,9.163799,0.001564,0.999852,-2.788464,-4.538865,7.412296,-1.751503,,,,
9,398,398.000000,agent_1,actor_logits,2,1,4,7.412296,-4.538866,9.163800,0.001564,0.999852,-2.788464,-4.538866,7.412296,-1.751504,,,,
9,398,398.000000,agent_2,actor_logits,2,1,4,7.412296,-4.538866,9.163799,0.001564,0.999852,-2.788464,-4.538866,7.412296,-1.751504,,,,
9,398,398.000000,agent_3,actor_logits,2,1,4,7.412296,-4.538865,9.163800,0.001564,0.999852,-2.788464,-4.538865,7.412296,-1.751504,,,,
9,398,398.000000,agent_4,actor_logits,2,1,4,7.412296,-4.538865,9.163800,0.001564,0.999852,-2.788464,-4.538865,7.412296,-1.751504,,,,
9,398,398.000000,agent_5,actor_logits,2,1,4,7.412296,-4.538865,9.163800,0.001564,0.999852,-2.788464,-4.538865,7.412296,-1.751504,,,,
9,400,400.000000,agent_0,actor_logits,1,1,4,5.124635,-9.313542,1.437546,0.490158,0.807977,-3.686232,5.124635,3.687089,-9.313542,,,,
9,400,400.000000,agent_1,actor_logits,1,1,4,5.124635,-9.313542,1.437546,0.490158,0.807977,-3.686233,5.124635,3.687089,-9.313542,,,,
9,400,400.000000,agent_2,actor_logits,1,1,4,5.124635,-9.313542,1.437546,0.490158,0.807977,-3.686232,5.124635,3.687089,-9.313542,,,,
9,400,400.000000,agent_3,actor_logits,1,1,4,5.124636,-9.313543,1.437547,0.490158,0.807977,-3.686232,5.124636,3.687088,-9.313543,,,,
9,400,400.000000,agent_4,actor_logits,1,1,4,5.124637,-9.313543,1.437549,0.490158,0.807977,-3.686232,5.124637,3.687088,-9.313543,,,,
9,400,400.000000,agent_5,actor_logits,1,1,4,5.124635,-9.313543,1.437547,0.490158,0.807977,-3.686232,5.124635,3.687088,-9.313543,,,,
9,402,402.000000,agent_0,actor_logits,0,1,4,9.145432,-6.432041,6.632211,0.010065,0.998683,9.145432,-4.302120,-6.432041,2.513221,,,,
9,402,402.000000,agent_1,actor_logits,0,1,4,9.145432,-6.432041,6.632211,0.010065,0.998683,9.145432,-4.302120,-6.432041,2.513221,,,,
9,402,402.000000,agent_2,actor_logits,0,1,4,9.145432,-6.432041,6.632211,0.010065,0.998683,9.145432,-4.302120,-6.432041,2.513221,,,,
9,402,402.000000,agent_3,actor_logits,0,1,4,9.145432,-6.432040,6.632211,0.010065,0.998683,9.145432,-4.302120,-6.432040,2.513221,,,,
9,402,402.000000,agent_4,actor_logits,0,1,4,9.145432,-6.432041,6.632211,0.010065,0.998683,9.145432,-4.302119,-6.432041,2.513221,,,,
9,402,402.000000,agent_5,actor_logits,0,1,4,9.145432,-6.432041,6.632211,0.010065,0.998683,9.145432,-4.302120,-6.432041,2.513220,,,,
9,404,404.000000,agent_0,actor_logits,0,1,4,10.489532,-10.457411,8.073728,0.002882,0.999684,10.489532,-10.457411,-1.913503,2.415804,,,,
9,404,404.000000,agent_1,actor_logits,0,1,4,10.489532,-10.457411,8.073729,0.002882,0.999684,10.489532,-10.457411,-1.913502,2.415804,,,,
9,404,404.000000,agent_2,actor_logits,0,1,4,10.489532,-10.457411,8.073729,0.002882,0.999684,10.489532,-10.457411,-1.913503,2.415804,,,,
9,404,404.000000,agent_3,actor_logits,0,1,4,10.489532,-10.457411,8.073729,0.002882,0.999684,10.489532,-10.457411,-1.913502,2.415804,,,,
9,404,404.000000,agent_4,actor_logits,0,1,4,10.489532,-10.457411,8.073729,0.002882,0.999684,10.489532,-10.457411,-1.913503,2.415804,,,,
9,404,404.000000,agent_5,actor_logits,0,1,4,10.489532,-10.457411,8.073729,0.002882,0.999684,10.489532,-10.457411,-1.913503,2.415804,,,,
9,406,406.000000,agent_0,actor_logits,0,1,3,1.272117,-6.985832,0.355293,0.679002,0.587811,1.272117,0.916824,-6.985832,,,,,
9,406,406.000000,agent_1,actor_logits,0,1,3,1.272118,-6.985832,0.355294,0.679002,0.587811,1.272118,0.916824,-6.985832,,,,,
9,406,406.000000,agent_2,actor_logits,0,1,3,1.272118,-6.985832,0.355294,0.679002,0.587811,1.272118,0.916824,-6.985832,,,,,
9,406,406.000000,agent_3,actor_logits,0,1,3,1.272118,-6.985832,0.355294,0.679002,0.587811,1.272118,0.916823,-6.985832,,,,,
9,406,406.000000,agent_4,actor_logits,0,1,3,1.272118,-6.985832,0.355294,0.679002,0.587811,1.272118,0.916824,-6.985832,,,,,
9,406,406.000000,agent_5,actor_logits,0,1,3,1.272118,-6.985832,0.355294,0.679002,0.587811,1.272118,0.916824,-6.985832,,,,,
9,408,408.000000,agent_0,actor_logits,0,1,3,5.622556,-6.270394,9.215221,0.001105,0.999894,5.622556,-3.592666,-6.270394,,,,,
9,408,408.000000,agent_1,actor_logits,0,1,3,5.622555,-6.270393,9.215220,0.001105,0.999894,5.622555,-3.592665,-6.270393,,,,,
9,408,408.000000,agent_2,actor_logits,0,1,3,5.622555,-6.270393,9.215221,0.001105,0.999894,5.622555,-3.592666,-6.270393,,,,,
9,408,408.000000,agent_3,actor_logits,0,1,3,5.622556,-6.270393,9.215221,0.001105,0.999894,5.622556,-3.592666,-6.270393,,,,,
9,408,408.000000,agent_4,actor_logits,0,1,3,5.622556,-6.270393,9.215222,0.001105,0.999894,5.622556,-3.592666,-6.270393,,,,,
9,408,408.000000,agent_5,actor_logits,0,1,3,5.622555,-6.270393,9.215221,0.001105,0.999894,5.622555,-3.592666,-6.270393,,,,,
9,410,410.000000,agent_0,actor_logits,0,1,3,3.339480,-4.004940,5.756824,0.026657,0.996207,3.339480,-4.004940,-2.417344,,,,,
9,410,410.000000,agent_1,actor_logits,0,1,3,3.339480,-4.004940,5.756824,0.026657,0.996207,3.339480,-4.004940,-2.417344,,,,,
9,410,410.000000,agent_2,actor_logits,0,1,3,3.339479,-4.004941,5.756824,0.026657,0.996207,3.339479,-4.004941,-2.417344,,,,,
9,410,410.000000,agent_3,actor_logits,0,1,3,3.339480,-4.004940,5.756824,0.026657,0.996207,3.339480,-4.004940,-2.417344,,,,,
9,410,410.000000,agent_4,actor_logits,0,1,3,3.339480,-4.004941,5.756824,0.026657,0.996207,3.339480,-4.004941,-2.417344,,,,,
9,410,410.000000,agent_5,actor_logits,0,1,3,3.339479,-4.004941,5.756824,0.026657,0.996207,3.339479,-4.004941,-2.417344,,,,,
9,412,412.000000,agent_0,actor_logits,1,1,3,2.268236,-7.121553,2.341107,0.298136,0.912155,-0.072871,2.268236,-7.121553,,,,,
9,412,412.000000,agent_1,actor_logits,1,1,3,2.268237,-7.121554,2.341107,0.298136,0.912155,-0.072870,2.268237,-7.121554,,,,,
9,412,412.000000,agent_2,actor_logits,1,1,3,2.268237,-7.121554,2.341108,0.298136,0.912155,-0.072872,2.268237,-7.121554,,,,,
9,412,412.000000,agent_3,actor_logits,1,1,3,2.268237,-7.121554,2.341108,0.298136,0.912155,-0.072871,2.268237,-7.121554,,,,,
9,412,412.000000,agent_4,actor_logits,1,1,3,2.268237,-7.121554,2.341107,0.298136,0.912155,-0.072870,2.268237,-7.121554,,,,,
9,412,412.000000,agent_5,actor_logits,1,1,3,2.268237,-7.121553,2.341109,0.298136,0.912155,-0.072872,2.268237,-7.121553,,,,,
9,414,414.000000,agent_0,actor_logits,2,1,3,-0.364147,-3.571738,0.970983,0.700613,0.704640,-3.571738,-1.335129,-0.364147,,,,,
9,414,414.000000,agent_1,actor_logits,2,1,3,-0.364146,-3.571739,0.970983,0.700613,0.704640,-3.571739,-1.335129,-0.364146,,,,,
9,414,414.000000,agent_2,actor_logits,2,1,3,-0.364147,-3.571739,0.970982,0.700614,0.704640,-3.571739,-1.335129,-0.364147,,,,,
9,414,414.000000,agent_3,actor_logits,2,1,3,-0.364147,-3.571739,0.970982,0.700613,0.704640,-3.571739,-1.335128,-0.364147,,,,,
9,414,414.000000,agent_4,actor_logits,2,1,3,-0.364147,-3.571738,0.970982,0.700614,0.704640,-3.571738,-1.335129,-0.364147,,,,,
9,414,414.000000,agent_5,actor_logits,2,1,3,-0.364147,-3.571739,0.970982,0.700613,0.704640,-3.571739,-1.335129,-0.364147,,,,,
9,416,416.000000,agent_0,actor_logits,3,1,4,3.662488,-6.131490,2.332704,0.556394,0.837684,-6.131490,1.326126,1.329784,3.662488,,,,
9,416,416.000000,agent_1,actor_logits,3,1,4,3.662489,-6.131491,2.332704,0.556394,0.837684,-6.131491,1.326125,1.329785,3.662489,,,,
9,416,416.000000,agent_2,actor_logits,3,1,4,3.662489,-6.131492,2.332704,0.556394,0.837684,-6.131492,1.326125,1.329786,3.662489,,,,
9,416,416.000000,agent_3,actor_logits,3,1,4,3.662490,-6.131491,2.332705,0.556394,0.837684,-6.131491,1.326125,1.329785,3.662490,,,,
9,416,416.000000,agent_4,actor_logits,3,1,4,3.662488,-6.131491,2.332704,0.556394,0.837684,-6.131491,1.326126,1.329785,3.662488,,,,
9,416,416.000000,agent_5,actor_logits,3,1,4,3.662489,-6.131491,2.332703,0.556394,0.837684,-6.131491,1.326125,1.329786,3.662489,,,,
9,418,418.000000,agent_0,actor_logits,0,1,4,5.849986,-6.971155,2.069605,0.355635,0.887390,5.849986,-6.971155,-1.471358,3.780381,,,,
9,418,418.000000,agent_1,actor_logits,0,1,4,5.849985,-6.971156,2.069604,0.355635,0.887390,5.849985,-6.971156,-1.471357,3.780381,,,,
9,418,418.000000,agent_2,actor_logits,0,1,4,5.849985,-6.971156,2.069602,0.355636,0.887390,5.849985,-6.971156,-1.471357,3.780383,,,,
9,418,418.000000,agent_3,actor_logits,0,1,4,5.849985,-6.971156,2.069603,0.355635,0.887390,5.849985,-6.971156,-1.471357,3.780382,,,,
9,418,418.000000,agent_4,actor_logits,0,1,4,5.849986,-6.971156,2.069604,0.355635,0.887390,5.849986,-6.971156,-1.471358,3.780382,,,,
9,418,418.000000,agent_5,actor_logits,0,1,4,5.849985,-6.971156,2.069602,0.355635,0.887390,5.849985,-6.971156,-1.471357,3.780382,,,,
9,420,420.000000,agent_0,actor_logits,2,1,4,3.489856,-5.484313,2.516996,0.401215,0.895194,-5.484313,0.172492,3.489856,0.972860,,,,
9,420,420.000000,agent_1,actor_logits,2,1,4,3.489857,-5.484313,2.516998,0.401215,0.895194,-5.484313,0.172492,3.489857,0.972859,,,,
9,420,420.000000,agent_2,actor_logits,2,1,4,3.489858,-5.484313,2.516999,0.401215,0.895194,-5.484313,0.172491,3.489858,0.972859,,,,
9,420,420.000000,agent_3,actor_logits,2,1,4,3.489856,-5.484313,2.516998,0.401215,0.895194,-5.484313,0.172492,3.489856,0.972859,,,,
9,420,420.000000,agent_4,actor_logits,2,1,4,3.489856,-5.484312,2.516996,0.401215,0.895194,-5.484312,0.172493,3.489856,0.972860,,,,
9,420,420.000000,agent_5,actor_logits,2,1,4,3.489857,-5.484313,2.516998,0.401215,0.895194,-5.484313,0.172492,3.489857,0.972859,,,,
9,422,422.000000,agent_0,actor_logits,0,1,4,6.358044,-9.860520,3.402466,0.162602,0.964838,6.358044,-9.860520,0.598336,2.955579,,,,
9,422,422.000000,agent_1,actor_logits,0,1,4,6.358043,-9.860519,3.402465,0.162602,0.964838,6.358043,-9.860519,0.598336,2.955578,,,,
9,422,422.000000,agent_2,actor_logits,0,1,4,6.358043,-9.860519,3.402466,0.162602,0.964838,6.358043,-9.860519,0.598337,2.955577,,,,
9,422,422.000000,agent_3,actor_logits,0,1,4,6.358044,-9.860519,3.402466,0.162602,0.964838,6.358044,-9.860519,0.598336,2.955578,,,,
9,422,422.000000,agent_4,actor_logits,0,1,4,6.358045,-9.860519,3.402466,0.162602,0.964838,6.358045,-9.860519,0.598336,2.955579,,,,
9,422,422.000000,agent_5,actor_logits,0,1,4,6.358044,-9.860519,3.402466,0.162602,0.964838,6.358044,-9.860519,0.598336,2.955578,,,,
9,424,424.000000,agent_0,actor_logits,1,1,3,6.020148,-6.995150,12.096533,0.000104,0.999992,-6.995150,6.020148,-6.076384,,,,,
9,424,424.000000,agent_1,actor_logits,1,1,3,6.020149,-6.995150,12.096532,0.000104,0.999992,-6.995150,6.020149,-6.076383,,,,,
9,424,424.000000,agent_2,actor_logits,1,1,3,6.020148,-6.995150,12.096533,0.000104,0.999992,-6.995150,6.020148,-6.076384,,,,,
9,424,424.000000,agent_3,actor_logits,1,1,3,6.020149,-6.995149,12.096533,0.000104,0.999992,-6.995149,6.020149,-6.076384,,,,,
9,424,424.000000,agent_4,actor_logits,1,1,3,6.020149,-6.995150,12.096534,0.000104,0.999992,-6.995150,6.020149,-6.076385,,,,,
9,424,424.000000,agent_5,actor_logits,1,1,3,6.020149,-6.995149,12.096533,0.000104,0.999992,-6.995149,6.020149,-6.076384,,,,,
9,426,426.000000,agent_0,actor_logits,1,1,3,9.264711,-13.574733,14.426214,0.000008,0.999999,-13.574733,9.264711,-5.161503,,,,,
9,426,426.000000,agent_1,actor_logits,1,1,3,9.264711,-13.574733,14.426214,0.000008,0.999999,-13.574733,9.264711,-5.161502,,,,,
9,426,426.000000,agent_2,actor_logits,1,1,3,9.264712,-13.574734,14.426216,0.000008,0.999999,-13.574734,9.264712,-5.161503,,,,,
9,426,426.000000,agent_3,actor_logits,1,1,3,9.264710,-13.574731,14.426212,0.000008,0.999999,-13.574731,9.264710,-5.161502,,,,,
9,426,426.000000,agent_4,actor_logits,1,1,3,9.264711,-13.574733,14.426214,0.000008,0.999999,-13.574733,9.264711,-5.161503,,,,,
9,426,426.000000,agent_5,actor_logits,1,1,3,9.264711,-13.574733,14.426214,0.000008,0.999999,-13.574733,9.264711,-5.161502,,,,,
9,428,428.000000,agent_0,actor_logits,1,1,3,9.078728,-17.195107,11.206780,0.000166,0.999986,-17.195107,9.078728,-2.128052,,,,,
9,428,428.000000,agent_1,actor_logits,1,1,3,9.078728,-17.195107,11.206780,0.000166,0.999986,-17.195107,9.078728,-2.128052,,,,,
9,428,428.000000,agent_2,actor_logits,1,1,3,9.078729,-17.195105,11.206781,0.000166,0.999986,-17.195105,9.078729,-2.128053,,,,,
9,428,428.000000,agent_3,actor_logits,1,1,3,9.078728,-17.195107,11.206779,0.000166,0.999986,-17.195107,9.078728,-2.128052,,,,,
9,428,428.000000,agent_4,actor_logits,1,1,3,9.078728,-17.195105,11.206779,0.000166,0.999986,-17.195105,9.078728,-2.128052,,,,,
9,428,428.000000,agent_5,actor_logits,1,1,3,9.078729,-17.195107,11.206781,0.000166,0.999986,-17.195107,9.078729,-2.128053,,,,,
9,430,430.000000,agent_0,actor_logits,2,1,4,7.760660,-6.531042,4.417756,0.064709,0.988077,-4.504454,-6.531042,7.760660,3.342904,,,,
9,430,430.000000,agent_1,actor_logits,2,1,4,7.760661,-6.531043,4.417757,0.064709,0.988077,-4.504454,-6.531043,7.760661,3.342904,,,,
9,430,430.000000,agent_2,actor_logits,2,1,4,7.760660,-6.531042,4.417756,0.064709,0.988077,-4.504454,-6.531042,7.760660,3.342904,,,,
9,430,430.000000,agent_3,actor_logits,2,1,4,7.760661,-6.531043,4.417758,0.064709,0.988077,-4.504455,-6.531043,7.760661,3.342904,,,,
9,430,430.000000,agent_4,actor_logits,2,1,4,7.760660,-6.531042,4.417756,0.064709,0.988077,-4.504455,-6.531042,7.760660,3.342904,,,,
9,430,430.000000,agent_5,actor_logits,2,1,4,7.760660,-6.531042,4.417755,0.064709,0.988077,-4.504454,-6.531042,7.760660,3.342904,,,,
9,432,432.000000,agent_0,actor_logits,2,1,4,6.470054,-6.602608,4.826760,0.046883,0.992003,-6.602608,1.643294,6.470054,-3.501234,,,,
9,432,432.000000,agent_1,actor_logits,2,1,4,6.470055,-6.602609,4.826761,0.046883,0.992003,-6.602609,1.643294,6.470055,-3.501234,,,,
9,432,432.000000,agent_2,actor_logits,2,1,4,6.470055,-6.602609,4.826761,0.046883,0.992003,-6.602609,1.643294,6.470055,-3.501234,,,,
9,432,432.000000,agent_3,actor_logits,2,1,4,6.470056,-6.602609,4.826763,0.046883,0.992003,-6.602609,1.643293,6.470056,-3.501234,,,,
9,432,432.000000,agent_4,actor_logits,2,1,4,6.470055,-6.602609,4.826761,0.046883,0.992003,-6.602609,1.643294,6.470055,-3.501234,,,,
9,432,432.000000,agent_5,actor_logits,2,1,4,6.470054,-6.602609,4.826760,0.046883,0.992003,-6.602609,1.643294,6.470054,-3.501234,,,,
9,434,434.000000,agent_0,actor_logits,2,1,4,3.794095,-9.516473,2.458835,0.380303,0.899666,0.143927,1.335259,3.794095,-9.516473,,,,
9,434,434.000000,agent_1,actor_logits,2,1,4,3.794095,-9.516473,2.458836,0.380303,0.899667,0.143927,1.335259,3.794095,-9.516473,,,,
9,434,434.000000,agent_2,actor_logits,2,1,4,3.794095,-9.516473,2.458836,0.380303,0.899667,0.143927,1.335259,3.794095,-9.516473,,,,
9,434,434.000000,agent_3,actor_logits,2,1,4,3.794096,-9.516473,2.458838,0.380303,0.899667,0.143927,1.335258,3.794096,-9.516473,,,,
9,434,434.000000,agent_4,actor_logits,2,1,4,3.794095,-9.516473,2.458835,0.380303,0.899667,0.143927,1.335260,3.794095,-9.516473,,,,
9,434,434.000000,agent_5,actor_logits,2,1,4,3.794094,-9.516473,2.458835,0.380304,0.899666,0.143928,1.335259,3.794094,-9.516473,,,,
9,436,436.000000,agent_0,actor_logits,0,1,4,3.042723,-12.978694,0.399507,1.011260,0.499207,3.042723,2.643216,1.941691,-12.978694,,,,
9,436,436.000000,agent_1,actor_logits,0,1,4,3.042724,-12.978693,0.399508,1.011260,0.499207,3.042724,2.643216,1.941691,-12.978693,,,,
9,436,436.000000,agent_2,actor_logits,0,1,4,3.042724,-12.978694,0.399508,1.011260,0.499207,3.042724,2.643216,1.941691,-12.978694,,,,
9,436,436.000000,agent_3,actor_logits,0,1,4,3.042724,-12.978694,0.399508,1.011260,0.499207,3.042724,2.643216,1.941692,-12.978694,,,,
9,436,436.000000,agent_4,actor_logits,0,1,4,3.042724,-12.978693,0.399508,1.011260,0.499207,3.042724,2.643216,1.941691,-12.978693,,,,
9,436,436.000000,agent_5,actor_logits,0,1,4,3.042724,-12.978693,0.399508,1.011259,0.499207,3.042724,2.643216,1.941691,-12.978693,,,,
9,438,438.000000,agent_0,actor_logits,1,1,4,9.886553,-10.745996,10.333168,0.000396,0.999966,-0.446615,9.886553,-3.256636,-10.745996,,,,
9,438,438.000000,agent_1,actor_logits,1,1,4,9.886553,-10.745996,10.333167,0.000396,0.999966,-0.446615,9.886553,-3.256636,-10.745996,,,,
9,438,438.000000,agent_2,actor_logits,1,1,4,9.886553,-10.745996,10.333166,0.000396,0.999966,-0.446614,9.886553,-3.256636,-10.745996,,,,
9,438,438.000000,agent_3,actor_logits,1,1,4,9.886553,-10.745997,10.333166,0.000396,0.999966,-0.446613,9.886553,-3.256637,-10.745997,,,,
9,438,438.000000,agent_4,actor_logits,1,1,4,9.886553,-10.745996,10.333167,0.000396,0.999966,-0.446614,9.886553,-3.256636,-10.745996,,,,
9,438,438.000000,agent_5,actor_logits,1,1,4,9.886553,-10.745996,10.333167,0.000396,0.999966,-0.446614,9.886553,-3.256636,-10.745996,,,,
9,440,440.000000,agent_0,actor_logits,0,1,4,8.238143,-16.875566,1.562731,0.516854,0.817575,8.238143,6.675412,-16.875566,3.937947,,,,
9,440,440.000000,agent_1,actor_logits,0,1,4,8.238142,-16.875566,1.562731,0.516855,0.817575,8.238142,6.675411,-16.875566,3.937947,,,,
9,440,440.000000,agent_2,actor_logits,0,1,4,8.238143,-16.875566,1.562731,0.516854,0.817575,8.238143,6.675412,-16.875566,3.937948,,,,
9,440,440.000000,agent_3,actor_logits,0,1,4,8.238145,-16.875568,1.562734,0.516854,0.817576,8.238145,6.675411,-16.875568,3.937947,,,,
9,440,440.000000,agent_4,actor_logits,0,1,4,8.238143,-16.875566,1.562732,0.516854,0.817575,8.238143,6.675411,-16.875566,3.937947,,,,
9,440,440.000000,agent_5,actor_logits,0,1,4,8.238144,-16.875566,1.562733,0.516854,0.817576,8.238144,6.675411,-16.875566,3.937947,,,,
9,442,442.000000,agent_0,actor_logits,3,1,4,6.390213,-6.243073,2.182464,0.328663,0.898608,-3.239727,4.207749,-6.243073,6.390213,,,,
9,442,442.000000,agent_1,actor_logits,3,1,4,6.390213,-6.243072,2.182464,0.328663,0.898608,-3.239727,4.207749,-6.243072,6.390213,,,,
9,442,442.000000,agent_2,actor_logits,3,1,4,6.390213,-6.243072,2.182464,0.328663,0.898608,-3.239726,4.207749,-6.243072,6.390213,,,,
9,442,442.000000,agent_3,actor_logits,3,1,4,6.390213,-6.243072,2.182464,0.328663,0.898608,-3.239725,4.207749,-6.243072,6.390213,,,,
9,442,442.000000,agent_4,actor_logits,3,1,4,6.390213,-6.243072,2.182464,0.328663,0.898608,-3.239726,4.207749,-6.243072,6.390213,,,,
9,442,442.000000,agent_5,actor_logits,3,1,4,6.390213,-6.243072,2.182464,0.328663,0.898608,-3.239726,4.207749,-6.243072,6.390213,,,,
9,444,444.000000,agent_0,actor_logits,1,1,4,11.839886,-15.827065,6.630095,0.010216,0.998669,0.570095,11.839886,-15.827065,5.209790,,,,
9,444,444.000000,agent_1,actor_logits,1,1,4,11.839886,-15.827065,6.630095,0.010216,0.998669,0.570095,11.839886,-15.827065,5.209791,,,,
9,444,444.000000,agent_2,actor_logits,1,1,4,11.839886,-15.827065,6.630095,0.010216,0.998669,0.570095,11.839886,-15.827065,5.209791,,,,
9,444,444.000000,agent_3,actor_logits,1,1,4,11.839885,-15.827065,6.630094,0.010216,0.998669,0.570097,11.839885,-15.827065,5.209791,,,,
9,444,444.000000,agent_4,actor_logits,1,1,4,11.839886,-15.827065,6.630095,0.010216,0.998669,0.570096,11.839886,-15.827065,5.209791,,,,
9,444,444.000000,agent_5,actor_logits,1,1,4,11.839886,-15.827065,6.630095,0.010216,0.998669,0.570097,11.839886,-15.827065,5.209791,,,,
9,446,446.000000,agent_0,actor_logits,1,1,4,15.925134,-19.694796,11.210161,0.000171,0.999986,1.030151,15.925134,-19.694796,4.714972,,,,
9,446,446.000000,agent_1,actor_logits,1,1,4,15.925135,-19.694796,11.210162,0.000171,0.999986,1.030151,15.925135,-19.694796,4.714972,,,,
9,446,446.000000,agent_2,actor_logits,1,1,4,15.925134,-19.694796,11.210161,0.000171,0.999986,1.030151,15.925134,-19.694796,4.714973,,,,
9,446,446.000000,agent_3,actor_logits,1,1,4,15.925133,-19.694796,11.210161,0.000171,0.999986,1.030152,15.925133,-19.694796,4.714972,,,,
9,446,446.000000,agent_4,actor_logits,1,1,4,15.925134,-19.694796,11.210161,0.000171,0.999986,1.030151,15.925134,-19.694796,4.714973,,,,
9,446,446.000000,agent_5,actor_logits,1,1,4,15.925134,-19.694796,11.210161,0.000171,0.999986,1.030152,15.925134,-19.694796,4.714972,,,,
9,448,448.000000,agent_0,actor_logits,3,1,4,9.000965,-8.349563,7.279409,0.006529,0.999232,-0.447071,1.721556,-8.349563,9.000965,,,,
9,448,448.000000,agent_1,actor_logits,3,1,4,9.000965,-8.349563,7.279409,0.006529,0.999232,-0.447072,1.721556,-8.349563,9.000965,,,,
9,448,448.000000,agent_2,actor_logits,3,1,4,9.000965,-8.349563,7.279409,0.006529,0.999232,-0.447072,1.721556,-8.349563,9.000965,,,,
9,448,448.000000,agent_3,actor_logits,3,1,4,9.000964,-8.349562,7.279409,0.006529,0.999232,-0.447071,1.721555,-8.349562,9.000964,,,,
9,448,448.000000,agent_4,actor_logits,3,1,4,9.000964,-8.349563,7.279408,0.006529,0.999232,-0.447071,1.721555,-8.349563,9.000964,,,,
9,448,448.000000,agent_5,actor_logits,3,1,4,9.000965,-8.349563,7.279410,0.006529,0.999232,-0.447071,1.721555,-8.349563,9.000965,,,,
9,450,450.000000,agent_0,actor_logits,1,1,4,13.409799,-7.311852,16.078054,0.000002,1.000000,-5.473111,13.409799,-7.311852,-2.668256,,,,
9,450,450.000000,agent_1,actor_logits,1,1,4,13.409799,-7.311851,16.078054,0.000002,1.000000,-5.473112,13.409799,-7.311851,-2.668256,,,,
9,450,450.000000,agent_2,actor_logits,1,1,4,13.409800,-7.311852,16.078056,0.000002,1.000000,-5.473111,13.409800,-7.311852,-2.668256,,,,
9,450,450.000000,agent_3,actor_logits,1,1,4,13.409798,-7.311852,16.078054,0.000002,1.000000,-5.473110,13.409798,-7.311852,-2.668257,,,,
9,450,450.000000,agent_4,actor_logits,1,1,4,13.409798,-7.311851,16.078054,0.000002,1.000000,-5.473110,13.409798,-7.311851,-2.668256,,,,
9,450,450.000000,agent_5,actor_logits,1,1,4,13.409798,-7.311852,16.078053,0.000002,1.000000,-5.473110,13.409798,-7.311852,-2.668256,,,,
9,452,452.000000,agent_0,actor_logits,0,1,4,9.584477,-10.393564,5.686257,0.022676,0.996614,9.584477,-10.393564,-2.618588,3.898221,,,,
9,452,452.000000,agent_1,actor_logits,0,1,4,9.584478,-10.393564,5.686257,0.022676,0.996614,9.584478,-10.393564,-2.618588,3.898221,,,,
9,452,452.000000,agent_2,actor_logits,0,1,4,9.584477,-10.393564,5.686256,0.022677,0.996614,9.584477,-10.393564,-2.618588,3.898221,,,,
9,452,452.000000,agent_3,actor_logits,0,1,4,9.584478,-10.393564,5.686258,0.022676,0.996614,9.584478,-10.393564,-2.618588,3.898221,,,,
9,452,452.000000,agent_4,actor_logits,0,1,4,9.584478,-10.393565,5.686258,0.022676,0.996614,9.584478,-10.393565,-2.618588,3.898220,,,,
9,452,452.000000,agent_5,actor_logits,0,1,4,9.584477,-10.393564,5.686257,0.022676,0.996614,9.584477,-10.393564,-2.618588,3.898220,,,,
9,454,454.000000,agent_0,actor_logits,3,1,4,7.887229,-2.451348,9.362355,0.001896,0.999822,-1.840565,-1.475126,-2.451348,7.887229,,,,
9,454,454.000000,agent_1,actor_logits,3,1,4,7.887229,-2.451348,9.362355,0.001896,0.999822,-1.840564,-1.475126,-2.451348,7.887229,,,,
9,454,454.000000,agent_2,actor_logits,3,1,4,7.887229,-2.451348,9.362355,0.001896,0.999822,-1.840565,-1.475126,-2.451348,7.887229,,,,
9,454,454.000000,agent_3,actor_logits,3,1,4,7.887229,-2.451348,9.362355,0.001896,0.999822,-1.840564,-1.475126,-2.451348,7.887229,,,,
9,454,454.000000,agent_4,actor_logits,3,1,4,7.887228,-2.451349,9.362354,0.001896,0.999822,-1.840564,-1.475126,-2.451349,7.887228,,,,
9,454,454.000000,agent_5,actor_logits,3,1,4,7.887228,-2.451348,9.362354,0.001896,0.999822,-1.840564,-1.475126,-2.451348,7.887228,,,,
9,456,456.000000,agent_0,actor_logits,0,1,4,7.188733,-5.581365,4.342240,0.068851,0.987146,7.188733,-4.238543,-5.581365,2.846493,,,,
9,456,456.000000,agent_1,actor_logits,0,1,4,7.188735,-5.581365,4.342243,0.068851,0.987146,7.188735,-4.238543,-5.581365,2.846492,,,,
9,456,456.000000,agent_2,actor_logits,0,1,4,7.188735,-5.581365,4.342242,0.068851,0.987146,7.188735,-4.238543,-5.581365,2.846492,,,,
9,456,456.000000,agent_3,actor_logits,0,1,4,7.188735,-5.581365,4.342243,0.068851,0.987146,7.188735,-4.238543,-5.581365,2.846492,,,,
9,456,456.000000,agent_4,actor_logits,0,1,4,7.188735,-5.581365,4.342243,0.068851,0.987146,7.188735,-4.238543,-5.581365,2.846492,,,,
9,456,456.000000,agent_5,actor_logits,0,1,4,7.188734,-5.581366,4.342242,0.068851,0.987146,7.188734,-4.238543,-5.581366,2.846492,,,,
9,458,458.000000,agent_0,actor_logits,3,1,4,4.591612,-3.689777,4.597891,0.103899,0.981948,-0.006279,-0.229560,-3.689777,4.591612,,,,
9,458,458.000000,agent_1,actor_logits,3,1,4,4.591612,-3.689778,4.597890,0.103899,0.981948,-0.006278,-0.229560,-3.689778,4.591612,,,,
9,458,458.000000,agent_2,actor_logits,3,1,4,4.591612,-3.689778,4.597890,0.103899,0.981948,-0.006278,-0.229560,-3.689778,4.591612,,,,
9,458,458.000000,agent_3,actor_logits,3,1,4,4.591612,-3.689778,4.597890,0.103899,0.981948,-0.006278,-0.229561,-3.689778,4.591612,,,,
9,458,458.000000,agent_4,actor_logits,3,1,4,4.591612,-3.689778,4.597891,0.103899,0.981948,-0.006278,-0.229560,-3.689778,4.591612,,,,
9,458,458.000000,agent_5,actor_logits,3,1,4,4.591612,-3.689777,4.597890,0.103899,0.981948,-0.006278,-0.229561,-3.689777,4.591612,,,,
9,460,460.000000,agent_0,actor_logits,0,1,4,4.649395,-5.815748,3.162462,0.190135,0.956483,4.649395,-1.111894,-5.815748,1.486933,,,,
9,460,460.000000,agent_1,actor_logits,0,1,4,4.649395,-5.815748,3.162463,0.190135,0.956483,4.649395,-1.111894,-5.815748,1.486932,,,,
9,460,460.000000,agent_2,actor_logits,0,1,4,4.649395,-5.815748,3.162463,0.190135,0.956483,4.649395,-1.111894,-5.815748,1.486932,,,,
9,460,460.000000,agent_3,actor_logits,0,1,4,4.649395,-5.815749,3.162462,0.190135,0.956483,4.649395,-1.111894,-5.815749,1.486933,,,,
9,460,460.000000,agent_4,actor_logits,0,1,4,4.649396,-5.815749,3.162464,0.190135,0.956483,4.649396,-1.111894,-5.815749,1.486932,,,,
9,460,460.000000,agent_5,actor_logits,0,1,4,4.649395,-5.815748,3.162462,0.190135,0.956483,4.649395,-1.111893,-5.815748,1.486932,,,,
9,462,462.000000,agent_0,actor_logits,3,1,4,1.824994,-4.938561,0.242172,1.047041,0.452578,1.582821,0.965762,-4.938561,1.824994,,,,
9,462,462.000000,agent_1,actor_logits,3,1,4,1.824993,-4.938561,0.242172,1.047041,0.452578,1.582821,0.965764,-4.938561,1.824993,,,,
9,462,462.000000,agent_2,actor_logits,3,1,4,1.824994,-4.938561,0.242173,1.047041,0.452578,1.582821,0.965762,-4.938561,1.824994,,,,
9,462,462.000000,agent_3,actor_logits,3,1,4,1.824994,-4.938561,0.242173,1.047041,0.452578,1.582821,0.965762,-4.938561,1.824994,,,,
9,462,462.000000,agent_4,actor_logits,3,1,4,1.824994,-4.938562,0.242172,1.047041,0.452578,1.582821,0.965763,-4.938562,1.824994,,,,
9,462,462.000000,agent_5,actor_logits,3,1,4,1.824994,-4.938562,0.242173,1.047041,0.452578,1.582821,0.965763,-4.938562,1.824994,,,,
9,464,464.000000,agent_0,actor_logits,3,1,4,1.980080,-4.210084,0.834138,0.971490,0.578999,0.745027,1.145942,-4.210084,1.980080,,,,
9,464,464.000000,agent_1,actor_logits,3,1,4,1.980081,-4.210085,0.834138,0.971490,0.578999,0.745027,1.145943,-4.210085,1.980081,,,,
9,464,464.000000,agent_2,actor_logits,3,1,4,1.980079,-4.210084,0.834137,0.971490,0.578999,0.745027,1.145943,-4.210084,1.980079,,,,
9,464,464.000000,agent_3,actor_logits,3,1,4,1.980080,-4.210084,0.834137,0.971490,0.578999,0.745026,1.145943,-4.210084,1.980080,,,,
9,464,464.000000,agent_4,actor_logits,3,1,4,1.980081,-4.210085,0.834138,0.971490,0.578999,0.745027,1.145943,-4.210085,1.980081,,,,
9,464,464.000000,agent_5,actor_logits,3,1,4,1.980080,-4.210084,0.834137,0.971490,0.578999,0.745027,1.145943,-4.210084,1.980080,,,,
9,466,466.000000,agent_0,actor_logits,0,1,4,8.805365,-9.535864,7.690130,0.004317,0.999513,8.805365,1.115235,-9.535864,-1.600522,,,,
9,466,466.000000,agent_1,actor_logits,0,1,4,8.805365,-9.535865,7.690130,0.004317,0.999513,8.805365,1.115235,-9.535865,-1.600522,,,,
9,466,466.000000,agent_2,actor_logits,0,1,4,8.805365,-9.535863,7.690130,0.004317,0.999513,8.805365,1.115235,-9.535863,-1.600523,,,,
9,466,466.000000,agent_3,actor_logits,0,1,4,8.805365,-9.535864,7.690130,0.004317,0.999513,8.805365,1.115235,-9.535864,-1.600522,,,,
9,466,466.000000,agent_4,actor_logits,0,1,4,8.805365,-9.535865,7.690130,0.004317,0.999513,8.805365,1.115235,-9.535865,-1.600522,,,,
9,466,466.000000,agent_5,actor_logits,0,1,4,8.805365,-9.535865,7.690129,0.004317,0.999513,8.805365,1.115235,-9.535865,-1.600522,,,,
9,468,468.000000,agent_0,actor_logits,0,1,4,2.313550,-3.588516,2.149312,0.611791,0.817539,2.313550,-3.588516,0.164238,0.049084,,,,
9,468,468.000000,agent_1,actor_logits,0,1,4,2.313550,-3.588516,2.149312,0.611791,0.817539,2.313550,-3.588516,0.164238,0.049085,,,,
9,468,468.000000,agent_2,actor_logits,0,1,4,2.313550,-3.588517,2.149312,0.611791,0.817539,2.313550,-3.588517,0.164238,0.049085,,,,
9,468,468.000000,agent_3,actor_logits,0,1,4,2.313550,-3.588517,2.149313,0.611791,0.817539,2.313550,-3.588517,0.164237,0.049085,,,,
9,468,468.000000,agent_4,actor_logits,0,1,4,2.313550,-3.588516,2.149312,0.611791,0.817539,2.313550,-3.588516,0.164238,0.049085,,,,
9,468,468.000000,agent_5,actor_logits,0,1,4,2.313550,-3.588516,2.149313,0.611791,0.817539,2.313550,-3.588516,0.164237,0.049085,,,,
9,470,470.000000,agent_0,actor_logits,1,1,4,3.536892,-8.532413,2.070562,0.428277,0.873529,-0.444427,3.536892,1.466330,-8.532413,,,,
9,470,470.000000,agent_1,actor_logits,1,1,4,3.536892,-8.532412,2.070562,0.428277,0.873529,-0.444427,3.536892,1.466330,-8.532412,,,,
9,470,470.000000,agent_2,actor_logits,1,1,4,3.536892,-8.532413,2.070563,0.428277,0.873529,-0.444427,3.536892,1.466330,-8.532413,,,,
9,470,470.000000,agent_3,actor_logits,1,1,4,3.536892,-8.532412,2.070562,0.428277,0.873529,-0.444427,3.536892,1.466329,-8.532412,,,,
9,470,470.000000,agent_4,actor_logits,1,1,4,3.536892,-8.532412,2.070563,0.428277,0.873529,-0.444427,3.536892,1.466329,-8.532412,,,,
9,470,470.000000,agent_5,actor_logits,1,1,4,3.536892,-8.532413,2.070563,0.428277,0.873529,-0.444427,3.536892,1.466329,-8.532413,,,,
9,472,472.000000,agent_0,actor_logits,0,1,4,11.777958,-22.290524,2.703840,0.237412,0.936937,11.777958,9.074118,-22.290524,3.847239,,,,
9,472,472.000000,agent_1,actor_logits,0,1,4,11.777958,-22.290522,2.703839,0.237412,0.936937,11.777958,9.074119,-22.290522,3.847239,,,,
9,472,472.000000,agent_2,actor_logits,0,1,4,11.777958,-22.290522,2.703840,0.237412,0.936937,11.777958,9.074118,-22.290522,3.847239,,,,
9,472,472.000000,agent_3,actor_logits,0,1,4,11.777958,-22.290522,2.703840,0.237412,0.936937,11.777958,9.074118,-22.290522,3.847239,,,,
9,472,472.000000,agent_4,actor_logits,0,1,4,11.777958,-22.290524,2.703839,0.237412,0.936937,11.777958,9.074119,-22.290524,3.847239,,,,
9,472,472.000000,agent_5,actor_logits,0,1,4,11.777958,-22.290524,2.703840,0.237412,0.936937,11.777958,9.074118,-22.290524,3.847239,,,,
9,474,474.000000,agent_0,actor_logits,3,1,4,6.408146,-6.270309,5.756813,0.035406,0.994903,0.172651,0.651333,-6.270309,6.408146,,,,
9,474,474.000000,agent_1,actor_logits,3,1,4,6.408147,-6.270309,5.756814,0.035406,0.994903,0.172650,0.651333,-6.270309,6.408147,,,,
9,474,474.000000,agent_2,actor_logits,3,1,4,6.408147,-6.270309,5.756814,0.035406,0.994903,0.172650,0.651333,-6.270309,6.408147,,,,
9,474,474.000000,agent_3,actor_logits,3,1,4,6.408146,-6.270309,5.756813,0.035406,0.994903,0.172651,0.651333,-6.270309,6.408146,,,,
9,474,474.000000,agent_4,actor_logits,3,1,4,6.408146,-6.270309,5.756813,0.035406,0.994903,0.172650,0.651334,-6.270309,6.408146,,,,
9,474,474.000000,agent_5,actor_logits,3,1,4,6.408146,-6.270310,5.756813,0.035406,0.994903,0.172650,0.651334,-6.270310,6.408146,,,,
9,476,476.000000,agent_0,actor_logits,1,1,4,12.687845,-20.113337,6.221099,0.015661,0.997882,3.782336,12.687845,-20.113337,6.466746,,,,
9,476,476.000000,agent_1,actor_logits,1,1,4,12.687845,-20.113335,6.221098,0.015661,0.997882,3.782335,12.687845,-20.113335,6.466747,,,,
9,476,476.000000,agent_2,actor_logits,1,1,4,12.687844,-20.113335,6.221098,0.015661,0.997882,3.782336,12.687844,-20.113335,6.466746,,,,
9,476,476.000000,agent_3,actor_logits,1,1,4,12.687845,-20.113337,6.221099,0.015661,0.997882,3.782336,12.687845,-20.113337,6.466746,,,,
9,476,476.000000,agent_4,actor_logits,1,1,4,12.687845,-20.113335,6.221099,0.015661,0.997882,3.782336,12.687845,-20.113335,6.466746,,,,
9,476,476.000000,agent_5,actor_logits,1,1,4,12.687845,-20.113335,6.221099,0.015661,0.997882,3.782335,12.687845,-20.113335,6.466746,,,,
9,478,478.000000,agent_0,actor_logits,0,1,3,6.714163,-12.141048,7.581827,0.004372,0.999491,6.714163,-12.141048,-0.867664,,,,,
9,478,478.000000,agent_1,actor_logits,0,1,3,6.714163,-12.141047,7.581828,0.004372,0.999491,6.714163,-12.141047,-0.867665,,,,,
9,478,478.000000,agent_2,actor_logits,0,1,3,6.714165,-12.141048,7.581829,0.004372,0.999491,6.714165,-12.141048,-0.867664,,,,,
9,478,478.000000,agent_3,actor_logits,0,1,3,6.714164,-12.141048,7.581829,0.004372,0.999491,6.714164,-12.141048,-0.867664,,,,,
9,478,478.000000,agent_4,actor_logits,0,1,3,6.714164,-12.141048,7.581828,0.004372,0.999491,6.714164,-12.141048,-0.867664,,,,,
9,478,478.000000,agent_5,actor_logits,0,1,3,6.714164,-12.141047,7.581829,0.004372,0.999491,6.714164,-12.141047,-0.867665,,,,,
9,480,480.000000,agent_0,actor_logits,0,1,3,3.932209,-5.841209,7.345454,0.005997,0.999298,3.932209,-3.413244,-5.841209,,,,,
9,480,480.000000,agent_1,actor_logits,0,1,3,3.932209,-5.841208,7.345453,0.005997,0.999298,3.932209,-3.413245,-5.841208,,,,,
9,480,480.000000,agent_2,actor_logits,0,1,3,3.932210,-5.841209,7.345454,0.005997,0.999298,3.932210,-3.413244,-5.841209,,,,,
9,480,480.000000,agent_3,actor_logits,0,1,3,3.932209,-5.841208,7.345454,0.005997,0.999298,3.932209,-3.413245,-5.841208,,,,,
9,480,480.000000,agent_4,actor_logits,0,1,3,3.932209,-5.841208,7.345453,0.005997,0.999298,3.932209,-3.413245,-5.841208,,,,,
9,480,480.000000,agent_5,actor_logits,0,1,3,3.932209,-5.841208,7.345454,0.005997,0.999298,3.932209,-3.413245,-5.841208,,,,,
9,482,482.000000,agent_0,actor_logits,0,1,3,5.126423,-10.030287,4.925082,0.042749,0.992790,5.126423,0.201341,-10.030287,,,,,
9,482,482.000000,agent_1,actor_logits,0,1,3,5.126422,-10.030286,4.925081,0.042749,0.992790,5.126422,0.201341,-10.030286,,,,,
9,482,482.000000,agent_2,actor_logits,0,1,3,5.126423,-10.030287,4.925082,0.042749,0.992790,5.126423,0.201341,-10.030287,,,,,
9,482,482.000000,agent_3,actor_logits,0,1,3,5.126423,-10.030287,4.925082,0.042749,0.992790,5.126423,0.201341,-10.030287,,,,,
9,482,482.000000,agent_4,actor_logits,0,1,3,5.126423,-10.030287,4.925081,0.042749,0.992790,5.126423,0.201341,-10.030287,,,,,
9,482,482.000000,agent_5,actor_logits,0,1,3,5.126423,-10.030287,4.925081,0.042749,0.992790,5.126423,0.201341,-10.030287,,,,,
9,484,484.000000,agent_0,actor_logits,1,1,2,-7.948763,-8.755877,0.807113,0.617900,0.691494,-8.755877,-7.948763,,,,,,
9,484,484.000000,agent_1,actor_logits,1,1,2,-7.948764,-8.755877,0.807112,0.617900,0.691494,-8.755877,-7.948764,,,,,,
9,484,484.000000,agent_2,actor_logits,1,1,2,-7.948763,-8.755877,0.807113,0.617900,0.691494,-8.755877,-7.948763,,,,,,
9,484,484.000000,agent_3,actor_logits,1,1,2,-7.948764,-8.755877,0.807112,0.617900,0.691494,-8.755877,-7.948764,,,,,,
9,484,484.000000,agent_4,actor_logits,1,1,2,-7.948763,-8.755877,0.807113,0.617900,0.691494,-8.755877,-7.948763,,,,,,
9,484,484.000000,agent_5,actor_logits,1,1,2,-7.948763,-8.755877,0.807113,0.617900,0.691494,-8.755877,-7.948763,,,,,,
9,486,486.000000,agent_0,actor_logits,2,1,3,2.116590,-11.750270,0.919669,0.597647,0.714974,-11.750270,1.196921,2.116590,,,,,
9,486,486.000000,agent_1,actor_logits,2,1,3,2.116589,-11.750269,0.919669,0.597647,0.714974,-11.750269,1.196920,2.116589,,,,,
9,486,486.000000,agent_2,actor_logits,2,1,3,2.116590,-11.750270,0.919670,0.597647,0.714974,-11.750270,1.196921,2.116590,,,,,
9,486,486.000000,agent_3,actor_logits,2,1,3,2.116590,-11.750271,0.919669,0.597647,0.714974,-11.750271,1.196921,2.116590,,,,,
9,486,486.000000,agent_4,actor_logits,2,1,3,2.116590,-11.750271,0.919669,0.597647,0.714974,-11.750271,1.196921,2.116590,,,,,
9,486,486.000000,agent_5,actor_logits,2,1,3,2.116589,-11.750270,0.919668,0.597647,0.714974,-11.750270,1.196921,2.116589,,,,,
9,488,488.000000,agent_0,actor_logits,2,1,3,6.554865,-10.614136,10.239285,0.000402,0.999964,-10.614136,-3.684420,6.554865,,,,,
9,488,488.000000,agent_1,actor_logits,2,1,3,6.554865,-10.614136,10.239285,0.000402,0.999964,-10.614136,-3.684420,6.554865,,,,,
9,488,488.000000,agent_2,actor_logits,2,1,3,6.554864,-10.614136,10.239285,0.000402,0.999964,-10.614136,-3.684420,6.554864,,,,,
9,488,488.000000,agent_3,actor_logits,2,1,3,6.554864,-10.614136,10.239285,0.000402,0.999964,-10.614136,-3.684420,6.554864,,,,,
9,488,488.000000,agent_4,actor_logits,2,1,3,6.554865,-10.614136,10.239285,0.000402,0.999964,-10.614136,-3.684420,6.554865,,,,,
9,488,488.000000,agent_5,actor_logits,2,1,3,6.554865,-10.614136,10.239285,0.000402,0.999964,-10.614136,-3.684420,6.554865,,,,,
9,490,490.000000,agent_0,actor_logits,2,1,3,5.955671,-6.216034,12.012579,0.000147,0.999989,-6.056908,-6.216034,5.955671,,,,,
9,490,490.000000,agent_1,actor_logits,2,1,3,5.955670,-6.216033,12.012578,0.000147,0.999989,-6.056908,-6.216033,5.955670,,,,,
9,490,490.000000,agent_2,actor_logits,2,1,3,5.955670,-6.216034,12.012577,0.000147,0.999989,-6.056907,-6.216034,5.955670,,,,,
9,490,490.000000,agent_3,actor_logits,2,1,3,5.955670,-6.216034,12.012579,0.000147,0.999989,-6.056908,-6.216034,5.955670,,,,,
9,490,490.000000,agent_4,actor_logits,2,1,3,5.955671,-6.216034,12.012579,0.000147,0.999989,-6.056909,-6.216034,5.955671,,,,,
9,490,490.000000,agent_5,actor_logits,2,1,3,5.955671,-6.216033,12.012579,0.000147,0.999989,-6.056909,-6.216033,5.955671,,,,,
9,492,492.000000,agent_0,actor_logits,2,1,3,5.504880,-6.639377,8.456018,0.002080,0.999782,-6.639377,-2.951138,5.504880,,,,,
9,492,492.000000,agent_1,actor_logits,2,1,3,5.504879,-6.639377,8.456017,0.002080,0.999782,-6.639377,-2.951138,5.504879,,,,,
9,492,492.000000,agent_2,actor_logits,2,1,3,5.504880,-6.639377,8.456018,0.002080,0.999782,-6.639377,-2.951138,5.504880,,,,,
9,492,492.000000,agent_3,actor_logits,2,1,3,5.504879,-6.639377,8.456018,0.002080,0.999782,-6.639377,-2.951138,5.504879,,,,,
9,492,492.000000,agent_4,actor_logits,2,1,3,5.504879,-6.639377,8.456018,0.002080,0.999782,-6.639377,-2.951138,5.504879,,,,,
9,492,492.000000,agent_5,actor_logits,2,1,3,5.504879,-6.639377,8.456017,0.002080,0.999782,-6.639377,-2.951138,5.504879,,,,,
9,494,494.000000,agent_0,actor_logits,2,1,3,1.640383,-4.108637,2.582356,0.273769,0.926972,-0.941973,-4.108637,1.640383,,,,,
9,494,494.000000,agent_1,actor_logits,2,1,3,1.640382,-4.108636,2.582355,0.273769,0.926972,-0.941973,-4.108636,1.640382,,,,,
9,494,494.000000,agent_2,actor_logits,2,1,3,1.640383,-4.108636,2.582355,0.273769,0.926972,-0.941973,-4.108636,1.640383,,,,,
9,494,494.000000,agent_3,actor_logits,2,1,3,1.640382,-4.108636,2.582355,0.273769,0.926972,-0.941973,-4.108636,1.640382,,,,,
9,494,494.000000,agent_4,actor_logits,2,1,3,1.640383,-4.108636,2.582357,0.273769,0.926972,-0.941973,-4.108636,1.640383,,,,,
9,494,494.000000,agent_5,actor_logits,2,1,3,1.640383,-4.108636,2.582356,0.273769,0.926972,-0.941973,-4.108636,1.640383,,,,,
9,496,496.000000,agent_0,actor_logits,0,1,2,3.994939,-3.494933,7.489872,0.004741,0.999442,3.994939,-3.494933,,,,,,
9,496,496.000000,agent_1,actor_logits,0,1,2,3.994938,-3.494932,7.489871,0.004741,0.999442,3.994938,-3.494932,,,,,,
9,496,496.000000,agent_2,actor_logits,0,1,2,3.994939,-3.494933,7.489872,0.004741,0.999442,3.994939,-3.494933,,,,,,
9,496,496.000000,agent_3,actor_logits,0,1,2,3.994938,-3.494933,7.489871,0.004741,0.999442,3.994938,-3.494933,,,,,,
9,496,496.000000,agent_4,actor_logits,0,1,2,3.994938,-3.494933,7.489871,0.004741,0.999442,3.994938,-3.494933,,,,,,
9,496,496.000000,agent_5,actor_logits,0,1,2,3.994938,-3.494933,7.489871,0.004741,0.999442,3.994938,-3.494933,,,,,,
9,498,498.000000,agent_0,actor_logits,0,1,3,4.850363,-4.551453,7.516246,0.005490,0.999374,4.850363,-4.551453,-2.665883,,,,,
9,498,498.000000,agent_1,actor_logits,0,1,3,4.850362,-4.551454,7.516245,0.005490,0.999374,4.850362,-4.551454,-2.665883,,,,,
9,498,498.000000,agent_2,actor_logits,0,1,3,4.850363,-4.551454,7.516245,0.005490,0.999374,4.850363,-4.551454,-2.665882,,,,,
9,498,498.000000,agent_3,actor_logits,0,1,3,4.850362,-4.551454,7.516244,0.005490,0.999374,4.850362,-4.551454,-2.665882,,,,,
9,498,498.000000,agent_4,actor_logits,0,1,3,4.850362,-4.551454,7.516244,0.005490,0.999374,4.850362,-4.551454,-2.665882,,,,,
9,498,498.000000,agent_5,actor_logits,0,1,3,4.850363,-4.551454,7.516245,0.005490,0.999374,4.850363,-4.551454,-2.665883,,,,,
